65

9 8 3
4 5 3
7 15 3
2 9 3
1 2 3
6 3 3
13 14 3
12 1 3
1 5 3
15 2 3
4 1 3
15 5 3
2 11 3
3 4 3
4 11 3
16 1 3
15 1 3
10 16 3
11 4 3
10 6 3
7 9 3
2 16 3
12 6 3
13 6 3
15 7 3
10 1 3
10 11 3
13 4 3
7 6 3
1 6 3
8 1 3
14 15 3
2 6 3
2 7 3
1 7 3
8 10 3
6 2 3
9 2 3
3 9 3
15 9 3
11 10 3
10 13 3
12 10 3
14 9 3
4 15 3
6 8 3
15 4 3
5 3 3
8 5 3
16 11 3
9 13 3
5 4 3
15 8 3
6 7 3
8 7 3
5 6 3
7 8 3
7 4 3
13 7 3
9 6 3
6 13 3
10 9 3
10 14 3
16 6 3
1 14 3
