74

24 19 3
21 23 3
16 8 3
4 10 3
19 15 3
10 25 3
25 23 3
6 9 3
18 9 3
3 4 3
21 8 3
22 25 3
23 12 3
20 12 3
7 16 3
14 9 3
17 8 3
3 17 3
5 14 3
13 22 3
11 16 3
5 25 3
12 6 3
24 8 3
13 10 3
16 18 3
7 21 3
25 24 3
9 6 3
22 21 3
22 17 3
5 9 3
3 1 3
8 5 3
4 2 3
4 25 3
10 16 3
19 9 3
23 19 3
5 15 3
19 6 3
17 24 3
23 24 3
2 12 3
20 22 3
3 18 3
5 17 3
25 17 3
20 13 3
22 19 3
17 16 3
25 8 3
16 3 3
12 2 3
13 2 3
13 6 3
9 20 3
6 23 3
14 12 3
4 16 3
12 23 3
1 15 3
1 25 3
9 16 3
15 8 3
22 18 3
23 8 3
11 17 3
7 13 3
6 5 3
22 14 3
2 23 3
9 22 3
2 10 3
