DIMENSIONS
70 sommetsG2
65 sommetsG1
150 dem

SOMMETS
0  Sao-paulo  C  -23.53  -46.63
1  Rio-de-janeiro  C  -22.91  -43.2
2  Salvador  C  -12.97  -38.5
3  Belo-horizonte  C  -19.92  -43.94
4  Fortaleza  C  -3.78  -38.59
5  Brasilia  C  -15.78  -47.91
6  Curitiba  C  -25.42  -49.29
7  Manaus  C  -3.12  -60.02
8  Recife  C  -8.08  -34.92
9  Belem  C  -1.44  -48.5
10  Porto-alegre  C  -30.04  -51.22
11  Goiania  C  -16.72  -49.26
12  Guarulhos  C  -23.46  -46.49
13  Campinas  C  -22.91  -47.08
14  Nova-iguacu  C  -22.74  -43.47
15  Sao-goncalo  C  -22.84  -43.07
16  Sao-luis  C  -2.5  -44.3
17  Maceio  C  -9.65  -35.75
18  Duque-de-caxias  C  -22.77  -43.31
19  Natal  C  -5.8  -35.22
20  Sao-bernardo-do-campo  C  -23.71  -46.54
21  Teresina  C  -5.1  -42.8
22  Campo-grande  C  -20.45  -54.63
23  Osasco  C  -23.53  -46.78
24  Santo-andre  C  -23.65  -46.53
25  Jaboatao  C  -8.11  -35.02
26  Joao-pessoa  C  -7.12  -34.86
27  Contagem  T  -19.91  -44.1
28  Sao-jose-dos-campos  C  -23.2  -45.88
29  Ribeirao-preto  C  -21.17  -47.8
30  Sorocaba  C  -23.49  -47.47
31  Uberlandia  C  -18.9  -48.28
32  Cuiaba  C  -15.61  -56.09
33  Aracaju  C  -10.91  -37.07
34  Niteroi  C  -22.9  -43.13
35  Juiz-de-fora  C  -21.75  -43.36
36  Sao-joao-de-meriti  C  -22.8  -43.35
37  Belford-roxo  C  -22.75  -43.42
38  Feira-de-santana  C  -12.25  -38.97
39  Londrina  C  -23.3  -51.18
40  Joinville  C  -26.32  -48.84
41  Ananindeua  C  -1.38  -48.38
42  Santos  C  -23.95  -46.33
43  Aparecida-de-goiania  C  -16.82  -49.24
44  Campos  C  -21.75  -41.34
45  Diadema  C  -23.69  -46.61
46  Vila-velha  C  -20.32  -40.28
47  Maua  C  -23.66  -46.46
48  Florianopolis  C  -27.6  -48.54
49  Olinda  C  -8  -34.85
50  Sao-jose-do-rio-preto  C  -20.8  -49.39
51  Caxias-do-sul  C  -29.18  -51.17
52  Serra  C  -20.13  -40.32
53  Carapicuiba  C  -23.52  -46.84
54  Campina-grande  T  -7.23  -35.88
55  Betim  T  -19.97  -44.19
56  Piracicaba  C  -22.71  -47.64
57  Cariacica  C  -20.23  -40.37
58  Bauru  T  -22.33  -49.08
59  Macapa  C  0.04  -51.05
60  Canoas  C  -29.92  -51.18
61  Sao-vicente  C  -23.96  -46.39
62  Moji-das-cruzes  C  -23.52  -46.21
63  Jundiai  T  -23.2  -46.88
64  Montes-claros  C  -16.72  -43.86
65  Pelotas  C  -31.76  -52.34
66  Vitoria  C  -20.31  -40.31
67  Anapolis  C  -16.32  -48.96
68  Itaquaquecetuba  C  -23.47  -46.35
69  Porto-velho  C  -8.76  -63.91

DEMANDES
0 1 ( 0 68 1 ) ( 0 28 1 )
0 2 ( 0 3 2 ) ( 0 28 2 )
0 3 ( 0 12 3 ) ( 0 68 3 )
0 4 ( 0 68 4 ) ( 0 3 4 )
0 5 ( 0 23 13 5 ) ( 0 45 5 )
0 6 ( 0 23 6 ) ( 0 45 6 )
0 7 ( 0 56 7 ) ( 0 23 7 )
0 8 ( 0 33 8 ) ( 0 25 8 )
0 9 ( 0 5 9 ) ( 0 23 9 )
0 10 ( 0 40 10 ) ( 0 53 10 )
0 11 ( 0 43 11 ) ( 0 29 11 )
0 12 ( 0 68 12 ) ( 0 23 12 )
0 13 ( 0 23 13 ) ( 0 12 13 )
0 14 ( 0 68 14 ) ( 0 62 14 )
0 15 ( 0 68 15 ) ( 0 12 15 )
0 16 ( 0 12 16 ) ( 0 23 16 )
0 17 ( 0 3 17 ) ( 0 12 3 2 17 )
0 18 ( 0 12 36 18 ) ( 0 37 18 )
0 19 ( 0 38 19 ) ( 0 3 19 )
0 20 ( 0 24 20 ) ( 0 45 20 )
0 21 ( 0 12 21 ) ( 0 68 21 )
0 22 ( 0 53 22 ) ( 0 30 22 )
0 23 ( 0 24 23 ) ( 0 12 23 )
0 24 ( 0 53 24 ) ( 0 47 12 24 )
0 25 ( 0 3 25 ) ( 0 2 17 25 )
0 26 ( 0 3 26 ) ( 0 38 26 )
0 28 ( 0 62 28 ) ( 0 47 28 )
0 29 ( 0 23 29 ) ( 0 56 29 )
0 30 ( 0 23 30 ) ( 0 45 30 )
0 31 ( 0 13 31 ) ( 0 23 31 )
0 32 ( 0 56 32 ) ( 0 50 32 )
0 33 ( 0 3 33 ) ( 0 12 33 )
0 34 ( 0 1 34 ) ( 0 68 34 )
0 35 ( 0 68 35 ) ( 0 62 35 )
0 36 ( 0 62 36 ) ( 0 37 36 )
0 37 ( 0 68 37 ) ( 0 12 14 37 )
0 38 ( 0 12 38 ) ( 0 68 3 38 )
0 39 ( 0 53 30 39 ) ( 0 23 39 )
0 40 ( 0 23 40 ) ( 0 47 40 )
0 42 ( 0 61 42 ) ( 0 45 24 42 )
0 43 ( 0 23 43 ) ( 0 11 43 )
0 44 ( 0 62 44 ) ( 0 14 44 )
0 45 ( 0 24 20 45 ) ( 0 47 45 )
0 46 ( 0 28 46 ) ( 0 66 46 )
0 47 ( 0 12 47 ) ( 0 53 47 )
0 48 ( 0 45 48 ) ( 0 24 48 )
0 50 ( 0 13 50 ) ( 0 12 50 )
0 51 ( 0 40 51 ) ( 0 45 51 )
0 52 ( 0 12 52 ) ( 0 28 35 52 )
0 53 ( 0 20 53 ) ( 0 47 23 53 )
0 56 ( 0 45 56 ) ( 0 68 56 )
0 57 ( 0 12 57 ) ( 0 28 57 )
0 60 ( 0 23 60 ) ( 0 53 60 )
0 61 ( 0 42 61 ) ( 0 12 61 )
0 62 ( 0 24 62 ) ( 0 20 62 )
0 64 ( 0 68 64 ) ( 0 47 64 )
0 65 ( 0 40 10 65 ) ( 0 45 65 )
0 66 ( 0 35 66 ) ( 0 68 66 )
0 67 ( 0 31 67 ) ( 0 13 67 )
0 68 ( 0 47 68 ) ( 0 24 12 68 )
1 2 ( 1 36 2 ) ( 1 35 2 )
1 3 ( 1 36 3 ) ( 1 34 3 )
1 4 ( 1 34 4 ) ( 1 35 4 )
1 5 ( 1 18 5 ) ( 1 36 5 )
1 6 ( 1 42 6 ) ( 1 20 6 )
1 8 ( 1 17 8 ) ( 1 34 8 )
1 10 ( 1 48 10 ) ( 1 60 10 )
1 11 ( 1 18 11 ) ( 1 43 11 )
1 12 ( 1 62 12 ) ( 1 34 36 12 )
1 13 ( 1 36 13 ) ( 1 28 13 )
1 14 ( 1 18 14 ) ( 1 37 18 36 14 )
1 15 ( 1 34 15 ) ( 1 18 15 )
1 18 ( 1 36 18 ) ( 1 34 18 )
1 20 ( 1 47 20 ) ( 1 62 20 )
1 22 ( 1 36 22 ) ( 1 14 22 )
1 23 ( 1 68 23 ) ( 1 12 23 )
1 24 ( 1 47 24 ) ( 1 28 24 )
1 28 ( 1 18 28 ) ( 1 34 28 )
1 29 ( 1 36 29 ) ( 1 18 29 )
1 30 ( 1 28 30 ) ( 1 12 30 )
1 31 ( 1 14 31 ) ( 1 18 31 )
1 34 ( 1 14 34 ) ( 1 44 34 )
1 35 ( 1 18 35 ) ( 1 34 35 )
1 36 ( 1 18 36 ) ( 1 37 36 )
1 37 ( 1 36 37 ) ( 1 34 36 14 37 )
1 39 ( 1 28 39 ) ( 1 12 39 )
1 40 ( 1 18 40 ) ( 1 42 40 )
1 42 ( 1 37 42 ) ( 1 18 42 )
1 44 ( 1 36 44 ) ( 1 34 37 44 )
1 45 ( 1 47 45 ) ( 1 24 45 )
1 46 ( 1 15 46 ) ( 1 66 46 )
1 47 ( 1 62 68 47 ) ( 1 14 47 )
1 48 ( 1 18 48 ) ( 1 37 48 )
1 50 ( 1 36 14 50 ) ( 1 29 50 )
1 52 ( 1 15 52 ) ( 1 57 52 )
1 53 ( 1 12 53 ) ( 1 68 53 )
1 56 ( 1 13 56 ) ( 1 36 56 )
1 57 ( 1 34 46 57 ) ( 1 36 57 )
1 61 ( 1 42 61 ) ( 1 36 61 )
1 62 ( 1 37 62 ) ( 1 18 62 )
1 64 ( 1 35 64 ) ( 1 3 64 )
1 66 ( 1 15 66 ) ( 1 34 66 )
1 68 ( 1 36 68 ) ( 1 37 68 )
2 3 ( 2 64 3 ) ( 2 38 3 )
2 4 ( 2 33 4 ) ( 2 25 4 )
2 5 ( 2 64 5 ) ( 2 11 67 5 )
2 8 ( 2 33 8 ) ( 2 19 49 8 )
2 17 ( 2 19 17 ) ( 2 4 17 )
2 33 ( 2 17 33 ) ( 2 25 33 )
2 38 ( 2 8 38 ) ( 2 25 49 38 )
3 5 ( 3 67 5 ) ( 3 11 5 )
3 6 ( 3 30 6 ) ( 3 13 6 )
3 12 ( 3 68 12 ) ( 3 28 12 )
3 13 ( 3 28 13 ) ( 3 12 13 )
3 14 ( 3 35 14 ) ( 3 18 14 )
3 15 ( 3 36 15 ) ( 3 1 15 )
3 18 ( 3 37 18 ) ( 3 35 14 18 )
3 35 ( 3 14 35 ) ( 3 18 35 )
4 8 ( 4 49 8 ) ( 4 19 26 8 )
4 19 ( 4 26 19 ) ( 4 49 19 )
5 11 ( 5 67 11 ) ( 5 43 11 )
5 43 ( 5 11 43 ) ( 5 50 43 )
5 67 ( 5 31 67 ) ( 5 64 67 )
6 12 ( 6 23 12 ) ( 6 45 12 )
6 13 ( 6 45 13 ) ( 6 24 13 )
6 40 ( 6 48 40 ) ( 6 23 53 40 )
8 17 ( 8 33 17 ) ( 8 25 49 19 17 )
8 19 ( 8 26 19 ) ( 8 25 19 )
8 25 ( 8 17 25 ) ( 8 19 25 )
8 26 ( 8 49 26 ) ( 8 17 25 26 )
8 49 ( 8 25 49 ) ( 8 17 49 )
9 41 ( 9 59 41 ) ( 9 21 41 )
10 51 ( 10 60 51 ) ( 10 6 51 )
10 60 ( 10 51 60 ) ( 10 65 60 )
11 43 ( 11 67 43 ) ( 11 29 43 )
12 13 ( 12 0 13 ) ( 12 53 13 )
12 20 ( 12 24 20 ) ( 12 0 45 20 )
12 23 ( 12 0 23 ) ( 12 45 23 )
12 24 ( 12 47 24 ) ( 12 20 24 )
12 28 ( 12 68 28 ) ( 12 62 28 )
12 30 ( 12 53 30 ) ( 12 68 30 )
12 42 ( 12 24 42 ) ( 12 45 42 )
13 20 ( 13 0 45 20 ) ( 13 53 20 )
13 23 ( 13 24 23 ) ( 13 45 0 23 )
13 24 ( 13 23 0 24 ) ( 13 20 24 )
13 28 ( 13 68 28 ) ( 13 12 28 )
13 30 ( 13 53 30 ) ( 13 0 30 )
14 15 ( 14 18 15 ) ( 14 36 15 )
14 18 ( 14 37 18 ) ( 14 36 18 )
15 18 ( 15 34 18 ) ( 15 1 18 )

EOF