DIMENSIONS
25 sommetsG2
20 sommetsG1
150 dem

SOMMETS
0  Sao-paulo  C  -23.53  -46.63
1  Rio-de-janeiro  C  -22.91  -43.2
2  Salvador  C  -12.97  -38.5
3  Belo-horizonte  C  -19.92  -43.94
4  Fortaleza  T  -3.78  -38.59
5  Brasilia  C  -15.78  -47.91
6  Curitiba  C  -25.42  -49.29
7  Manaus  C  -3.12  -60.02
8  Recife  C  -8.08  -34.92
9  Belem  T  -1.44  -48.5
10  Porto-alegre  C  -30.04  -51.22
11  Goiania  C  -16.72  -49.26
12  Guarulhos  C  -23.46  -46.49
13  Campinas  C  -22.91  -47.08
14  Nova-iguacu  C  -22.74  -43.47
15  Sao-goncalo  C  -22.84  -43.07
16  Sao-luis  C  -2.5  -44.3
17  Maceio  C  -9.65  -35.75
18  Duque-de-caxias  C  -22.77  -43.31
19  Natal  T  -5.8  -35.22
20  Sao-bernardo-do-campo  C  -23.71  -46.54
21  Teresina  T  -5.1  -42.8
22  Campo-grande  T  -20.45  -54.63
23  Osasco  C  -23.53  -46.78
24  Santo-andre  C  -23.65  -46.53

DEMANDES
0 1 ( 0 24 1 ) ( 0 14 1 )
0 2 ( 0 3 2 ) ( 0 20 2 )
0 3 ( 0 24 12 3 ) ( 0 23 3 )
0 5 ( 0 13 5 ) ( 0 12 5 )
0 6 ( 0 24 6 ) ( 0 20 6 )
0 7 ( 0 13 7 ) ( 0 23 7 )
0 8 ( 0 3 8 ) ( 0 2 8 )
0 10 ( 0 23 10 ) ( 0 20 10 )
0 11 ( 0 13 11 ) ( 0 23 11 )
0 12 ( 0 24 12 ) ( 0 20 12 )
0 13 ( 0 23 13 ) ( 0 12 13 )
0 14 ( 0 12 14 ) ( 0 23 14 )
0 15 ( 0 12 15 ) ( 0 18 15 )
0 16 ( 0 23 16 ) ( 0 13 16 )
0 17 ( 0 3 17 ) ( 0 2 17 )
0 18 ( 0 14 18 ) ( 0 1 18 )
0 20 ( 0 12 24 20 ) ( 0 23 20 )
0 23 ( 0 12 24 23 ) ( 0 13 23 )
0 24 ( 0 20 24 ) ( 0 23 24 )
1 2 ( 1 15 2 ) ( 1 18 2 )
1 3 ( 1 18 3 ) ( 1 15 3 )
1 5 ( 1 15 5 ) ( 1 3 5 )
1 6 ( 1 24 6 ) ( 1 0 6 )
1 7 ( 1 18 7 ) ( 1 11 7 )
1 8 ( 1 2 8 ) ( 1 14 8 )
1 10 ( 1 15 10 ) ( 1 20 10 )
1 11 ( 1 15 11 ) ( 1 13 11 )
1 12 ( 1 24 12 ) ( 1 15 12 )
1 13 ( 1 14 13 ) ( 1 18 13 )
1 14 ( 1 15 14 ) ( 1 20 24 14 )
1 15 ( 1 3 15 ) ( 1 12 15 )
1 16 ( 1 3 16 ) ( 1 15 16 )
1 17 ( 1 14 17 ) ( 1 3 17 )
1 18 ( 1 14 18 ) ( 1 3 18 )
1 20 ( 1 24 20 ) ( 1 14 20 )
1 23 ( 1 12 23 ) ( 1 0 23 )
1 24 ( 1 20 24 ) ( 1 14 24 )
2 3 ( 2 14 3 ) ( 2 1 3 )
2 5 ( 2 11 5 ) ( 2 3 5 )
2 6 ( 2 13 6 ) ( 2 0 6 )
2 7 ( 2 5 7 ) ( 2 16 7 )
2 8 ( 2 16 8 ) ( 2 5 8 )
2 10 ( 2 12 10 ) ( 2 3 0 10 )
2 11 ( 2 5 11 ) ( 2 18 11 )
2 12 ( 2 3 12 ) ( 2 0 12 )
2 13 ( 2 3 13 ) ( 2 12 13 )
2 14 ( 2 18 15 14 ) ( 2 3 1 14 )
2 15 ( 2 1 18 15 ) ( 2 24 15 )
2 16 ( 2 8 16 ) ( 2 5 16 )
2 17 ( 2 8 17 ) ( 2 5 17 )
2 18 ( 2 14 18 ) ( 2 15 18 )
2 20 ( 2 3 20 ) ( 2 13 20 )
2 23 ( 2 3 23 ) ( 2 0 23 )
2 24 ( 2 3 24 ) ( 2 12 24 )
3 5 ( 3 18 1 5 ) ( 3 12 5 )
3 6 ( 3 23 6 ) ( 3 0 6 )
3 7 ( 3 11 7 ) ( 3 14 7 )
3 8 ( 3 2 8 ) ( 3 14 8 )
3 10 ( 3 12 10 ) ( 3 20 10 )
3 11 ( 3 14 11 ) ( 3 12 11 )
3 12 ( 3 20 12 ) ( 3 18 14 12 )
3 13 ( 3 0 13 ) ( 3 23 13 )
3 14 ( 3 18 14 ) ( 3 0 14 )
3 15 ( 3 1 15 ) ( 3 14 15 )
3 16 ( 3 5 16 ) ( 3 2 16 )
3 17 ( 3 18 2 17 ) ( 3 1 17 )
3 18 ( 3 1 18 ) ( 3 14 15 18 )
3 20 ( 3 24 20 ) ( 3 0 23 20 )
3 23 ( 3 0 23 ) ( 3 20 23 )
3 24 ( 3 0 12 24 ) ( 3 18 20 24 )
5 6 ( 5 13 6 ) ( 5 20 6 )
5 7 ( 5 3 7 ) ( 5 16 7 )
5 8 ( 5 17 8 ) ( 5 11 8 )
5 10 ( 5 13 10 ) ( 5 23 10 )
5 11 ( 5 23 11 ) ( 5 12 11 )
5 12 ( 5 13 12 ) ( 5 0 12 )
5 13 ( 5 11 13 ) ( 5 23 13 )
5 14 ( 5 18 14 ) ( 5 3 14 )
5 15 ( 5 1 15 ) ( 5 11 15 )
5 16 ( 5 3 16 ) ( 5 17 16 )
5 17 ( 5 2 17 ) ( 5 8 17 )
5 18 ( 5 3 14 18 ) ( 5 15 18 )
5 20 ( 5 23 20 ) ( 5 13 20 )
5 23 ( 5 13 23 ) ( 5 0 23 )
5 24 ( 5 20 24 ) ( 5 13 23 24 )
6 7 ( 6 11 7 ) ( 6 23 7 )
6 8 ( 6 13 8 ) ( 6 3 8 )
6 10 ( 6 23 10 ) ( 6 20 10 )
6 11 ( 6 23 11 ) ( 6 0 11 )
6 12 ( 6 0 24 12 ) ( 6 13 12 )
6 13 ( 6 23 13 ) ( 6 12 13 )
6 14 ( 6 12 14 ) ( 6 20 0 14 )
6 15 ( 6 1 15 ) ( 6 18 15 )
6 18 ( 6 24 18 ) ( 6 0 18 )
6 20 ( 6 24 20 ) ( 6 23 20 )
6 23 ( 6 24 23 ) ( 6 12 23 )
6 24 ( 6 0 23 24 ) ( 6 20 13 24 )
7 8 ( 7 2 8 ) ( 7 11 8 )
7 11 ( 7 16 11 ) ( 7 0 11 )
7 16 ( 7 5 16 ) ( 7 11 16 )
8 11 ( 8 2 11 ) ( 8 18 11 )
8 12 ( 8 2 12 ) ( 8 3 12 )
8 14 ( 8 17 14 ) ( 8 2 14 )
8 16 ( 8 2 16 ) ( 8 3 16 )
8 17 ( 8 16 17 ) ( 8 2 3 17 )
10 11 ( 10 12 11 ) ( 10 20 13 11 )
10 12 ( 10 0 12 ) ( 10 20 12 )
10 13 ( 10 6 13 ) ( 10 20 13 )
10 14 ( 10 1 14 ) ( 10 20 14 )
10 15 ( 10 1 15 ) ( 10 18 15 )
10 18 ( 10 14 18 ) ( 10 1 18 )
10 20 ( 10 0 20 ) ( 10 12 20 )
10 23 ( 10 6 23 ) ( 10 24 23 )
10 24 ( 10 20 24 ) ( 10 6 24 )
11 12 ( 11 13 12 ) ( 11 0 12 )
11 13 ( 11 23 13 ) ( 11 20 13 )
11 14 ( 11 1 14 ) ( 11 5 14 )
11 15 ( 11 18 15 ) ( 11 14 15 )
11 18 ( 11 1 18 ) ( 11 15 18 )
11 20 ( 11 0 20 ) ( 11 24 20 )
11 23 ( 11 0 23 ) ( 11 20 23 )
11 24 ( 11 12 24 ) ( 11 13 24 )
12 13 ( 12 0 13 ) ( 12 20 24 13 )
12 14 ( 12 24 14 ) ( 12 0 14 )
12 15 ( 12 1 18 15 ) ( 12 20 15 )
12 18 ( 12 14 18 ) ( 12 20 18 )
12 20 ( 12 24 20 ) ( 12 0 20 )
12 23 ( 12 24 20 23 ) ( 12 13 23 )
12 24 ( 12 23 20 0 24 ) ( 12 13 24 )
13 14 ( 13 12 14 ) ( 13 23 14 )
13 15 ( 13 18 15 ) ( 13 14 15 )
13 18 ( 13 14 18 ) ( 13 12 18 )
13 20 ( 13 0 24 20 ) ( 13 18 20 )
13 23 ( 13 12 23 ) ( 13 20 23 )
13 24 ( 13 0 24 ) ( 13 23 24 )
14 15 ( 14 18 15 ) ( 14 3 15 )
14 18 ( 14 1 18 ) ( 14 20 24 18 )
14 20 ( 14 24 20 ) ( 14 12 20 )
14 23 ( 14 24 23 ) ( 14 20 23 )
14 24 ( 14 20 24 ) ( 14 12 24 )
15 18 ( 15 1 12 18 ) ( 15 20 24 18 )
15 20 ( 15 18 20 ) ( 15 24 20 )
15 23 ( 15 20 24 23 ) ( 15 13 23 )
15 24 ( 15 18 24 ) ( 15 14 24 )
18 20 ( 18 24 20 ) ( 18 12 20 )
18 23 ( 18 12 23 ) ( 18 0 23 )
18 24 ( 18 12 24 ) ( 18 0 24 )
20 23 ( 20 12 24 23 ) ( 20 6 23 )
20 24 ( 20 12 24 ) ( 20 23 24 )
23 24 ( 23 12 24 ) ( 23 20 13 24 )

EOF