DIMENSIONS
20 sommetsG2
18 sommetsG1
80 dem

SOMMETS
0  Sao-paulo  C  -23.53  -46.63
1  Rio-de-janeiro  C  -22.91  -43.2
2  Salvador  C  -12.97  -38.5
3  Belo-horizonte  C  -19.92  -43.94
4  Fortaleza  C  -3.78  -38.59
5  Brasilia  C  -15.78  -47.91
6  Curitiba  C  -25.42  -49.29
7  Manaus  T  -3.12  -60.02
8  Recife  C  -8.08  -34.92
9  Belem  C  -1.44  -48.5
10  Porto-alegre  C  -30.04  -51.22
11  Goiania  C  -16.72  -49.26
12  Guarulhos  C  -23.46  -46.49
13  Campinas  C  -22.91  -47.08
14  Nova-iguacu  C  -22.74  -43.47
15  Sao-goncalo  C  -22.84  -43.07
16  Sao-luis  T  -2.5  -44.3
17  Maceio  C  -9.65  -35.75
18  Duque-de-caxias  C  -22.77  -43.31
19  Natal  C  -5.8  -35.22

DEMANDES
0 1 ( 0 14 1 ) ( 0 18 1 )
0 2 ( 0 12 2 ) ( 0 18 2 )
0 3 ( 0 12 3 ) ( 0 14 3 )
0 4 ( 0 2 4 ) ( 0 18 4 )
0 5 ( 0 11 5 ) ( 0 1 5 )
0 6 ( 0 13 6 ) ( 0 14 6 )
0 8 ( 0 2 8 ) ( 0 17 8 )
0 9 ( 0 12 9 ) ( 0 11 5 9 )
0 10 ( 0 12 10 ) ( 0 6 10 )
0 11 ( 0 5 11 ) ( 0 3 11 )
0 12 ( 0 14 12 ) ( 0 6 12 )
0 13 ( 0 12 13 ) ( 0 6 13 )
0 14 ( 0 12 14 ) ( 0 18 14 )
0 15 ( 0 1 15 ) ( 0 18 15 )
0 17 ( 0 3 17 ) ( 0 12 17 )
0 18 ( 0 14 18 ) ( 0 13 18 )
0 19 ( 0 17 19 ) ( 0 12 13 19 )
1 2 ( 1 15 2 ) ( 1 14 18 2 )
1 3 ( 1 18 3 ) ( 1 15 3 )
1 4 ( 1 14 4 ) ( 1 8 4 )
1 5 ( 1 14 5 ) ( 1 18 15 5 )
1 6 ( 1 14 6 ) ( 1 12 6 )
1 8 ( 1 17 8 ) ( 1 18 15 8 )
1 9 ( 1 3 9 ) ( 1 18 9 )
1 10 ( 1 15 10 ) ( 1 0 10 )
1 11 ( 1 14 11 ) ( 1 18 14 5 11 )
1 12 ( 1 18 12 ) ( 1 0 12 )
1 13 ( 1 14 13 ) ( 1 3 13 )
1 14 ( 1 12 14 ) ( 1 0 14 )
1 15 ( 1 14 15 ) ( 1 0 15 )
1 17 ( 1 18 17 ) ( 1 14 17 )
1 18 ( 1 14 18 ) ( 1 3 18 )
1 19 ( 1 18 19 ) ( 1 15 17 19 )
2 3 ( 2 1 3 ) ( 2 13 3 )
2 4 ( 2 8 4 ) ( 2 19 4 )
2 5 ( 2 11 5 ) ( 2 1 5 )
2 6 ( 2 13 6 ) ( 2 14 6 )
2 8 ( 2 19 8 ) ( 2 18 8 )
2 9 ( 2 19 17 9 ) ( 2 3 9 )
2 11 ( 2 5 11 ) ( 2 14 11 )
2 12 ( 2 13 12 ) ( 2 14 12 )
2 14 ( 2 15 14 ) ( 2 5 14 )
2 15 ( 2 3 15 ) ( 2 12 15 )
2 17 ( 2 19 17 ) ( 2 5 17 )
2 19 ( 2 17 19 ) ( 2 8 19 )
3 4 ( 3 5 4 ) ( 3 18 4 )
3 5 ( 3 18 5 ) ( 3 13 5 )
3 6 ( 3 13 6 ) ( 3 12 6 )
3 10 ( 3 12 10 ) ( 3 6 10 )
3 11 ( 3 5 11 ) ( 3 13 11 )
3 12 ( 3 13 0 12 ) ( 3 14 12 )
3 13 ( 3 12 13 ) ( 3 14 13 )
3 14 ( 3 1 14 ) ( 3 15 14 )
3 15 ( 3 18 15 ) ( 3 12 15 )
3 18 ( 3 15 1 18 ) ( 3 12 18 )
4 5 ( 4 11 5 ) ( 4 17 5 )
4 8 ( 4 17 8 ) ( 4 2 8 )
4 9 ( 4 8 9 ) ( 4 17 9 )
4 17 ( 4 8 19 17 ) ( 4 5 17 )
4 19 ( 4 8 19 ) ( 4 17 19 )
5 6 ( 5 11 6 ) ( 5 13 6 )
5 11 ( 5 13 11 ) ( 5 12 11 )
5 12 ( 5 0 12 ) ( 5 11 12 )
5 13 ( 5 11 13 ) ( 5 0 13 )
5 14 ( 5 18 14 ) ( 5 1 14 )
5 15 ( 5 18 15 ) ( 5 14 1 15 )
6 10 ( 6 0 10 ) ( 6 12 10 )
6 12 ( 6 13 12 ) ( 6 1 14 12 )
6 13 ( 6 14 13 ) ( 6 18 13 )
6 14 ( 6 0 14 ) ( 6 12 14 )
8 17 ( 8 4 17 ) ( 8 3 17 )
8 19 ( 8 17 19 ) ( 8 4 19 )
12 13 ( 12 0 13 ) ( 12 14 13 )
12 14 ( 12 1 14 ) ( 12 13 14 )
12 15 ( 12 18 15 ) ( 12 0 15 )
12 18 ( 12 1 18 ) ( 12 0 18 )
13 14 ( 13 0 14 ) ( 13 1 14 )
14 15 ( 14 18 15 ) ( 14 1 3 15 )
14 18 ( 14 1 18 ) ( 14 15 18 )
15 18 ( 15 1 18 ) ( 15 3 18 )

EOF