DIMENSIONS
14 sommetsG2
12 sommetsG1
60 dem

SOMMETS
0  Sao-paulo  C  -23.53  -46.63
1  Rio-de-janeiro  C  -22.91  -43.2
2  Salvador  C  -12.97  -38.5
3  Belo-horizonte  C  -19.92  -43.94
4  Fortaleza  C  -3.78  -38.59
5  Brasilia  T  -15.78  -47.91
6  Curitiba  C  -25.42  -49.29
7  Manaus  C  -3.12  -60.02
8  Recife  C  -8.08  -34.92
9  Belem  C  -1.44  -48.5
10  Porto-alegre  C  -30.04  -51.22
11  Goiania  T  -16.72  -49.26
12  Guarulhos  C  -23.46  -46.49
13  Campinas  C  -22.91  -47.08

DEMANDES
0 1 ( 0 12 1 ) ( 0 13 3 1 )
0 2 ( 0 3 2 ) ( 0 12 2 )
0 3 ( 0 13 3 ) ( 0 10 3 )
0 4 ( 0 12 4 ) ( 0 13 3 4 )
0 6 ( 0 3 6 ) ( 0 10 6 )
0 7 ( 0 12 3 7 ) ( 0 6 7 )
0 8 ( 0 3 8 ) ( 0 2 8 )
0 9 ( 0 12 9 ) ( 0 13 9 )
0 10 ( 0 6 10 ) ( 0 13 10 )
0 12 ( 0 6 12 ) ( 0 13 10 12 )
0 13 ( 0 6 13 ) ( 0 1 13 )
1 2 ( 1 3 2 ) ( 1 13 2 )
1 3 ( 1 13 3 ) ( 1 6 12 3 )
1 4 ( 1 3 4 ) ( 1 8 4 )
1 6 ( 1 12 6 ) ( 1 10 6 )
1 7 ( 1 13 7 ) ( 1 12 7 )
1 8 ( 1 13 8 ) ( 1 4 8 )
1 9 ( 1 0 9 ) ( 1 6 9 )
1 10 ( 1 12 10 ) ( 1 0 10 )
1 12 ( 1 6 12 ) ( 1 2 12 )
1 13 ( 1 12 0 13 ) ( 1 6 13 )
2 3 ( 2 0 3 ) ( 2 8 3 )
2 4 ( 2 8 4 ) ( 2 13 4 )
2 6 ( 2 13 6 ) ( 2 3 0 6 )
2 7 ( 2 9 7 ) ( 2 4 7 )
2 8 ( 2 4 8 ) ( 2 3 8 )
2 9 ( 2 3 12 9 ) ( 2 6 9 )
2 10 ( 2 3 10 ) ( 2 0 10 )
2 12 ( 2 13 0 12 ) ( 2 1 0 6 12 )
2 13 ( 2 6 13 ) ( 2 8 13 )
3 4 ( 3 1 4 ) ( 3 12 4 )
3 6 ( 3 12 6 ) ( 3 10 6 )
3 7 ( 3 12 7 ) ( 3 0 7 )
3 8 ( 3 1 8 ) ( 3 4 8 )
3 9 ( 3 1 9 ) ( 3 0 9 )
3 10 ( 3 12 10 ) ( 3 0 10 )
3 12 ( 3 13 0 12 ) ( 3 6 12 )
3 13 ( 3 1 13 ) ( 3 6 13 )
4 6 ( 4 0 6 ) ( 4 12 6 )
4 7 ( 4 8 7 ) ( 4 2 7 )
4 8 ( 4 9 8 ) ( 4 3 8 )
4 9 ( 4 3 9 ) ( 4 13 9 )
4 10 ( 4 13 10 ) ( 4 3 10 )
4 12 ( 4 3 12 ) ( 4 13 12 )
4 13 ( 4 12 13 ) ( 4 0 13 )
6 7 ( 6 13 12 0 7 ) ( 6 1 7 )
6 8 ( 6 13 2 8 ) ( 6 3 8 )
6 9 ( 6 12 9 ) ( 6 3 9 )
6 10 ( 6 12 0 10 ) ( 6 13 1 10 )
6 12 ( 6 0 12 ) ( 6 13 0 10 12 )
6 13 ( 6 0 13 ) ( 6 12 13 )
7 8 ( 7 4 8 ) ( 7 12 8 )
7 9 ( 7 3 9 ) ( 7 12 9 )
7 10 ( 7 12 10 ) ( 7 0 6 10 )
8 9 ( 8 4 9 ) ( 8 3 9 )
8 12 ( 8 3 12 ) ( 8 0 12 )
8 13 ( 8 2 13 ) ( 8 1 13 )
10 12 ( 10 0 12 ) ( 10 6 12 )
10 13 ( 10 6 13 ) ( 10 12 13 )
12 13 ( 12 0 13 ) ( 12 1 3 13 )

EOF