DIMENSIONS
16 sommetsG2
14 sommetsG1
50 dem

SOMMETS
0  Sao-paulo  C  -23.53  -46.63
1  Rio-de-janeiro  C  -22.91  -43.2
2  Salvador  C  -12.97  -38.5
3  Belo-horizonte  C  -19.92  -43.94
4  Fortaleza  C  -3.78  -38.59
5  Brasilia  C  -15.78  -47.91
6  Curitiba  T  -25.42  -49.29
7  Manaus  C  -3.12  -60.02
8  Recife  C  -8.08  -34.92
9  Belem  C  -1.44  -48.5
10  Porto-alegre  C  -30.04  -51.22
11  Goiania  C  -16.72  -49.26
12  Guarulhos  C  -23.46  -46.49
13  Campinas  T  -22.91  -47.08
14  Nova-iguacu  C  -22.74  -43.47
15  Sao-goncalo  C  -22.84  -43.07

DEMANDES
0 1 ( 0 12 1 ) ( 0 15 1 )
0 2 ( 0 14 2 ) ( 0 12 14 1 2 )
0 3 ( 0 12 3 ) ( 0 1 3 )
0 4 ( 0 12 4 ) ( 0 3 4 )
0 5 ( 0 3 5 ) ( 0 14 5 )
0 7 ( 0 12 7 ) ( 0 11 5 7 )
0 8 ( 0 3 8 ) ( 0 12 8 )
0 9 ( 0 12 11 9 ) ( 0 1 9 )
0 10 ( 0 14 10 ) ( 0 12 1 10 )
0 11 ( 0 5 11 ) ( 0 14 11 )
0 12 ( 0 14 12 ) ( 0 3 12 )
0 14 ( 0 12 14 ) ( 0 15 14 )
0 15 ( 0 14 15 ) ( 0 11 1 15 )
1 2 ( 1 14 2 ) ( 1 0 2 )
1 3 ( 1 15 3 ) ( 1 12 3 )
1 4 ( 1 3 4 ) ( 1 2 4 )
1 5 ( 1 15 5 ) ( 1 11 5 )
1 7 ( 1 14 7 ) ( 1 15 7 )
1 8 ( 1 2 8 ) ( 1 0 8 )
1 9 ( 1 3 9 ) ( 1 15 14 9 )
1 10 ( 1 15 10 ) ( 1 14 15 12 10 )
1 11 ( 1 14 11 ) ( 1 3 11 )
1 12 ( 1 14 12 ) ( 1 0 12 )
1 14 ( 1 15 14 ) ( 1 3 14 )
1 15 ( 1 14 11 15 ) ( 1 5 11 3 15 )
2 3 ( 2 14 3 ) ( 2 15 3 )
2 4 ( 2 5 4 ) ( 2 9 4 )
2 5 ( 2 11 5 ) ( 2 3 5 )
2 8 ( 2 4 8 ) ( 2 3 8 )
2 9 ( 2 4 9 ) ( 2 3 9 )
2 11 ( 2 5 11 ) ( 2 15 11 )
2 14 ( 2 1 14 ) ( 2 12 14 )
2 15 ( 2 14 15 ) ( 2 0 15 )
3 4 ( 3 1 4 ) ( 3 11 4 )
3 5 ( 3 14 5 ) ( 3 12 5 )
3 10 ( 3 14 10 ) ( 3 11 10 )
3 11 ( 3 5 11 ) ( 3 14 11 )
3 12 ( 3 14 0 12 ) ( 3 15 12 )
3 14 ( 3 1 15 14 ) ( 3 12 14 )
3 15 ( 3 1 15 ) ( 3 14 15 )
4 5 ( 4 11 5 ) ( 4 8 5 )
4 8 ( 4 5 2 8 ) ( 4 3 8 )
4 9 ( 4 2 9 ) ( 4 5 9 )
5 11 ( 5 12 0 11 ) ( 5 14 11 )
5 12 ( 5 0 12 ) ( 5 1 14 12 )
5 14 ( 5 1 14 ) ( 5 15 14 )
5 15 ( 5 3 15 ) ( 5 11 15 )
12 14 ( 12 0 14 ) ( 12 3 14 )
12 15 ( 12 1 15 ) ( 12 14 15 )
14 15 ( 14 1 15 ) ( 14 12 15 )

EOF