DIMENSIONS
75 sommetsG2
70 sommetsG1
150 dem

SOMMETS
0  Sao-paulo  C  -23.53  -46.63
1  Rio-de-janeiro  C  -22.91  -43.2
2  Salvador  C  -12.97  -38.5
3  Belo-horizonte  C  -19.92  -43.94
4  Fortaleza  C  -3.78  -38.59
5  Brasilia  C  -15.78  -47.91
6  Curitiba  C  -25.42  -49.29
7  Manaus  C  -3.12  -60.02
8  Recife  C  -8.08  -34.92
9  Belem  C  -1.44  -48.5
10  Porto-alegre  C  -30.04  -51.22
11  Goiania  C  -16.72  -49.26
12  Guarulhos  C  -23.46  -46.49
13  Campinas  C  -22.91  -47.08
14  Nova-iguacu  C  -22.74  -43.47
15  Sao-goncalo  C  -22.84  -43.07
16  Sao-luis  C  -2.5  -44.3
17  Maceio  C  -9.65  -35.75
18  Duque-de-caxias  C  -22.77  -43.31
19  Natal  C  -5.8  -35.22
20  Sao-bernardo-do-campo  C  -23.71  -46.54
21  Teresina  C  -5.1  -42.8
22  Campo-grande  C  -20.45  -54.63
23  Osasco  C  -23.53  -46.78
24  Santo-andre  C  -23.65  -46.53
25  Jaboatao  C  -8.11  -35.02
26  Joao-pessoa  C  -7.12  -34.86
27  Contagem  C  -19.91  -44.1
28  Sao-jose-dos-campos  C  -23.2  -45.88
29  Ribeirao-preto  T  -21.17  -47.8
30  Sorocaba  C  -23.49  -47.47
31  Uberlandia  C  -18.9  -48.28
32  Cuiaba  C  -15.61  -56.09
33  Aracaju  C  -10.91  -37.07
34  Niteroi  C  -22.9  -43.13
35  Juiz-de-fora  C  -21.75  -43.36
36  Sao-joao-de-meriti  C  -22.8  -43.35
37  Belford-roxo  C  -22.75  -43.42
38  Feira-de-santana  C  -12.25  -38.97
39  Londrina  C  -23.3  -51.18
40  Joinville  C  -26.32  -48.84
41  Ananindeua  C  -1.38  -48.38
42  Santos  C  -23.95  -46.33
43  Aparecida-de-goiania  C  -16.82  -49.24
44  Campos  C  -21.75  -41.34
45  Diadema  C  -23.69  -46.61
46  Vila-velha  C  -20.32  -40.28
47  Maua  C  -23.66  -46.46
48  Florianopolis  C  -27.6  -48.54
49  Olinda  C  -8  -34.85
50  Sao-jose-do-rio-preto  C  -20.8  -49.39
51  Caxias-do-sul  C  -29.18  -51.17
52  Serra  C  -20.13  -40.32
53  Carapicuiba  C  -23.52  -46.84
54  Campina-grande  C  -7.23  -35.88
55  Betim  C  -19.97  -44.19
56  Piracicaba  C  -22.71  -47.64
57  Cariacica  C  -20.23  -40.37
58  Bauru  T  -22.33  -49.08
59  Macapa  T  0.04  -51.05
60  Canoas  C  -29.92  -51.18
61  Sao-vicente  C  -23.96  -46.39
62  Moji-das-cruzes  C  -23.52  -46.21
63  Jundiai  T  -23.2  -46.88
64  Montes-claros  C  -16.72  -43.86
65  Pelotas  C  -31.76  -52.34
66  Vitoria  C  -20.31  -40.31
67  Anapolis  C  -16.32  -48.96
68  Itaquaquecetuba  T  -23.47  -46.35
69  Porto-velho  C  -8.76  -63.91
70  Maringa  C  -23.41  -51.93
71  Franca  C  -20.53  -47.39
72  Guaruja  C  -24  -46.27
73  Ribeirao-das-neves  C  -19.76  -44.08
74  Ponta-grossa  C  -25.09  -50.16

DEMANDES
0 1 ( 0 62 1 ) ( 0 24 1 )
0 2 ( 0 3 2 ) ( 0 55 2 )
0 3 ( 0 55 3 ) ( 0 27 3 )
0 4 ( 0 55 73 4 ) ( 0 3 4 )
0 5 ( 0 71 5 ) ( 0 12 5 )
0 6 ( 0 23 6 ) ( 0 47 6 )
0 7 ( 0 31 7 ) ( 0 43 7 )
0 8 ( 0 2 8 ) ( 0 55 8 )
0 9 ( 0 5 9 ) ( 0 13 71 9 )
0 10 ( 0 23 10 ) ( 0 53 10 )
0 11 ( 0 43 11 ) ( 0 31 11 )
0 12 ( 0 45 12 ) ( 0 20 12 )
0 13 ( 0 23 13 ) ( 0 45 13 )
0 14 ( 0 12 14 ) ( 0 20 14 )
0 15 ( 0 1 15 ) ( 0 34 15 )
0 16 ( 0 12 16 ) ( 0 13 16 )
0 17 ( 0 3 17 ) ( 0 27 17 )
0 18 ( 0 36 18 ) ( 0 37 18 )
0 19 ( 0 55 19 ) ( 0 3 19 )
0 20 ( 0 47 20 ) ( 0 23 24 20 )
0 21 ( 0 12 21 ) ( 0 53 21 )
0 22 ( 0 23 22 ) ( 0 53 22 )
0 23 ( 0 20 23 ) ( 0 12 53 23 )
0 24 ( 0 20 24 ) ( 0 47 24 )
0 25 ( 0 2 25 ) ( 0 55 25 )
0 27 ( 0 55 27 ) ( 0 28 27 )
0 28 ( 0 12 28 ) ( 0 47 24 28 )
0 30 ( 0 53 23 30 ) ( 0 45 30 )
0 31 ( 0 13 31 ) ( 0 71 31 )
0 32 ( 0 53 32 ) ( 0 12 32 )
0 34 ( 0 62 34 ) ( 0 12 34 )
0 35 ( 0 12 35 ) ( 0 24 35 )
0 36 ( 0 28 36 ) ( 0 12 62 36 )
0 37 ( 0 24 37 ) ( 0 20 14 37 )
0 38 ( 0 73 38 ) ( 0 55 38 )
0 39 ( 0 23 39 ) ( 0 45 23 53 39 )
0 40 ( 0 23 40 ) ( 0 24 40 )
0 42 ( 0 47 42 ) ( 0 61 42 )
0 43 ( 0 13 43 ) ( 0 71 43 )
0 44 ( 0 28 44 ) ( 0 62 44 )
0 45 ( 0 24 45 ) ( 0 47 45 )
0 46 ( 0 66 46 ) ( 0 62 35 46 )
0 47 ( 0 45 47 ) ( 0 12 24 47 )
0 48 ( 0 24 48 ) ( 0 23 53 48 )
0 50 ( 0 13 50 ) ( 0 23 50 )
0 51 ( 0 40 51 ) ( 0 53 51 )
0 52 ( 0 35 57 52 ) ( 0 62 52 )
0 53 ( 0 12 53 ) ( 0 20 53 )
0 55 ( 0 12 55 ) ( 0 28 55 )
0 56 ( 0 13 56 ) ( 0 12 56 )
0 57 ( 0 28 57 ) ( 0 24 57 )
0 60 ( 0 40 60 ) ( 0 20 60 )
0 61 ( 0 45 61 ) ( 0 42 61 )
0 62 ( 0 47 62 ) ( 0 20 62 )
0 64 ( 0 23 64 ) ( 0 55 64 )
0 65 ( 0 10 65 ) ( 0 53 65 )
0 66 ( 0 12 66 ) ( 0 28 66 )
0 67 ( 0 31 67 ) ( 0 13 67 )
0 70 ( 0 23 70 ) ( 0 30 70 )
0 71 ( 0 13 71 ) ( 0 23 53 71 )
0 72 ( 0 24 72 ) ( 0 42 72 )
0 73 ( 0 55 73 ) ( 0 28 73 )
0 74 ( 0 23 74 ) ( 0 30 74 )
1 2 ( 1 15 2 ) ( 1 18 2 )
1 3 ( 1 37 3 ) ( 1 18 73 3 )
1 4 ( 1 35 4 ) ( 1 36 18 4 )
1 5 ( 1 36 5 ) ( 1 14 5 )
1 6 ( 1 20 6 ) ( 1 18 36 6 )
1 8 ( 1 17 8 ) ( 1 15 33 8 )
1 10 ( 1 60 10 ) ( 1 18 10 )
1 11 ( 1 18 11 ) ( 1 14 11 )
1 12 ( 1 62 12 ) ( 1 36 12 )
1 13 ( 1 36 13 ) ( 1 28 13 )
1 14 ( 1 36 14 ) ( 1 37 14 )
1 15 ( 1 34 15 ) ( 1 18 15 )
1 18 ( 1 34 18 ) ( 1 37 18 )
1 20 ( 1 47 20 ) ( 1 62 20 )
1 23 ( 1 12 23 ) ( 1 62 23 )
1 24 ( 1 36 24 ) ( 1 20 24 )
1 27 ( 1 36 27 ) ( 1 55 27 )
1 28 ( 1 14 28 ) ( 1 18 28 )
1 30 ( 1 12 30 ) ( 1 23 30 )
1 31 ( 1 36 31 ) ( 1 14 31 )
1 34 ( 1 37 18 34 ) ( 1 14 34 )
1 35 ( 1 36 35 ) ( 1 34 35 )
1 36 ( 1 18 36 ) ( 1 34 36 )
1 37 ( 1 18 37 ) ( 1 14 37 )
1 39 ( 1 30 39 ) ( 1 12 39 )
1 40 ( 1 34 40 ) ( 1 18 36 40 )
1 42 ( 1 72 42 ) ( 1 61 42 )
1 44 ( 1 15 44 ) ( 1 36 44 )
1 45 ( 1 47 45 ) ( 1 24 45 )
1 46 ( 1 15 46 ) ( 1 44 46 )
1 47 ( 1 36 62 47 ) ( 1 28 47 )
1 50 ( 1 36 50 ) ( 1 37 50 )
1 52 ( 1 57 52 ) ( 1 66 52 )
1 53 ( 1 12 53 ) ( 1 23 53 )
1 55 ( 1 18 55 ) ( 1 35 55 )
1 56 ( 1 13 56 ) ( 1 36 56 )
1 57 ( 1 34 57 ) ( 1 44 57 )
1 61 ( 1 42 61 ) ( 1 72 61 )
1 62 ( 1 37 62 ) ( 1 14 62 )
1 66 ( 1 15 66 ) ( 1 44 66 )
1 71 ( 1 18 71 ) ( 1 34 71 )
1 72 ( 1 36 72 ) ( 1 34 72 )
1 73 ( 1 35 73 ) ( 1 3 73 )
2 3 ( 2 27 3 ) ( 2 55 3 )
2 4 ( 2 38 4 ) ( 2 54 4 )
2 5 ( 2 38 67 5 ) ( 2 11 5 )
2 8 ( 2 33 8 ) ( 2 49 8 )
2 17 ( 2 33 17 ) ( 2 38 17 )
2 33 ( 2 17 25 33 ) ( 2 8 33 )
2 38 ( 2 33 38 ) ( 2 17 38 )
3 5 ( 3 73 5 ) ( 3 55 27 5 )
3 12 ( 3 62 12 ) ( 3 73 12 )
3 13 ( 3 55 13 ) ( 3 27 13 )
3 14 ( 3 35 14 ) ( 3 37 14 )
3 15 ( 3 36 15 ) ( 3 18 34 15 )
3 18 ( 3 36 18 ) ( 3 14 18 )
3 27 ( 3 55 27 ) ( 3 35 73 27 )
3 35 ( 3 27 35 ) ( 3 55 35 )
3 55 ( 3 27 55 ) ( 3 73 55 )
3 73 ( 3 27 73 ) ( 3 14 73 )
4 8 ( 4 49 8 ) ( 4 26 8 )
5 11 ( 5 43 11 ) ( 5 31 11 )
5 43 ( 5 11 43 ) ( 5 67 43 )
5 67 ( 5 11 67 ) ( 5 43 67 )
6 12 ( 6 53 23 12 ) ( 6 24 12 )
6 40 ( 6 48 40 ) ( 6 53 40 )
6 74 ( 6 40 74 ) ( 6 30 74 )
8 17 ( 8 49 26 17 ) ( 8 19 54 17 )
8 25 ( 8 49 25 ) ( 8 26 25 )
8 26 ( 8 49 26 ) ( 8 17 26 )
8 49 ( 8 26 49 ) ( 8 54 49 )
9 41 ( 9 21 41 ) ( 9 4 41 )
10 51 ( 10 48 60 51 ) ( 10 74 40 51 )
10 60 ( 10 48 60 ) ( 10 6 60 )
12 13 ( 12 24 13 ) ( 12 47 13 )
12 20 ( 12 24 20 ) ( 12 47 20 )
12 23 ( 12 53 23 ) ( 12 24 23 )
12 24 ( 12 47 24 ) ( 12 45 24 )
12 28 ( 12 24 28 ) ( 12 20 28 )
12 30 ( 12 23 30 ) ( 12 24 45 30 )
13 20 ( 13 24 20 ) ( 13 23 53 20 )
13 23 ( 13 0 23 ) ( 13 12 23 )
13 24 ( 13 0 24 ) ( 13 53 23 24 )
13 30 ( 13 56 30 ) ( 13 0 30 )
14 15 ( 14 37 15 ) ( 14 36 15 )
14 18 ( 14 36 18 ) ( 14 1 18 )
15 18 ( 15 34 18 ) ( 15 1 18 )

EOF