DIMENSIONS
50 sommetsG2
45 sommetsG1
150 dem

SOMMETS
0  Sao-paulo  C  -23.53  -46.63
1  Rio-de-janeiro  C  -22.91  -43.2
2  Salvador  C  -12.97  -38.5
3  Belo-horizonte  C  -19.92  -43.94
4  Fortaleza  C  -3.78  -38.59
5  Brasilia  C  -15.78  -47.91
6  Curitiba  C  -25.42  -49.29
7  Manaus  C  -3.12  -60.02
8  Recife  C  -8.08  -34.92
9  Belem  T  -1.44  -48.5
10  Porto-alegre  C  -30.04  -51.22
11  Goiania  C  -16.72  -49.26
12  Guarulhos  C  -23.46  -46.49
13  Campinas  C  -22.91  -47.08
14  Nova-iguacu  C  -22.74  -43.47
15  Sao-goncalo  C  -22.84  -43.07
16  Sao-luis  C  -2.5  -44.3
17  Maceio  C  -9.65  -35.75
18  Duque-de-caxias  C  -22.77  -43.31
19  Natal  T  -5.8  -35.22
20  Sao-bernardo-do-campo  C  -23.71  -46.54
21  Teresina  C  -5.1  -42.8
22  Campo-grande  C  -20.45  -54.63
23  Osasco  C  -23.53  -46.78
24  Santo-andre  C  -23.65  -46.53
25  Jaboatao  C  -8.11  -35.02
26  Joao-pessoa  C  -7.12  -34.86
27  Contagem  C  -19.91  -44.1
28  Sao-jose-dos-campos  C  -23.2  -45.88
29  Ribeirao-preto  C  -21.17  -47.8
30  Sorocaba  C  -23.49  -47.47
31  Uberlandia  C  -18.9  -48.28
32  Cuiaba  C  -15.61  -56.09
33  Aracaju  C  -10.91  -37.07
34  Niteroi  C  -22.9  -43.13
35  Juiz-de-fora  C  -21.75  -43.36
36  Sao-joao-de-meriti  C  -22.8  -43.35
37  Belford-roxo  C  -22.75  -43.42
38  Feira-de-santana  C  -12.25  -38.97
39  Londrina  T  -23.3  -51.18
40  Joinville  C  -26.32  -48.84
41  Ananindeua  C  -1.38  -48.38
42  Santos  T  -23.95  -46.33
43  Aparecida-de-goiania  C  -16.82  -49.24
44  Campos  C  -21.75  -41.34
45  Diadema  T  -23.69  -46.61
46  Vila-velha  C  -20.32  -40.28
47  Maua  C  -23.66  -46.46
48  Florianopolis  C  -27.6  -48.54
49  Olinda  C  -8  -34.85

DEMANDES
0 1 ( 0 12 1 ) ( 0 28 1 )
0 2 ( 0 3 2 ) ( 0 27 2 )
0 3 ( 0 12 3 ) ( 0 28 3 )
0 4 ( 0 12 4 ) ( 0 3 4 )
0 5 ( 0 13 29 31 5 ) ( 0 12 24 5 )
0 6 ( 0 30 6 ) ( 0 47 6 )
0 7 ( 0 13 7 ) ( 0 12 7 )
0 8 ( 0 33 8 ) ( 0 2 8 )
0 10 ( 0 40 10 ) ( 0 23 10 )
0 11 ( 0 31 11 ) ( 0 29 11 )
0 12 ( 0 24 23 12 ) ( 0 30 12 )
0 13 ( 0 24 23 13 ) ( 0 20 12 13 )
0 14 ( 0 12 14 ) ( 0 23 14 )
0 15 ( 0 12 15 ) ( 0 1 34 15 )
0 16 ( 0 13 16 ) ( 0 24 47 16 )
0 17 ( 0 3 17 ) ( 0 27 17 )
0 18 ( 0 36 18 ) ( 0 12 18 )
0 20 ( 0 24 20 ) ( 0 12 20 )
0 21 ( 0 12 21 ) ( 0 13 21 )
0 22 ( 0 23 22 ) ( 0 24 30 22 )
0 23 ( 0 24 23 ) ( 0 20 23 )
0 24 ( 0 23 47 24 ) ( 0 28 24 )
0 25 ( 0 27 25 ) ( 0 12 25 )
0 26 ( 0 12 26 ) ( 0 2 33 26 )
0 27 ( 0 12 27 ) ( 0 28 27 )
0 28 ( 0 24 28 ) ( 0 20 28 )
0 29 ( 0 13 29 ) ( 0 12 29 )
0 30 ( 0 23 30 ) ( 0 20 30 )
0 31 ( 0 13 31 ) ( 0 23 31 )
0 32 ( 0 13 32 ) ( 0 23 32 )
0 33 ( 0 3 38 33 ) ( 0 47 33 )
0 34 ( 0 1 34 ) ( 0 28 34 )
0 35 ( 0 12 35 ) ( 0 20 47 35 )
0 36 ( 0 28 36 ) ( 0 47 36 )
0 37 ( 0 12 14 37 ) ( 0 28 37 )
0 38 ( 0 28 38 ) ( 0 24 12 38 )
0 40 ( 0 23 40 ) ( 0 20 40 )
0 43 ( 0 31 43 ) ( 0 13 43 )
0 44 ( 0 12 44 ) ( 0 28 44 )
0 46 ( 0 12 46 ) ( 0 28 46 )
0 47 ( 0 24 47 ) ( 0 23 47 )
0 48 ( 0 24 48 ) ( 0 12 48 )
1 2 ( 1 18 2 ) ( 1 14 2 )
1 3 ( 1 18 3 ) ( 1 36 3 )
1 4 ( 1 15 4 ) ( 1 18 36 4 )
1 5 ( 1 36 5 ) ( 1 14 5 )
1 6 ( 1 47 6 ) ( 1 36 6 )
1 7 ( 1 36 7 ) ( 1 14 7 )
1 8 ( 1 17 8 ) ( 1 15 8 )
1 10 ( 1 34 10 ) ( 1 37 10 )
1 11 ( 1 18 11 ) ( 1 36 11 )
1 12 ( 1 36 28 12 ) ( 1 37 12 )
1 13 ( 1 14 13 ) ( 1 18 13 )
1 14 ( 1 18 14 ) ( 1 34 14 )
1 15 ( 1 34 36 15 ) ( 1 37 15 )
1 17 ( 1 15 17 ) ( 1 2 17 )
1 18 ( 1 34 18 ) ( 1 37 18 )
1 20 ( 1 37 20 ) ( 1 18 36 20 )
1 22 ( 1 36 22 ) ( 1 14 22 )
1 23 ( 1 0 23 ) ( 1 36 23 )
1 24 ( 1 20 24 ) ( 1 37 14 24 )
1 27 ( 1 18 27 ) ( 1 34 27 )
1 28 ( 1 37 28 ) ( 1 34 28 )
1 29 ( 1 14 29 ) ( 1 34 36 29 )
1 30 ( 1 28 12 30 ) ( 1 24 30 )
1 31 ( 1 36 37 31 ) ( 1 14 31 )
1 34 ( 1 18 34 ) ( 1 14 34 )
1 35 ( 1 18 35 ) ( 1 36 35 )
1 36 ( 1 18 36 ) ( 1 37 36 )
1 37 ( 1 14 37 ) ( 1 36 34 37 )
1 40 ( 1 36 40 ) ( 1 18 40 )
1 43 ( 1 18 43 ) ( 1 37 43 )
1 44 ( 1 15 44 ) ( 1 34 44 )
1 46 ( 1 34 46 ) ( 1 18 46 )
1 47 ( 1 14 47 ) ( 1 18 47 )
1 48 ( 1 18 48 ) ( 1 36 14 48 )
2 3 ( 2 27 3 ) ( 2 44 3 )
2 4 ( 2 38 4 ) ( 2 33 4 )
2 5 ( 2 27 5 ) ( 2 3 5 )
2 8 ( 2 17 49 8 ) ( 2 26 8 )
2 17 ( 2 33 17 ) ( 2 38 17 )
2 33 ( 2 38 33 ) ( 2 25 33 )
2 38 ( 2 33 17 38 ) ( 2 26 38 )
3 5 ( 3 27 5 ) ( 3 11 5 )
3 6 ( 3 23 6 ) ( 3 0 6 )
3 11 ( 3 27 31 11 ) ( 3 13 11 )
3 12 ( 3 27 12 ) ( 3 47 12 )
3 13 ( 3 27 13 ) ( 3 28 13 )
3 14 ( 3 35 14 ) ( 3 37 14 )
3 15 ( 3 18 15 ) ( 3 36 15 )
3 18 ( 3 35 18 ) ( 3 37 18 )
3 20 ( 3 24 20 ) ( 3 47 20 )
3 23 ( 3 0 23 ) ( 3 30 23 )
3 24 ( 3 28 12 24 ) ( 3 20 0 24 )
3 27 ( 3 35 27 ) ( 3 14 27 )
3 28 ( 3 12 28 ) ( 3 47 28 )
3 29 ( 3 35 29 ) ( 3 31 29 )
3 34 ( 3 15 34 ) ( 3 1 34 )
3 35 ( 3 27 35 ) ( 3 14 35 )
3 36 ( 3 35 18 36 ) ( 3 27 37 36 )
3 37 ( 3 18 37 ) ( 3 15 37 )
4 8 ( 4 25 17 8 ) ( 4 2 8 )
4 16 ( 4 26 16 ) ( 4 49 21 16 )
4 21 ( 4 25 8 26 21 ) ( 4 17 21 )
5 11 ( 5 31 43 11 ) ( 5 3 11 )
5 31 ( 5 11 31 ) ( 5 27 31 )
5 43 ( 5 31 43 ) ( 5 29 11 43 )
6 10 ( 6 40 10 ) ( 6 48 10 )
6 12 ( 6 23 12 ) ( 6 47 12 )
6 13 ( 6 23 13 ) ( 6 24 13 )
6 20 ( 6 24 20 ) ( 6 47 20 )
6 23 ( 6 20 23 ) ( 6 24 23 )
6 30 ( 6 13 30 ) ( 6 23 0 30 )
6 40 ( 6 30 40 ) ( 6 23 40 )
8 17 ( 8 26 33 17 ) ( 8 38 17 )
8 25 ( 8 17 25 ) ( 8 33 17 49 25 )
8 26 ( 8 25 26 ) ( 8 33 49 26 )
8 49 ( 8 26 49 ) ( 8 17 49 )
11 43 ( 11 31 43 ) ( 11 5 29 43 )
12 13 ( 12 23 13 ) ( 12 47 13 )
12 20 ( 12 24 20 ) ( 12 47 20 )
12 23 ( 12 0 23 ) ( 12 20 24 23 )
12 24 ( 12 47 24 ) ( 12 0 24 )
12 28 ( 12 24 28 ) ( 12 23 28 )
12 30 ( 12 0 30 ) ( 12 24 30 )
12 47 ( 12 24 47 ) ( 12 20 47 )
13 20 ( 13 23 20 ) ( 13 47 20 )
13 23 ( 13 0 23 ) ( 13 12 23 )
13 24 ( 13 0 24 ) ( 13 12 24 )
13 28 ( 13 47 28 ) ( 13 20 28 )
13 30 ( 13 23 30 ) ( 13 12 30 )
13 47 ( 13 24 47 ) ( 13 23 47 )
14 15 ( 14 37 15 ) ( 14 18 15 )
14 18 ( 14 37 18 ) ( 14 34 18 )
14 34 ( 14 37 34 ) ( 14 35 34 )
14 35 ( 14 37 35 ) ( 14 18 35 )
14 36 ( 14 18 36 ) ( 14 1 36 )
14 37 ( 14 34 37 ) ( 14 1 34 36 37 )
15 18 ( 15 34 36 18 ) ( 15 1 37 18 )
15 34 ( 15 1 18 34 ) ( 15 37 34 )
15 35 ( 15 34 35 ) ( 15 18 35 )
15 36 ( 15 18 36 ) ( 15 37 36 )
15 37 ( 15 18 37 ) ( 15 36 14 37 )
18 34 ( 18 15 34 ) ( 18 14 34 )
18 36 ( 18 37 36 ) ( 18 14 36 )
18 37 ( 18 1 36 37 ) ( 18 35 37 )
20 23 ( 20 24 23 ) ( 20 0 23 )
20 24 ( 20 0 24 ) ( 20 12 24 )
20 28 ( 20 12 28 ) ( 20 23 13 28 )
23 24 ( 23 0 24 ) ( 23 47 24 )

EOF