DIMENSIONS
70 sommetsG2
65 sommetsG1
95 dem

SOMMETS
0  Sao-paulo  C  -23.53  -46.63
1  Rio-de-janeiro  C  -22.91  -43.2
2  Salvador  C  -12.97  -38.5
3  Belo-horizonte  C  -19.92  -43.94
4  Fortaleza  C  -3.78  -38.59
5  Brasilia  C  -15.78  -47.91
6  Curitiba  C  -25.42  -49.29
7  Manaus  C  -3.12  -60.02
8  Recife  C  -8.08  -34.92
9  Belem  C  -1.44  -48.5
10  Porto-alegre  C  -30.04  -51.22
11  Goiania  C  -16.72  -49.26
12  Guarulhos  C  -23.46  -46.49
13  Campinas  C  -22.91  -47.08
14  Nova-iguacu  C  -22.74  -43.47
15  Sao-goncalo  C  -22.84  -43.07
16  Sao-luis  C  -2.5  -44.3
17  Maceio  C  -9.65  -35.75
18  Duque-de-caxias  C  -22.77  -43.31
19  Natal  C  -5.8  -35.22
20  Sao-bernardo-do-campo  C  -23.71  -46.54
21  Teresina  C  -5.1  -42.8
22  Campo-grande  C  -20.45  -54.63
23  Osasco  C  -23.53  -46.78
24  Santo-andre  C  -23.65  -46.53
25  Jaboatao  C  -8.11  -35.02
26  Joao-pessoa  C  -7.12  -34.86
27  Contagem  T  -19.91  -44.1
28  Sao-jose-dos-campos  C  -23.2  -45.88
29  Ribeirao-preto  C  -21.17  -47.8
30  Sorocaba  C  -23.49  -47.47
31  Uberlandia  C  -18.9  -48.28
32  Cuiaba  C  -15.61  -56.09
33  Aracaju  C  -10.91  -37.07
34  Niteroi  C  -22.9  -43.13
35  Juiz-de-fora  C  -21.75  -43.36
36  Sao-joao-de-meriti  C  -22.8  -43.35
37  Belford-roxo  C  -22.75  -43.42
38  Feira-de-santana  C  -12.25  -38.97
39  Londrina  C  -23.3  -51.18
40  Joinville  C  -26.32  -48.84
41  Ananindeua  C  -1.38  -48.38
42  Santos  C  -23.95  -46.33
43  Aparecida-de-goiania  C  -16.82  -49.24
44  Campos  C  -21.75  -41.34
45  Diadema  C  -23.69  -46.61
46  Vila-velha  C  -20.32  -40.28
47  Maua  C  -23.66  -46.46
48  Florianopolis  C  -27.6  -48.54
49  Olinda  C  -8  -34.85
50  Sao-jose-do-rio-preto  C  -20.8  -49.39
51  Caxias-do-sul  C  -29.18  -51.17
52  Serra  C  -20.13  -40.32
53  Carapicuiba  C  -23.52  -46.84
54  Campina-grande  T  -7.23  -35.88
55  Betim  T  -19.97  -44.19
56  Piracicaba  C  -22.71  -47.64
57  Cariacica  C  -20.23  -40.37
58  Bauru  T  -22.33  -49.08
59  Macapa  C  0.04  -51.05
60  Canoas  C  -29.92  -51.18
61  Sao-vicente  C  -23.96  -46.39
62  Moji-das-cruzes  C  -23.52  -46.21
63  Jundiai  T  -23.2  -46.88
64  Montes-claros  C  -16.72  -43.86
65  Pelotas  C  -31.76  -52.34
66  Vitoria  C  -20.31  -40.31
67  Anapolis  C  -16.32  -48.96
68  Itaquaquecetuba  C  -23.47  -46.35
69  Porto-velho  C  -8.76  -63.91

DEMANDES
0 1 ( 0 47 1 ) ( 0 24 62 1 )
0 2 ( 0 3 2 ) ( 0 12 2 )
0 3 ( 0 12 3 ) ( 0 68 3 )
0 4 ( 0 12 4 ) ( 0 68 4 )
0 5 ( 0 12 5 ) ( 0 23 5 )
0 6 ( 0 24 6 ) ( 0 20 6 )
0 7 ( 0 13 7 ) ( 0 29 7 )
0 8 ( 0 3 8 ) ( 0 12 8 )
0 9 ( 0 12 9 ) ( 0 23 9 )
0 10 ( 0 60 10 ) ( 0 40 10 )
0 11 ( 0 31 11 ) ( 0 23 43 11 )
0 12 ( 0 47 12 ) ( 0 23 12 )
0 13 ( 0 12 13 ) ( 0 24 13 )
0 14 ( 0 47 14 ) ( 0 20 24 14 )
0 15 ( 0 62 15 ) ( 0 18 15 )
0 18 ( 0 36 18 ) ( 0 12 18 )
0 20 ( 0 47 20 ) ( 0 12 20 )
0 22 ( 0 23 22 ) ( 0 56 22 )
0 23 ( 0 45 23 ) ( 0 12 23 )
0 24 ( 0 47 24 ) ( 0 68 24 )
0 28 ( 0 12 28 ) ( 0 68 28 )
0 29 ( 0 13 29 ) ( 0 12 29 )
0 30 ( 0 23 30 ) ( 0 45 30 )
0 31 ( 0 23 29 31 ) ( 0 53 31 )
0 34 ( 0 68 34 ) ( 0 62 34 )
0 35 ( 0 12 28 35 ) ( 0 68 35 )
0 36 ( 0 12 36 ) ( 0 62 36 )
0 37 ( 0 68 37 ) ( 0 28 37 )
0 39 ( 0 30 39 ) ( 0 24 39 )
0 40 ( 0 45 40 ) ( 0 23 40 )
0 42 ( 0 20 42 ) ( 0 47 42 )
0 43 ( 0 31 43 ) ( 0 13 43 )
0 44 ( 0 68 44 ) ( 0 28 44 )
0 45 ( 0 12 45 ) ( 0 53 45 )
0 46 ( 0 28 35 46 ) ( 0 68 46 )
0 47 ( 0 24 45 47 ) ( 0 68 47 )
0 48 ( 0 45 48 ) ( 0 23 48 )
0 50 ( 0 30 50 ) ( 0 24 50 )
0 51 ( 0 40 51 ) ( 0 45 51 )
0 52 ( 0 12 52 ) ( 0 62 52 )
0 53 ( 0 23 53 ) ( 0 12 53 )
0 56 ( 0 53 56 ) ( 0 13 56 )
0 57 ( 0 12 57 ) ( 0 28 57 )
0 61 ( 0 45 61 ) ( 0 47 61 )
0 62 ( 0 20 62 ) ( 0 47 12 62 )
0 64 ( 0 24 64 ) ( 0 47 64 )
0 66 ( 0 35 66 ) ( 0 62 66 )
0 68 ( 0 12 68 ) ( 0 47 68 )
1 2 ( 1 15 2 ) ( 1 37 2 )
1 3 ( 1 18 3 ) ( 1 36 3 )
1 4 ( 1 15 4 ) ( 1 18 4 )
1 5 ( 1 18 5 ) ( 1 34 5 )
1 6 ( 1 61 6 ) ( 1 20 6 )
1 10 ( 1 60 10 ) ( 1 36 10 )
1 11 ( 1 18 11 ) ( 1 36 11 )
1 12 ( 1 28 12 ) ( 1 36 12 )
1 13 ( 1 36 13 ) ( 1 37 13 )
1 14 ( 1 36 37 14 ) ( 1 34 14 )
1 15 ( 1 18 15 ) ( 1 36 34 15 )
1 18 ( 1 36 18 ) ( 1 15 18 )
1 20 ( 1 62 47 20 ) ( 1 36 37 20 )
1 23 ( 1 68 23 ) ( 1 12 23 )
1 24 ( 1 47 24 ) ( 1 28 24 )
1 28 ( 1 36 28 ) ( 1 37 28 )
1 29 ( 1 18 29 ) ( 1 36 18 37 29 )
1 30 ( 1 68 30 ) ( 1 53 30 )
1 34 ( 1 3 34 ) ( 1 37 62 34 )
1 35 ( 1 34 35 ) ( 1 37 35 )
1 36 ( 1 34 36 ) ( 1 37 36 )
1 37 ( 1 18 37 ) ( 1 34 37 )
1 42 ( 1 61 42 ) ( 1 18 37 42 )
1 44 ( 1 34 44 ) ( 1 36 44 )
1 45 ( 1 47 45 ) ( 1 24 45 )
1 46 ( 1 15 46 ) ( 1 66 46 )
1 47 ( 1 36 47 ) ( 1 14 28 47 )
1 52 ( 1 15 52 ) ( 1 66 46 52 )
1 53 ( 1 12 53 ) ( 1 23 53 )
1 57 ( 1 15 57 ) ( 1 34 57 )
1 61 ( 1 42 61 ) ( 1 36 61 )
1 62 ( 1 14 62 ) ( 1 18 62 )
1 66 ( 1 15 66 ) ( 1 34 66 )
1 68 ( 1 28 68 ) ( 1 36 68 )
2 38 ( 2 33 38 ) ( 2 25 38 )
3 5 ( 3 67 5 ) ( 3 64 5 )
3 14 ( 3 37 14 ) ( 3 36 14 )
3 15 ( 3 35 34 15 ) ( 3 14 15 )
5 11 ( 5 67 11 ) ( 5 31 43 11 )
5 67 ( 5 11 67 ) ( 5 31 67 )
6 40 ( 6 53 40 ) ( 6 23 40 )
8 25 ( 8 26 25 ) ( 8 33 25 )
8 26 ( 8 25 26 ) ( 8 17 26 )
12 13 ( 12 0 13 ) ( 12 53 13 )
12 20 ( 12 47 20 ) ( 12 0 20 )
12 23 ( 12 0 45 23 ) ( 12 47 20 23 )
14 15 ( 14 36 15 ) ( 14 34 15 )

EOF