DIMENSIONS
65 sommetsG2
60 sommetsG1
80 dem

SOMMETS
0  Sao-paulo  C  -23.53  -46.63
1  Rio-de-janeiro  C  -22.91  -43.2
2  Salvador  C  -12.97  -38.5
3  Belo-horizonte  C  -19.92  -43.94
4  Fortaleza  C  -3.78  -38.59
5  Brasilia  C  -15.78  -47.91
6  Curitiba  C  -25.42  -49.29
7  Manaus  C  -3.12  -60.02
8  Recife  C  -8.08  -34.92
9  Belem  C  -1.44  -48.5
10  Porto-alegre  C  -30.04  -51.22
11  Goiania  C  -16.72  -49.26
12  Guarulhos  C  -23.46  -46.49
13  Campinas  C  -22.91  -47.08
14  Nova-iguacu  C  -22.74  -43.47
15  Sao-goncalo  C  -22.84  -43.07
16  Sao-luis  C  -2.5  -44.3
17  Maceio  C  -9.65  -35.75
18  Duque-de-caxias  C  -22.77  -43.31
19  Natal  C  -5.8  -35.22
20  Sao-bernardo-do-campo  C  -23.71  -46.54
21  Teresina  C  -5.1  -42.8
22  Campo-grande  C  -20.45  -54.63
23  Osasco  C  -23.53  -46.78
24  Santo-andre  C  -23.65  -46.53
25  Jaboatao  T  -8.11  -35.02
26  Joao-pessoa  C  -7.12  -34.86
27  Contagem  C  -19.91  -44.1
28  Sao-jose-dos-campos  C  -23.2  -45.88
29  Ribeirao-preto  C  -21.17  -47.8
30  Sorocaba  C  -23.49  -47.47
31  Uberlandia  C  -18.9  -48.28
32  Cuiaba  C  -15.61  -56.09
33  Aracaju  C  -10.91  -37.07
34  Niteroi  C  -22.9  -43.13
35  Juiz-de-fora  C  -21.75  -43.36
36  Sao-joao-de-meriti  C  -22.8  -43.35
37  Belford-roxo  C  -22.75  -43.42
38  Feira-de-santana  C  -12.25  -38.97
39  Londrina  C  -23.3  -51.18
40  Joinville  C  -26.32  -48.84
41  Ananindeua  C  -1.38  -48.38
42  Santos  C  -23.95  -46.33
43  Aparecida-de-goiania  C  -16.82  -49.24
44  Campos  C  -21.75  -41.34
45  Diadema  C  -23.69  -46.61
46  Vila-velha  C  -20.32  -40.28
47  Maua  C  -23.66  -46.46
48  Florianopolis  C  -27.6  -48.54
49  Olinda  C  -8  -34.85
50  Sao-jose-do-rio-preto  T  -20.8  -49.39
51  Caxias-do-sul  T  -29.18  -51.17
52  Serra  C  -20.13  -40.32
53  Carapicuiba  C  -23.52  -46.84
54  Campina-grande  T  -7.23  -35.88
55  Betim  C  -19.97  -44.19
56  Piracicaba  C  -22.71  -47.64
57  Cariacica  C  -20.23  -40.37
58  Bauru  C  -22.33  -49.08
59  Macapa  T  0.04  -51.05
60  Canoas  C  -29.92  -51.18
61  Sao-vicente  C  -23.96  -46.39
62  Moji-das-cruzes  C  -23.52  -46.21
63  Jundiai  C  -23.2  -46.88
64  Montes-claros  C  -16.72  -43.86

DEMANDES
0 1 ( 0 62 1 ) ( 0 12 1 )
0 2 ( 0 55 2 ) ( 0 12 2 )
0 3 ( 0 55 3 ) ( 0 12 27 3 )
0 4 ( 0 64 4 ) ( 0 55 4 )
0 5 ( 0 63 5 ) ( 0 12 5 )
0 6 ( 0 45 6 ) ( 0 53 23 6 )
0 8 ( 0 2 8 ) ( 0 27 8 )
0 10 ( 0 40 10 ) ( 0 45 10 )
0 11 ( 0 43 11 ) ( 0 31 11 )
0 12 ( 0 23 12 ) ( 0 20 24 12 )
0 13 ( 0 63 13 ) ( 0 53 13 )
0 14 ( 0 12 14 ) ( 0 28 14 )
0 15 ( 0 12 15 ) ( 0 62 15 )
0 18 ( 0 36 18 ) ( 0 12 18 )
0 20 ( 0 24 20 ) ( 0 45 20 )
0 22 ( 0 53 22 ) ( 0 30 22 )
0 23 ( 0 53 23 ) ( 0 24 23 )
0 24 ( 0 23 24 ) ( 0 53 24 )
0 27 ( 0 12 27 ) ( 0 28 27 )
0 28 ( 0 12 28 ) ( 0 20 28 )
0 29 ( 0 13 29 ) ( 0 23 29 )
0 30 ( 0 63 30 ) ( 0 45 23 53 30 )
0 31 ( 0 23 31 ) ( 0 53 13 31 )
0 34 ( 0 1 34 ) ( 0 62 34 )
0 35 ( 0 62 28 35 ) ( 0 24 35 )
0 36 ( 0 62 36 ) ( 0 28 36 )
0 37 ( 0 12 37 ) ( 0 14 37 )
0 39 ( 0 30 39 ) ( 0 24 53 39 )
0 40 ( 0 23 40 ) ( 0 53 40 )
0 42 ( 0 47 42 ) ( 0 45 20 42 )
0 43 ( 0 31 43 ) ( 0 63 29 43 )
0 44 ( 0 12 44 ) ( 0 62 44 )
0 45 ( 0 24 45 ) ( 0 12 20 45 )
0 46 ( 0 12 46 ) ( 0 62 46 )
0 47 ( 0 45 47 ) ( 0 20 24 12 47 )
0 48 ( 0 45 48 ) ( 0 20 48 )
0 53 ( 0 23 53 ) ( 0 45 53 )
0 55 ( 0 28 55 ) ( 0 24 55 )
0 56 ( 0 63 56 ) ( 0 23 56 )
0 58 ( 0 53 30 58 ) ( 0 12 58 )
0 61 ( 0 24 20 61 ) ( 0 42 61 )
0 62 ( 0 20 24 62 ) ( 0 47 12 62 )
0 63 ( 0 53 63 ) ( 0 45 63 )
1 2 ( 1 34 2 ) ( 1 18 2 )
1 3 ( 1 18 35 3 ) ( 1 36 3 )
1 5 ( 1 18 5 ) ( 1 36 37 5 )
1 6 ( 1 61 6 ) ( 1 20 6 )
1 10 ( 1 48 10 ) ( 1 60 10 )
1 11 ( 1 18 11 ) ( 1 14 11 )
1 12 ( 1 36 12 ) ( 1 37 12 )
1 13 ( 1 37 13 ) ( 1 18 37 14 13 )
1 14 ( 1 36 14 ) ( 1 18 14 )
1 15 ( 1 18 15 ) ( 1 37 15 )
1 18 ( 1 34 18 ) ( 1 37 18 )
1 20 ( 1 62 20 ) ( 1 24 20 )
1 23 ( 1 12 0 23 ) ( 1 28 23 )
1 24 ( 1 20 24 ) ( 1 37 24 )
1 27 ( 1 18 27 ) ( 1 35 27 )
1 28 ( 1 14 28 ) ( 1 37 28 )
1 29 ( 1 36 14 29 ) ( 1 18 29 )
1 30 ( 1 12 30 ) ( 1 23 30 )
1 34 ( 1 15 34 ) ( 1 37 34 )
1 35 ( 1 15 35 ) ( 1 14 35 )
1 36 ( 1 18 36 ) ( 1 34 15 36 )
1 37 ( 1 34 37 ) ( 1 15 37 )
1 42 ( 1 36 42 ) ( 1 61 42 )
1 44 ( 1 15 34 44 ) ( 1 36 44 )
1 45 ( 1 47 45 ) ( 1 24 45 )
1 46 ( 1 15 46 ) ( 1 34 46 )
1 47 ( 1 62 47 ) ( 1 37 47 )
1 53 ( 1 23 53 ) ( 1 0 53 )
1 55 ( 1 36 55 ) ( 1 37 55 )
1 61 ( 1 42 61 ) ( 1 36 61 )
1 62 ( 1 18 62 ) ( 1 34 62 )
2 38 ( 2 8 38 ) ( 2 64 38 )
3 27 ( 3 35 27 ) ( 3 37 55 27 )
3 55 ( 3 35 55 ) ( 3 37 55 )
5 11 ( 5 43 11 ) ( 5 29 11 )
8 26 ( 8 49 26 ) ( 8 17 26 )
12 13 ( 12 0 63 13 ) ( 12 53 13 )

EOF