DIMENSIONS
55 sommetsG2
50 sommetsG1
150 dem

SOMMETS
0  Sao-paulo  C  -23.53  -46.63
1  Rio-de-janeiro  C  -22.91  -43.2
2  Salvador  C  -12.97  -38.5
3  Belo-horizonte  C  -19.92  -43.94
4  Fortaleza  C  -3.78  -38.59
5  Brasilia  C  -15.78  -47.91
6  Curitiba  C  -25.42  -49.29
7  Manaus  C  -3.12  -60.02
8  Recife  C  -8.08  -34.92
9  Belem  C  -1.44  -48.5
10  Porto-alegre  T  -30.04  -51.22
11  Goiania  C  -16.72  -49.26
12  Guarulhos  C  -23.46  -46.49
13  Campinas  C  -22.91  -47.08
14  Nova-iguacu  C  -22.74  -43.47
15  Sao-goncalo  C  -22.84  -43.07
16  Sao-luis  C  -2.5  -44.3
17  Maceio  C  -9.65  -35.75
18  Duque-de-caxias  C  -22.77  -43.31
19  Natal  C  -5.8  -35.22
20  Sao-bernardo-do-campo  C  -23.71  -46.54
21  Teresina  T  -5.1  -42.8
22  Campo-grande  C  -20.45  -54.63
23  Osasco  C  -23.53  -46.78
24  Santo-andre  C  -23.65  -46.53
25  Jaboatao  C  -8.11  -35.02
26  Joao-pessoa  C  -7.12  -34.86
27  Contagem  C  -19.91  -44.1
28  Sao-jose-dos-campos  C  -23.2  -45.88
29  Ribeirao-preto  C  -21.17  -47.8
30  Sorocaba  C  -23.49  -47.47
31  Uberlandia  C  -18.9  -48.28
32  Cuiaba  C  -15.61  -56.09
33  Aracaju  C  -10.91  -37.07
34  Niteroi  C  -22.9  -43.13
35  Juiz-de-fora  C  -21.75  -43.36
36  Sao-joao-de-meriti  C  -22.8  -43.35
37  Belford-roxo  C  -22.75  -43.42
38  Feira-de-santana  C  -12.25  -38.97
39  Londrina  C  -23.3  -51.18
40  Joinville  C  -26.32  -48.84
41  Ananindeua  C  -1.38  -48.38
42  Santos  C  -23.95  -46.33
43  Aparecida-de-goiania  T  -16.82  -49.24
44  Campos  C  -21.75  -41.34
45  Diadema  C  -23.69  -46.61
46  Vila-velha  T  -20.32  -40.28
47  Maua  C  -23.66  -46.46
48  Florianopolis  C  -27.6  -48.54
49  Olinda  C  -8  -34.85
50  Sao-jose-do-rio-preto  T  -20.8  -49.39
51  Caxias-do-sul  C  -29.18  -51.17
52  Serra  C  -20.13  -40.32
53  Carapicuiba  C  -23.52  -46.84
54  Campina-grande  C  -7.23  -35.88

DEMANDES
0 1 ( 0 36 1 ) ( 0 24 1 )
0 2 ( 0 28 2 ) ( 0 24 12 2 )
0 3 ( 0 28 3 ) ( 0 47 3 )
0 4 ( 0 23 4 ) ( 0 24 4 )
0 5 ( 0 23 5 ) ( 0 29 31 5 )
0 6 ( 0 23 6 ) ( 0 24 47 6 )
0 7 ( 0 23 13 7 ) ( 0 45 7 )
0 8 ( 0 3 33 8 ) ( 0 12 8 )
0 9 ( 0 5 9 ) ( 0 12 9 )
0 11 ( 0 13 11 ) ( 0 29 31 11 )
0 12 ( 0 45 12 ) ( 0 23 12 )
0 13 ( 0 53 13 ) ( 0 45 23 13 )
0 14 ( 0 28 14 ) ( 0 37 14 )
0 15 ( 0 34 15 ) ( 0 36 15 )
0 16 ( 0 12 16 ) ( 0 47 16 )
0 17 ( 0 27 2 17 ) ( 0 12 17 )
0 18 ( 0 14 18 ) ( 0 37 36 18 )
0 19 ( 0 3 19 ) ( 0 54 19 )
0 20 ( 0 24 20 ) ( 0 45 20 )
0 22 ( 0 13 22 ) ( 0 24 22 )
0 23 ( 0 45 53 23 ) ( 0 47 23 )
0 24 ( 0 20 24 ) ( 0 47 24 )
0 25 ( 0 3 25 ) ( 0 33 25 )
0 26 ( 0 27 26 ) ( 0 25 26 )
0 27 ( 0 12 27 ) ( 0 28 27 )
0 28 ( 0 12 28 ) ( 0 47 24 28 )
0 29 ( 0 13 29 ) ( 0 23 29 )
0 30 ( 0 23 30 ) ( 0 24 30 )
0 31 ( 0 29 31 ) ( 0 23 13 31 )
0 32 ( 0 13 32 ) ( 0 23 32 )
0 33 ( 0 2 33 ) ( 0 27 33 )
0 34 ( 0 1 34 ) ( 0 36 34 )
0 35 ( 0 12 35 ) ( 0 47 35 )
0 36 ( 0 12 36 ) ( 0 37 36 )
0 37 ( 0 12 37 ) ( 0 14 37 )
0 38 ( 0 12 38 ) ( 0 28 3 38 )
0 39 ( 0 23 39 ) ( 0 45 53 39 )
0 40 ( 0 23 40 ) ( 0 45 24 40 )
0 42 ( 0 24 42 ) ( 0 47 42 )
0 44 ( 0 37 44 ) ( 0 18 44 )
0 45 ( 0 20 45 ) ( 0 47 45 )
0 47 ( 0 24 47 ) ( 0 20 45 47 )
0 48 ( 0 45 48 ) ( 0 23 48 )
0 51 ( 0 53 51 ) ( 0 47 51 )
0 52 ( 0 12 52 ) ( 0 20 52 )
0 53 ( 0 23 53 ) ( 0 45 53 )
1 2 ( 1 18 2 ) ( 1 36 2 )
1 3 ( 1 35 3 ) ( 1 37 3 )
1 4 ( 1 15 4 ) ( 1 36 4 )
1 5 ( 1 36 5 ) ( 1 35 5 )
1 6 ( 1 47 6 ) ( 1 37 6 )
1 7 ( 1 36 7 ) ( 1 37 7 )
1 8 ( 1 33 8 ) ( 1 2 8 )
1 9 ( 1 3 9 ) ( 1 27 9 )
1 11 ( 1 37 11 ) ( 1 14 11 )
1 12 ( 1 36 12 ) ( 1 37 12 )
1 13 ( 1 28 13 ) ( 1 37 13 )
1 14 ( 1 36 14 ) ( 1 37 14 )
1 15 ( 1 36 15 ) ( 1 18 34 15 )
1 17 ( 1 15 17 ) ( 1 34 17 )
1 18 ( 1 37 14 18 ) ( 1 36 34 18 )
1 20 ( 1 24 20 ) ( 1 36 20 )
1 22 ( 1 14 22 ) ( 1 29 22 )
1 23 ( 1 0 23 ) ( 1 36 23 )
1 24 ( 1 47 24 ) ( 1 36 24 )
1 27 ( 1 35 27 ) ( 1 37 27 )
1 28 ( 1 36 28 ) ( 1 37 28 )
1 29 ( 1 14 29 ) ( 1 37 29 )
1 30 ( 1 23 30 ) ( 1 24 30 )
1 31 ( 1 36 31 ) ( 1 37 31 )
1 34 ( 1 15 34 ) ( 1 37 34 )
1 35 ( 1 18 35 ) ( 1 34 35 )
1 36 ( 1 37 36 ) ( 1 15 36 )
1 37 ( 1 18 37 ) ( 1 36 35 37 )
1 39 ( 1 28 39 ) ( 1 13 39 )
1 40 ( 1 34 40 ) ( 1 37 40 )
1 42 ( 1 36 42 ) ( 1 34 42 )
1 44 ( 1 36 44 ) ( 1 34 18 44 )
1 45 ( 1 20 45 ) ( 1 36 47 45 )
1 47 ( 1 37 47 ) ( 1 18 47 )
1 48 ( 1 37 48 ) ( 1 15 48 )
1 52 ( 1 15 52 ) ( 1 44 52 )
1 53 ( 1 23 53 ) ( 1 24 53 )
2 3 ( 2 27 3 ) ( 2 52 3 )
2 4 ( 2 38 4 ) ( 2 17 4 )
2 5 ( 2 3 5 ) ( 2 31 5 )
2 8 ( 2 49 8 ) ( 2 26 8 )
2 17 ( 2 38 17 ) ( 2 8 17 )
2 33 ( 2 38 33 ) ( 2 17 25 33 )
2 38 ( 2 33 38 ) ( 2 8 38 )
3 5 ( 3 11 5 ) ( 3 35 5 )
3 6 ( 3 30 6 ) ( 3 13 6 )
3 11 ( 3 31 11 ) ( 3 29 11 )
3 12 ( 3 47 12 ) ( 3 24 12 )
3 13 ( 3 12 13 ) ( 3 0 13 )
3 14 ( 3 35 37 14 ) ( 3 36 14 )
3 15 ( 3 35 15 ) ( 3 18 15 )
3 18 ( 3 37 18 ) ( 3 36 18 )
3 20 ( 3 24 20 ) ( 3 0 20 )
3 27 ( 3 37 27 ) ( 3 18 27 )
3 28 ( 3 27 28 ) ( 3 35 28 )
3 34 ( 3 18 34 ) ( 3 27 35 34 )
3 35 ( 3 14 35 ) ( 3 36 18 35 )
3 36 ( 3 37 36 ) ( 3 14 36 )
3 37 ( 3 35 37 ) ( 3 27 37 )
4 8 ( 4 54 49 8 ) ( 4 26 8 )
4 19 ( 4 26 54 19 ) ( 4 49 19 )
5 11 ( 5 3 29 11 ) ( 5 22 11 )
5 31 ( 5 29 31 ) ( 5 27 31 )
6 12 ( 6 53 12 ) ( 6 24 12 )
6 13 ( 6 30 13 ) ( 6 53 13 )
6 40 ( 6 53 40 ) ( 6 39 40 )
8 17 ( 8 49 17 ) ( 8 26 25 17 )
8 19 ( 8 26 19 ) ( 8 33 19 )
8 25 ( 8 49 26 25 ) ( 8 17 25 )
8 26 ( 8 25 54 26 ) ( 8 49 19 26 )
8 49 ( 8 17 49 ) ( 8 33 25 49 )
8 54 ( 8 26 54 ) ( 8 49 26 25 54 )
9 41 ( 9 7 41 ) ( 9 54 41 )
12 13 ( 12 0 13 ) ( 12 24 13 )
12 20 ( 12 45 20 ) ( 12 0 20 )
12 23 ( 12 0 23 ) ( 12 24 23 )
12 24 ( 12 20 24 ) ( 12 45 24 )
12 28 ( 12 47 28 ) ( 12 24 28 )
12 30 ( 12 0 53 30 ) ( 12 20 30 )
12 42 ( 12 45 42 ) ( 12 28 42 )
12 45 ( 12 47 45 ) ( 12 24 0 45 )
12 47 ( 12 20 47 ) ( 12 45 47 )
12 53 ( 12 0 53 ) ( 12 45 53 )
13 20 ( 13 0 20 ) ( 13 24 20 )
13 23 ( 13 53 23 ) ( 13 12 23 )
13 24 ( 13 0 24 ) ( 13 23 24 )
13 28 ( 13 0 28 ) ( 13 53 23 28 )
13 30 ( 13 0 23 30 ) ( 13 12 30 )
13 45 ( 13 53 45 ) ( 13 20 45 )
13 47 ( 13 0 47 ) ( 13 24 47 )
13 53 ( 13 0 53 ) ( 13 12 23 53 )
14 15 ( 14 37 15 ) ( 14 18 15 )
14 18 ( 14 37 18 ) ( 14 36 18 )
14 34 ( 14 37 34 ) ( 14 1 34 )
14 35 ( 14 18 35 ) ( 14 36 35 )
14 36 ( 14 37 36 ) ( 14 18 36 )
14 37 ( 14 1 37 ) ( 14 18 1 36 37 )
15 18 ( 15 1 18 ) ( 15 37 18 )
15 34 ( 15 18 34 ) ( 15 37 34 )
15 36 ( 15 18 36 ) ( 15 1 37 36 )
15 37 ( 15 34 37 ) ( 15 1 37 )
20 23 ( 20 45 23 ) ( 20 0 23 )
20 24 ( 20 0 24 ) ( 20 12 24 )
23 24 ( 23 53 24 ) ( 23 12 24 )

EOF