DIMENSIONS
55 sommetsG2
50 sommetsG1
120 dem

SOMMETS
0  Paris  C  48.86  2.34
1  Marseille  C  43.31  5.37
2  Lyon  C  45.76  4.83
3  Toulouse  C  43.62  1.45
4  Nice  C  43.7  7.27
5  Nantes  C  47.23  -1.57
6  Strasbourg  C  48.58  7.76
7  Montpellier  C  43.61  3.87
8  Bordeaux  C  44.84  -0.58
9  Rennes  C  48.11  -1.68
10  Le-havre  T  49.5  0.12
11  Reims  C  49.25  4.03
12  Lille  C  50.64  3.07
13  Saint-etienne  C  45.43  4.39
14  Toulon  C  43.13  5.92
15  Grenoble  C  45.19  5.72
16  Angers  C  47.48  -0.54
17  Brest  C  48.39  -4.5
18  Le-mans  C  48  0.2
19  Dijon  C  47.33  5.03
20  Aix-en-provence  C  43.53  5.44
21  Clermont-ferrand  T  45.78  3.08
22  Nimes  C  43.84  4.35
23  Amiens  C  49.9  2.3
24  Tours  C  47.38  0.69
25  Limoges  C  45.83  1.25
26  Metz  C  49.12  6.18
27  Villeurbanne  C  45.77  4.88
28  Besancon  C  47.24  6.02
29  Caen  C  49.19  -0.36
30  Orleans  C  47.9  1.9
31  Mulhouse  C  47.76  7.34
32  Perpignan  C  42.7  2.89
33  Boulogne-billancourt  C  48.83  2.24
34  Rouen  C  49.44  1.08
35  Nancy  C  48.69  6.17
36  Roubaix  C  50.69  3.17
37  Tourcoing  C  50.72  3.16
38  Argenteuil  C  48.94  2.24
39  Avignon  C  43.96  4.81
40  Montreuil  C  48.86  2.43
41  Nanterre  C  48.9  2.2
42  Poitiers  C  46.58  0.34
43  Saint-denis  T  48.94  2.36
44  Versailles  C  48.81  2.14
45  Creteil  C  48.79  2.45
46  Pau  T  43.3  -0.39
47  La-rochelle  C  46.17  -1.18
48  Colombes  C  48.93  2.25
49  Asnieres-sur-seine  C  48.91  2.29
50  Calais  T  50.95  1.86
51  Aulnay-sous-bois  C  48.96  2.49
52  Vitry-sur-seine  C  48.79  2.39
53  Rueil-malmaison  C  48.89  2.17
54  Champigny-sur-marne  C  48.82  2.51

DEMANDES
0 1 ( 0 52 1 ) ( 0 45 1 )
0 2 ( 0 52 2 ) ( 0 33 2 )
0 3 ( 0 52 3 ) ( 0 30 3 )
0 4 ( 0 52 4 ) ( 0 2 4 )
0 5 ( 0 44 18 5 ) ( 0 16 5 )
0 6 ( 0 45 6 ) ( 0 52 35 6 )
0 7 ( 0 52 7 ) ( 0 40 7 )
0 8 ( 0 42 8 ) ( 0 44 8 )
0 9 ( 0 44 9 ) ( 0 49 9 )
0 11 ( 0 40 11 ) ( 0 51 11 )
0 12 ( 0 51 12 ) ( 0 49 12 )
0 13 ( 0 52 13 ) ( 0 51 54 13 )
0 14 ( 0 13 14 ) ( 0 45 14 )
0 15 ( 0 40 15 ) ( 0 54 15 )
0 16 ( 0 41 16 ) ( 0 49 16 )
0 17 ( 0 41 17 ) ( 0 49 38 17 )
0 18 ( 0 33 18 ) ( 0 48 18 )
0 19 ( 0 45 19 ) ( 0 40 19 )
0 20 ( 0 52 20 ) ( 0 40 20 )
0 22 ( 0 52 22 ) ( 0 45 22 )
0 23 ( 0 38 23 ) ( 0 40 23 )
0 24 ( 0 33 24 ) ( 0 44 24 )
0 25 ( 0 44 25 ) ( 0 41 25 )
0 26 ( 0 45 26 ) ( 0 52 11 26 )
0 27 ( 0 45 27 ) ( 0 2 27 )
0 28 ( 0 54 28 ) ( 0 52 28 )
0 29 ( 0 41 29 ) ( 0 44 29 )
0 30 ( 0 33 30 ) ( 0 52 30 )
0 31 ( 0 54 31 ) ( 0 51 31 )
0 32 ( 0 40 32 ) ( 0 33 32 )
0 33 ( 0 48 33 ) ( 0 49 38 33 )
0 34 ( 0 41 34 ) ( 0 38 34 )
0 35 ( 0 40 35 ) ( 0 45 35 )
0 36 ( 0 12 36 ) ( 0 49 36 )
0 37 ( 0 12 37 ) ( 0 49 37 )
0 38 ( 0 49 38 ) ( 0 41 48 38 )
0 39 ( 0 52 39 ) ( 0 45 39 )
0 40 ( 0 52 40 ) ( 0 49 48 40 )
0 41 ( 0 48 41 ) ( 0 53 41 )
0 42 ( 0 33 24 42 ) ( 0 49 42 )
0 44 ( 0 33 44 ) ( 0 49 44 )
0 45 ( 0 54 45 ) ( 0 33 45 )
0 47 ( 0 33 47 ) ( 0 24 47 )
0 48 ( 0 49 38 48 ) ( 0 33 48 )
0 49 ( 0 38 49 ) ( 0 33 49 )
0 51 ( 0 40 51 ) ( 0 52 51 )
0 52 ( 0 49 52 ) ( 0 54 52 )
0 53 ( 0 49 41 53 ) ( 0 33 53 )
0 54 ( 0 52 54 ) ( 0 49 54 )
1 2 ( 1 20 2 ) ( 1 13 2 )
1 3 ( 1 22 3 ) ( 1 39 3 )
1 4 ( 1 20 4 ) ( 1 39 4 )
1 5 ( 1 42 5 ) ( 1 7 5 )
1 6 ( 1 31 6 ) ( 1 20 6 )
1 7 ( 1 22 7 ) ( 1 20 7 )
1 8 ( 1 20 8 ) ( 1 32 8 )
1 9 ( 1 42 9 ) ( 1 25 9 )
1 11 ( 1 39 11 ) ( 1 15 11 )
1 12 ( 1 2 12 ) ( 1 27 12 )
1 13 ( 1 39 13 ) ( 1 20 13 )
1 14 ( 1 4 14 ) ( 1 7 14 )
1 15 ( 1 39 15 ) ( 1 14 15 )
1 16 ( 1 42 16 ) ( 1 7 16 )
1 18 ( 1 39 18 ) ( 1 24 18 )
1 19 ( 1 2 19 ) ( 1 15 19 )
1 20 ( 1 14 20 ) ( 1 39 20 )
1 22 ( 1 39 22 ) ( 1 15 22 )
1 23 ( 1 39 23 ) ( 1 40 23 )
1 24 ( 1 39 25 24 ) ( 1 42 24 )
1 25 ( 1 22 25 ) ( 1 39 25 )
1 26 ( 1 15 26 ) ( 1 35 26 )
1 27 ( 1 13 27 ) ( 1 7 27 )
1 28 ( 1 2 28 ) ( 1 14 28 )
1 30 ( 1 39 30 ) ( 1 20 22 30 )
1 31 ( 1 20 31 ) ( 1 15 31 )
1 32 ( 1 20 32 ) ( 1 22 32 )
1 35 ( 1 15 35 ) ( 1 28 35 )
1 39 ( 1 20 39 ) ( 1 22 39 )
2 3 ( 2 7 3 ) ( 2 39 3 )
2 4 ( 2 13 4 ) ( 2 20 4 )
2 6 ( 2 27 6 ) ( 2 28 31 6 )
2 7 ( 2 27 7 ) ( 2 13 7 )
2 11 ( 2 13 11 ) ( 2 19 28 11 )
2 13 ( 2 27 13 ) ( 2 39 13 )
2 14 ( 2 20 14 ) ( 2 1 14 )
2 15 ( 2 19 15 ) ( 2 27 20 15 )
2 19 ( 2 27 19 ) ( 2 35 19 )
2 20 ( 2 1 20 ) ( 2 13 15 20 )
2 22 ( 2 27 22 ) ( 2 13 22 )
2 27 ( 2 13 27 ) ( 2 19 27 )
2 28 ( 2 27 19 28 ) ( 2 13 28 )
2 39 ( 2 27 39 ) ( 2 13 39 )
3 4 ( 3 7 4 ) ( 3 20 4 )
3 5 ( 3 47 5 ) ( 3 42 5 )
3 7 ( 3 32 7 ) ( 3 22 7 )
3 8 ( 3 47 8 ) ( 3 25 24 8 )
3 13 ( 3 27 13 ) ( 3 39 13 )
3 22 ( 3 7 22 ) ( 3 32 22 )
3 25 ( 3 24 25 ) ( 3 7 25 )
3 32 ( 3 39 32 ) ( 3 8 32 )
4 7 ( 4 20 7 ) ( 4 39 7 )
4 14 ( 4 20 14 ) ( 4 27 14 )
4 15 ( 4 20 15 ) ( 4 2 15 )
4 20 ( 4 1 20 ) ( 4 15 20 )
5 8 ( 5 47 8 ) ( 5 16 42 8 )
5 9 ( 5 18 9 ) ( 5 24 16 9 )
5 16 ( 5 9 16 ) ( 5 42 16 )
5 18 ( 5 16 18 ) ( 5 47 18 )
5 47 ( 5 9 47 ) ( 5 42 47 )
6 26 ( 6 31 26 ) ( 6 28 26 )
6 31 ( 6 35 31 ) ( 6 26 31 )
7 13 ( 7 27 13 ) ( 7 39 22 13 )
7 20 ( 7 14 20 ) ( 7 32 20 )
7 22 ( 7 39 22 ) ( 7 1 22 )
7 32 ( 7 22 32 ) ( 7 3 32 )
7 39 ( 7 13 39 ) ( 7 27 39 )
9 16 ( 9 47 5 16 ) ( 9 8 16 )
12 23 ( 12 51 23 ) ( 12 38 23 )
14 20 ( 14 4 20 ) ( 14 39 7 20 )
16 18 ( 16 42 18 ) ( 16 29 18 )

EOF