DIMENSIONS
70 sommetsG2
65 sommetsG1
150 dem

SOMMETS
0  Paris  C  48.86  2.34
1  Marseille  C  43.31  5.37
2  Lyon  C  45.76  4.83
3  Toulouse  C  43.62  1.45
4  Nice  C  43.7  7.27
5  Nantes  C  47.23  -1.57
6  Strasbourg  C  48.58  7.76
7  Montpellier  C  43.61  3.87
8  Bordeaux  C  44.84  -0.58
9  Rennes  C  48.11  -1.68
10  Le-havre  C  49.5  0.12
11  Reims  C  49.25  4.03
12  Lille  C  50.64  3.07
13  Saint-etienne  C  45.43  4.39
14  Toulon  C  43.13  5.92
15  Grenoble  C  45.19  5.72
16  Angers  C  47.48  -0.54
17  Brest  C  48.39  -4.5
18  Le-mans  C  48  0.2
19  Dijon  C  47.33  5.03
20  Aix-en-provence  C  43.53  5.44
21  Clermont-ferrand  C  45.78  3.08
22  Nimes  C  43.84  4.35
23  Amiens  C  49.9  2.3
24  Tours  C  47.38  0.69
25  Limoges  C  45.83  1.25
26  Metz  C  49.12  6.18
27  Villeurbanne  T  45.77  4.88
28  Besancon  C  47.24  6.02
29  Caen  C  49.19  -0.36
30  Orleans  C  47.9  1.9
31  Mulhouse  C  47.76  7.34
32  Perpignan  C  42.7  2.89
33  Boulogne-billancourt  C  48.83  2.24
34  Rouen  C  49.44  1.08
35  Nancy  C  48.69  6.17
36  Roubaix  C  50.69  3.17
37  Tourcoing  C  50.72  3.16
38  Argenteuil  C  48.94  2.24
39  Avignon  C  43.96  4.81
40  Montreuil  C  48.86  2.43
41  Nanterre  C  48.9  2.2
42  Poitiers  C  46.58  0.34
43  Saint-denis  C  48.94  2.36
44  Versailles  C  48.81  2.14
45  Creteil  C  48.79  2.45
46  Pau  C  43.3  -0.39
47  La-rochelle  C  46.17  -1.18
48  Colombes  C  48.93  2.25
49  Asnieres-sur-seine  C  48.91  2.29
50  Calais  C  50.95  1.86
51  Aulnay-sous-bois  C  48.96  2.49
52  Vitry-sur-seine  C  48.79  2.39
53  Rueil-malmaison  C  48.89  2.17
54  Champigny-sur-marne  T  48.82  2.51
55  Beziers  T  43.35  3.21
56  Saint-maur-des-fosses  C  48.8  2.49
57  Dunkerque  C  51.04  2.34
58  Antibes  T  43.6  7.12
59  Saint-nazaire  C  47.28  -2.22
60  Courbevoie  C  48.9  2.25
61  Bourges  C  47.08  2.39
62  Colmar  C  48.08  7.36
63  Valence  T  44.94  4.89
64  Cannes  C  43.56  7.02
65  Villeneuve-d'ascq  C  50.62  3.14
66  Quimper  C  47.99  -4.11
67  Merignac  C  44.87  -0.65
68  Antony  C  48.76  2.3
69  La-seyne-sur-mer  C  43.11  5.87

DEMANDES
0 1 ( 0 13 1 ) ( 0 45 1 )
0 2 ( 0 52 2 ) ( 0 68 2 )
0 3 ( 0 68 3 ) ( 0 30 3 )
0 4 ( 0 45 4 ) ( 0 40 4 )
0 5 ( 0 48 5 ) ( 0 43 5 )
0 6 ( 0 40 35 6 ) ( 0 56 6 )
0 7 ( 0 52 7 ) ( 0 21 7 )
0 8 ( 0 68 8 ) ( 0 33 8 )
0 9 ( 0 41 9 ) ( 0 33 53 9 )
0 10 ( 0 53 10 ) ( 0 49 10 )
0 11 ( 0 56 11 ) ( 0 45 11 )
0 12 ( 0 43 12 ) ( 0 65 12 )
0 13 ( 0 52 13 ) ( 0 68 13 )
0 14 ( 0 52 14 ) ( 0 20 14 )
0 15 ( 0 56 15 ) ( 0 40 15 )
0 16 ( 0 44 16 ) ( 0 68 16 )
0 17 ( 0 44 17 ) ( 0 53 17 )
0 18 ( 0 33 18 ) ( 0 44 18 )
0 19 ( 0 51 19 ) ( 0 49 19 )
0 20 ( 0 13 20 ) ( 0 45 20 )
0 21 ( 0 52 21 ) ( 0 68 21 )
0 22 ( 0 56 22 ) ( 0 21 22 )
0 23 ( 0 43 23 ) ( 0 60 23 )
0 24 ( 0 44 24 ) ( 0 60 24 )
0 25 ( 0 68 25 ) ( 0 30 25 )
0 26 ( 0 40 26 ) ( 0 56 26 )
0 28 ( 0 45 28 ) ( 0 52 28 )
0 29 ( 0 60 29 ) ( 0 33 29 )
0 30 ( 0 33 30 ) ( 0 52 68 30 )
0 31 ( 0 56 31 ) ( 0 52 31 )
0 32 ( 0 61 32 ) ( 0 52 32 )
0 33 ( 0 68 33 ) ( 0 48 33 )
0 34 ( 0 49 48 34 ) ( 0 41 53 34 )
0 35 ( 0 40 35 ) ( 0 45 35 )
0 36 ( 0 40 36 ) ( 0 37 36 )
0 37 ( 0 51 12 37 ) ( 0 49 37 )
0 38 ( 0 48 38 ) ( 0 49 38 )
0 39 ( 0 52 39 ) ( 0 56 39 )
0 40 ( 0 52 40 ) ( 0 45 40 )
0 41 ( 0 60 41 ) ( 0 48 41 )
0 42 ( 0 33 42 ) ( 0 24 42 )
0 43 ( 0 60 43 ) ( 0 48 43 )
0 44 ( 0 33 44 ) ( 0 41 44 )
0 45 ( 0 43 45 ) ( 0 51 45 )
0 46 ( 0 33 46 ) ( 0 25 46 )
0 47 ( 0 68 47 ) ( 0 48 47 )
0 48 ( 0 49 48 ) ( 0 38 48 )
0 49 ( 0 60 38 49 ) ( 0 33 49 )
0 50 ( 0 43 50 ) ( 0 38 50 )
0 51 ( 0 52 51 ) ( 0 45 51 )
0 52 ( 0 45 52 ) ( 0 49 52 )
0 53 ( 0 41 53 ) ( 0 48 38 53 )
0 56 ( 0 45 56 ) ( 0 40 56 )
0 57 ( 0 43 57 ) ( 0 60 48 57 )
0 59 ( 0 33 59 ) ( 0 44 59 )
0 60 ( 0 49 60 ) ( 0 48 60 )
0 61 ( 0 68 61 ) ( 0 52 61 )
0 62 ( 0 56 62 ) ( 0 45 62 )
0 64 ( 0 15 64 ) ( 0 45 64 )
0 65 ( 0 43 65 ) ( 0 12 65 )
0 66 ( 0 44 66 ) ( 0 33 66 )
0 67 ( 0 68 67 ) ( 0 52 67 )
0 68 ( 0 52 68 ) ( 0 49 68 )
0 69 ( 0 52 69 ) ( 0 13 69 )
1 2 ( 1 13 2 ) ( 1 15 2 )
1 3 ( 1 20 3 ) ( 1 32 3 )
1 4 ( 1 64 4 ) ( 1 20 4 )
1 5 ( 1 22 5 ) ( 1 25 5 )
1 6 ( 1 31 6 ) ( 1 20 6 )
1 7 ( 1 22 7 ) ( 1 20 7 )
1 8 ( 1 3 8 ) ( 1 39 8 )
1 9 ( 1 39 9 ) ( 1 21 9 )
1 10 ( 1 39 10 ) ( 1 21 10 )
1 11 ( 1 2 11 ) ( 1 20 11 )
1 12 ( 1 2 12 ) ( 1 13 12 )
1 13 ( 1 20 13 ) ( 1 22 13 )
1 14 ( 1 69 14 ) ( 1 39 14 )
1 15 ( 1 39 15 ) ( 1 2 15 )
1 16 ( 1 42 16 ) ( 1 39 16 )
1 18 ( 1 24 18 ) ( 1 21 18 )
1 19 ( 1 2 19 ) ( 1 39 19 )
1 20 ( 1 69 20 ) ( 1 22 20 )
1 21 ( 1 20 21 ) ( 1 7 21 )
1 22 ( 1 39 22 ) ( 1 7 22 )
1 23 ( 1 13 23 ) ( 1 39 23 )
1 24 ( 1 39 24 ) ( 1 22 24 )
1 25 ( 1 20 25 ) ( 1 3 25 )
1 26 ( 1 15 26 ) ( 1 20 26 )
1 28 ( 1 39 28 ) ( 1 69 28 )
1 30 ( 1 39 30 ) ( 1 13 30 )
1 31 ( 1 20 31 ) ( 1 15 31 )
1 32 ( 1 20 32 ) ( 1 22 32 )
1 33 ( 1 68 33 ) ( 1 13 33 )
1 35 ( 1 19 35 ) ( 1 13 35 )
1 39 ( 1 20 39 ) ( 1 22 39 )
1 64 ( 1 69 64 ) ( 1 4 64 )
1 69 ( 1 39 69 ) ( 1 22 69 )
2 3 ( 2 21 3 ) ( 2 22 3 )
2 4 ( 2 13 4 ) ( 2 20 4 )
2 5 ( 2 24 5 ) ( 2 13 5 )
2 6 ( 2 62 6 ) ( 2 19 6 )
2 7 ( 2 22 39 7 ) ( 2 15 7 )
2 11 ( 2 13 11 ) ( 2 28 19 11 )
2 13 ( 2 21 13 ) ( 2 22 13 )
2 14 ( 2 20 69 14 ) ( 2 15 14 )
2 15 ( 2 39 15 ) ( 2 19 15 )
2 19 ( 2 28 19 ) ( 2 15 19 )
2 20 ( 2 13 20 ) ( 2 15 20 )
2 21 ( 2 13 21 ) ( 2 22 21 )
2 22 ( 2 7 22 ) ( 2 15 22 )
2 25 ( 2 13 25 ) ( 2 61 25 )
2 28 ( 2 19 28 ) ( 2 15 28 )
2 39 ( 2 22 39 ) ( 2 1 39 )
3 4 ( 3 7 4 ) ( 3 64 4 )
3 5 ( 3 67 5 ) ( 3 59 5 )
3 7 ( 3 13 7 ) ( 3 1 7 )
3 8 ( 3 46 8 ) ( 3 47 8 )
3 13 ( 3 22 13 ) ( 3 2 13 )
3 21 ( 3 25 21 ) ( 3 32 21 )
3 22 ( 3 39 22 ) ( 3 21 22 )
3 25 ( 3 21 25 ) ( 3 32 25 )
3 32 ( 3 22 32 ) ( 3 39 32 )
3 46 ( 3 8 46 ) ( 3 32 46 )
4 7 ( 4 64 7 ) ( 4 1 7 )
4 14 ( 4 64 14 ) ( 4 69 14 )
4 15 ( 4 64 15 ) ( 4 2 15 )
4 20 ( 4 14 20 ) ( 4 1 20 )
4 64 ( 4 14 69 64 ) ( 4 20 64 )
5 8 ( 5 59 8 ) ( 5 16 8 )
5 9 ( 5 59 9 ) ( 5 16 9 )
5 10 ( 5 29 10 ) ( 5 9 10 )
5 16 ( 5 9 16 ) ( 5 18 16 )
5 18 ( 5 16 18 ) ( 5 59 18 )
5 47 ( 5 59 47 ) ( 5 16 47 )
5 59 ( 5 9 59 ) ( 5 66 59 )
6 26 ( 6 35 26 ) ( 6 62 26 )
6 31 ( 6 19 31 ) ( 6 62 19 35 31 )
6 35 ( 6 26 35 ) ( 6 28 35 )
6 62 ( 6 31 62 ) ( 6 28 62 )
7 13 ( 7 39 13 ) ( 7 2 13 )
7 20 ( 7 22 20 ) ( 7 39 20 )
7 22 ( 7 39 22 ) ( 7 1 20 22 )
7 32 ( 7 39 32 ) ( 7 13 32 )
7 39 ( 7 22 39 ) ( 7 20 39 )
9 16 ( 9 59 16 ) ( 9 29 16 )
10 29 ( 10 16 29 ) ( 10 34 18 29 )
10 34 ( 10 53 34 ) ( 10 44 34 )
12 23 ( 12 37 23 ) ( 12 57 23 )
14 20 ( 14 69 20 ) ( 14 39 20 )
16 18 ( 16 24 18 ) ( 16 42 18 )

EOF