DIMENSIONS
25 sommetsG2
20 sommetsG1
30 dem

SOMMETS
0  Paris  C  48.86  2.34
1  Marseille  C  43.31  5.37
2  Lyon  C  45.76  4.83
3  Toulouse  C  43.62  1.45
4  Nice  T  43.7  7.27
5  Nantes  C  47.23  -1.57
6  Strasbourg  C  48.58  7.76
7  Montpellier  C  43.61  3.87
8  Bordeaux  C  44.84  -0.58
9  Rennes  T  48.11  -1.68
10  Le-havre  C  49.5  0.12
11  Reims  C  49.25  4.03
12  Lille  C  50.64  3.07
13  Saint-etienne  C  45.43  4.39
14  Toulon  C  43.13  5.92
15  Grenoble  C  45.19  5.72
16  Angers  C  47.48  -0.54
17  Brest  C  48.39  -4.5
18  Le-mans  C  48  0.2
19  Dijon  T  47.33  5.03
20  Aix-en-provence  C  43.53  5.44
21  Clermont-ferrand  T  45.78  3.08
22  Nimes  T  43.84  4.35
23  Amiens  C  49.9  2.3
24  Tours  C  47.38  0.69

DEMANDES
0 1 ( 0 23 1 ) ( 0 24 1 )
0 2 ( 0 13 2 ) ( 0 23 2 )
0 3 ( 0 24 3 ) ( 0 18 3 )
0 5 ( 0 24 16 5 ) ( 0 23 5 )
0 6 ( 0 11 6 ) ( 0 23 6 )
0 7 ( 0 13 7 ) ( 0 2 7 )
0 8 ( 0 16 8 ) ( 0 5 8 )
0 10 ( 0 24 10 ) ( 0 11 23 10 )
0 11 ( 0 12 11 ) ( 0 13 11 )
0 12 ( 0 11 12 ) ( 0 10 12 )
0 13 ( 0 2 13 ) ( 0 23 13 )
0 14 ( 0 13 14 ) ( 0 20 1 14 )
0 15 ( 0 2 15 ) ( 0 13 15 )
0 16 ( 0 10 16 ) ( 0 23 18 16 )
0 17 ( 0 18 17 ) ( 0 16 17 )
0 18 ( 0 16 18 ) ( 0 12 18 )
0 20 ( 0 15 20 ) ( 0 13 2 20 )
0 23 ( 0 12 23 ) ( 0 18 23 )
0 24 ( 0 23 24 ) ( 0 10 24 )
1 2 ( 1 20 2 ) ( 1 13 2 )
1 3 ( 1 7 3 ) ( 1 13 2 3 )
1 6 ( 1 20 6 ) ( 1 15 6 )
1 7 ( 1 13 7 ) ( 1 15 7 )
1 13 ( 1 2 13 ) ( 1 14 20 13 )
1 14 ( 1 15 14 ) ( 1 11 14 )
1 15 ( 1 14 15 ) ( 1 2 15 )
1 20 ( 1 2 20 ) ( 1 3 7 20 )
2 7 ( 2 13 7 ) ( 2 15 7 )
2 13 ( 2 20 13 ) ( 2 1 13 )
2 15 ( 2 20 15 ) ( 2 1 15 )

EOF