DIMENSIONS
100 sommetsG2
95 sommetsG1
80 dem

SOMMETS
0  Paris  C  48.86  2.34
1  Marseille  C  43.31  5.37
2  Lyon  C  45.76  4.83
3  Toulouse  C  43.62  1.45
4  Nice  C  43.7  7.27
5  Nantes  C  47.23  -1.57
6  Strasbourg  C  48.58  7.76
7  Montpellier  C  43.61  3.87
8  Bordeaux  C  44.84  -0.58
9  Rennes  C  48.11  -1.68
10  Le-havre  C  49.5  0.12
11  Reims  C  49.25  4.03
12  Lille  C  50.64  3.07
13  Saint-etienne  C  45.43  4.39
14  Toulon  C  43.13  5.92
15  Grenoble  C  45.19  5.72
16  Angers  C  47.48  -0.54
17  Brest  C  48.39  -4.5
18  Le-mans  C  48  0.2
19  Dijon  C  47.33  5.03
20  Aix-en-provence  C  43.53  5.44
21  Clermont-ferrand  C  45.78  3.08
22  Nimes  C  43.84  4.35
23  Amiens  C  49.9  2.3
24  Tours  C  47.38  0.69
25  Limoges  C  45.83  1.25
26  Metz  C  49.12  6.18
27  Villeurbanne  C  45.77  4.88
28  Besancon  C  47.24  6.02
29  Caen  C  49.19  -0.36
30  Orleans  C  47.9  1.9
31  Mulhouse  C  47.76  7.34
32  Perpignan  C  42.7  2.89
33  Boulogne-billancourt  C  48.83  2.24
34  Rouen  C  49.44  1.08
35  Nancy  C  48.69  6.17
36  Roubaix  C  50.69  3.17
37  Tourcoing  C  50.72  3.16
38  Argenteuil  C  48.94  2.24
39  Avignon  T  43.96  4.81
40  Montreuil  C  48.86  2.43
41  Nanterre  C  48.9  2.2
42  Poitiers  C  46.58  0.34
43  Saint-denis  C  48.94  2.36
44  Versailles  C  48.81  2.14
45  Creteil  C  48.79  2.45
46  Pau  C  43.3  -0.39
47  La-rochelle  C  46.17  -1.18
48  Colombes  C  48.93  2.25
49  Asnieres-sur-seine  C  48.91  2.29
50  Calais  C  50.95  1.86
51  Aulnay-sous-bois  C  48.96  2.49
52  Vitry-sur-seine  C  48.79  2.39
53  Rueil-malmaison  C  48.89  2.17
54  Champigny-sur-marne  C  48.82  2.51
55  Beziers  C  43.35  3.21
56  Saint-maur-des-fosses  C  48.8  2.49
57  Dunkerque  C  51.04  2.34
58  Antibes  C  43.6  7.12
59  Saint-nazaire  C  47.28  -2.22
60  Courbevoie  C  48.9  2.25
61  Bourges  C  47.08  2.39
62  Colmar  C  48.08  7.36
63  Valence  C  44.94  4.89
64  Cannes  C  43.56  7.02
65  Villeneuve-d'ascq  C  50.62  3.14
66  Quimper  C  47.99  -4.11
67  Merignac  C  44.87  -0.65
68  Antony  C  48.76  2.3
69  La-seyne-sur-mer  C  43.11  5.87
70  Aubervillers  C  48.92  2.38
71  Troyes  C  48.3  4.08
72  Lorient  C  47.74  -3.37
73  Neuilly-sur-seine  C  48.89  2.27
74  Drancy  C  48.94  2.46
75  Saint-quentin  C  49.85  3.28
76  Pessac  C  44.8  -0.66
77  Chambery  C  45.58  5.91
78  Venissieux  T  45.69  4.86
79  Levallois-perret  T  48.9  2.29
80  Niort  C  46.32  -0.47
81  Sarcelles  C  49  2.38
82  Noisy-le-grand  C  48.85  2.55
83  Charleville-mezieres  C  49.75  4.73
84  Cholet  T  47.07  -0.88
85  Beauvais  C  49.43  2.09
86  Issy-les-moulineaux  C  48.83  2.26
87  Saint-malo  C  48.66  -2.01
88  Vannes  C  47.66  -2.76
89  Cergy  C  49.04  2.07
90  Arles  C  43.69  4.63
91  Hyeres  T  43.13  6.12
92  Montauban  C  44.02  1.35
93  Laval  C  48.07  -0.78
94  La-roche-sur-yon  C  46.67  -1.44
95  Evreux  C  49.03  1.14
96  Clichy  C  48.91  2.3
97  Belfort  C  47.65  6.85
98  Annecy  C  45.91  6.12
99  Clamart  C  48.8  2.26

DEMANDES
0 1 ( 0 13 1 ) ( 0 68 1 )
0 2 ( 0 54 2 ) ( 0 99 2 )
0 3 ( 0 68 3 ) ( 0 86 3 )
0 4 ( 0 15 4 ) ( 0 45 4 )
0 5 ( 0 86 5 ) ( 0 18 5 )
0 6 ( 0 54 6 ) ( 0 45 6 )
0 7 ( 0 52 7 ) ( 0 45 21 7 )
0 8 ( 0 33 8 ) ( 0 30 8 )
0 9 ( 0 86 9 ) ( 0 73 9 )
0 10 ( 0 41 10 ) ( 0 73 10 )
0 11 ( 0 82 11 ) ( 0 74 11 )
0 12 ( 0 96 12 ) ( 0 40 12 )
0 13 ( 0 45 13 ) ( 0 68 13 )
0 14 ( 0 63 14 ) ( 0 45 14 )
0 15 ( 0 45 15 ) ( 0 56 15 )
0 16 ( 0 86 16 ) ( 0 18 16 )
0 18 ( 0 99 18 ) ( 0 41 53 18 )
0 19 ( 0 54 19 ) ( 0 52 19 )
0 20 ( 0 52 20 ) ( 0 13 20 )
0 21 ( 0 68 21 ) ( 0 45 21 )
0 22 ( 0 56 22 ) ( 0 21 22 )
0 23 ( 0 43 23 ) ( 0 81 23 )
0 24 ( 0 33 24 ) ( 0 73 24 )
0 25 ( 0 68 25 ) ( 0 52 25 )
0 26 ( 0 82 26 ) ( 0 45 26 )
0 27 ( 0 56 27 ) ( 0 40 27 )
0 28 ( 0 56 28 ) ( 0 40 28 )
0 29 ( 0 53 29 ) ( 0 41 29 )
0 30 ( 0 68 30 ) ( 0 86 30 )
0 31 ( 0 40 31 ) ( 0 45 31 )
0 33 ( 0 86 99 33 ) ( 0 60 33 )
0 34 ( 0 60 34 ) ( 0 73 34 )
0 35 ( 0 82 35 ) ( 0 40 54 35 )
0 36 ( 0 65 36 ) ( 0 43 36 )
0 37 ( 0 81 37 ) ( 0 65 37 )
0 38 ( 0 96 38 ) ( 0 60 48 38 )
0 40 ( 0 96 40 ) ( 0 49 40 )
0 41 ( 0 60 41 ) ( 0 96 41 )
0 42 ( 0 99 42 ) ( 0 68 42 )
0 43 ( 0 49 43 ) ( 0 70 81 43 )
0 44 ( 0 33 44 ) ( 0 86 44 )
0 45 ( 0 52 45 ) ( 0 54 56 45 )
0 48 ( 0 60 73 48 ) ( 0 70 48 )
0 49 ( 0 96 49 ) ( 0 73 60 49 )
0 50 ( 0 96 50 ) ( 0 49 50 )
0 51 ( 0 74 51 ) ( 0 40 51 )
0 52 ( 0 45 52 ) ( 0 70 43 52 )
0 53 ( 0 41 53 ) ( 0 86 53 )
0 54 ( 0 56 54 ) ( 0 45 54 )
0 56 ( 0 40 56 ) ( 0 52 45 56 )
0 57 ( 0 43 23 57 ) ( 0 96 57 )
0 60 ( 0 96 60 ) ( 0 73 49 60 )
0 61 ( 0 68 61 ) ( 0 45 61 )
0 65 ( 0 51 65 ) ( 0 40 65 )
0 68 ( 0 33 68 ) ( 0 73 68 )
0 70 ( 0 43 70 ) ( 0 40 70 )
0 71 ( 0 40 71 ) ( 0 45 71 )
0 73 ( 0 49 96 73 ) ( 0 48 73 )
0 74 ( 0 40 74 ) ( 0 96 74 )
0 75 ( 0 70 75 ) ( 0 51 75 )
0 81 ( 0 43 81 ) ( 0 70 81 )
0 82 ( 0 45 82 ) ( 0 70 82 )
0 83 ( 0 74 83 ) ( 0 40 83 )
0 85 ( 0 49 85 ) ( 0 70 43 85 )
0 86 ( 0 33 86 ) ( 0 99 86 )
0 89 ( 0 48 89 ) ( 0 38 89 )
0 95 ( 0 60 95 ) ( 0 86 33 95 )
0 96 ( 0 49 96 ) ( 0 60 96 )
0 99 ( 0 86 99 ) ( 0 68 99 )
1 2 ( 1 63 2 ) ( 1 20 2 )
1 3 ( 1 90 3 ) ( 1 20 3 )
1 4 ( 1 14 4 ) ( 1 90 4 )
1 7 ( 1 22 7 ) ( 1 69 7 )
1 13 ( 1 20 13 ) ( 1 90 13 )
1 14 ( 1 20 69 14 ) ( 1 58 14 )
1 15 ( 1 20 15 ) ( 1 69 15 )
1 20 ( 1 14 69 20 ) ( 1 58 20 )
1 22 ( 1 90 22 ) ( 1 7 22 )
1 69 ( 1 90 69 ) ( 1 22 69 )
2 13 ( 2 27 13 ) ( 2 63 13 )

EOF