DIMENSIONS
45 sommetsG2
40 sommetsG1
140 dem

SOMMETS
0  Paris  C  48.86  2.34
1  Marseille  C  43.31  5.37
2  Lyon  C  45.76  4.83
3  Toulouse  C  43.62  1.45
4  Nice  C  43.7  7.27
5  Nantes  C  47.23  -1.57
6  Strasbourg  C  48.58  7.76
7  Montpellier  C  43.61  3.87
8  Bordeaux  T  44.84  -0.58
9  Rennes  C  48.11  -1.68
10  Le-havre  C  49.5  0.12
11  Reims  C  49.25  4.03
12  Lille  C  50.64  3.07
13  Saint-etienne  C  45.43  4.39
14  Toulon  C  43.13  5.92
15  Grenoble  C  45.19  5.72
16  Angers  C  47.48  -0.54
17  Brest  T  48.39  -4.5
18  Le-mans  C  48  0.2
19  Dijon  C  47.33  5.03
20  Aix-en-provence  C  43.53  5.44
21  Clermont-ferrand  C  45.78  3.08
22  Nimes  C  43.84  4.35
23  Amiens  C  49.9  2.3
24  Tours  C  47.38  0.69
25  Limoges  C  45.83  1.25
26  Metz  C  49.12  6.18
27  Villeurbanne  C  45.77  4.88
28  Besancon  C  47.24  6.02
29  Caen  C  49.19  -0.36
30  Orleans  C  47.9  1.9
31  Mulhouse  C  47.76  7.34
32  Perpignan  C  42.7  2.89
33  Boulogne-billancourt  C  48.83  2.24
34  Rouen  C  49.44  1.08
35  Nancy  T  48.69  6.17
36  Roubaix  C  50.69  3.17
37  Tourcoing  T  50.72  3.16
38  Argenteuil  C  48.94  2.24
39  Avignon  C  43.96  4.81
40  Montreuil  C  48.86  2.43
41  Nanterre  T  48.9  2.2
42  Poitiers  C  46.58  0.34
43  Saint-denis  C  48.94  2.36
44  Versailles  C  48.81  2.14

DEMANDES
0 1 ( 0 39 1 ) ( 0 40 1 )
0 2 ( 0 27 2 ) ( 0 43 2 )
0 3 ( 0 33 3 ) ( 0 44 3 )
0 4 ( 0 15 4 ) ( 0 40 4 )
0 5 ( 0 18 5 ) ( 0 44 5 )
0 6 ( 0 40 6 ) ( 0 43 6 )
0 7 ( 0 33 7 ) ( 0 43 7 )
0 9 ( 0 44 9 ) ( 0 33 9 )
0 10 ( 0 43 10 ) ( 0 38 33 10 )
0 11 ( 0 40 11 ) ( 0 43 11 )
0 12 ( 0 38 12 ) ( 0 40 43 12 )
0 13 ( 0 33 13 ) ( 0 43 13 )
0 14 ( 0 20 14 ) ( 0 2 14 )
0 15 ( 0 27 15 ) ( 0 43 15 )
0 16 ( 0 18 16 ) ( 0 44 33 16 )
0 18 ( 0 33 44 18 ) ( 0 38 18 )
0 19 ( 0 43 19 ) ( 0 33 19 )
0 20 ( 0 40 20 ) ( 0 39 20 )
0 21 ( 0 40 21 ) ( 0 43 21 )
0 22 ( 0 13 22 ) ( 0 43 33 22 )
0 23 ( 0 38 23 ) ( 0 40 23 )
0 24 ( 0 33 44 24 ) ( 0 43 24 )
0 25 ( 0 30 25 ) ( 0 33 25 )
0 26 ( 0 40 26 ) ( 0 33 26 )
0 27 ( 0 38 27 ) ( 0 44 27 )
0 28 ( 0 40 28 ) ( 0 38 28 )
0 29 ( 0 33 29 ) ( 0 44 29 )
0 30 ( 0 40 30 ) ( 0 43 30 )
0 31 ( 0 40 31 ) ( 0 43 31 )
0 32 ( 0 21 32 ) ( 0 30 32 )
0 33 ( 0 38 33 ) ( 0 30 44 33 )
0 34 ( 0 43 34 ) ( 0 33 44 30 34 )
0 36 ( 0 40 36 ) ( 0 33 36 )
0 38 ( 0 33 38 ) ( 0 44 38 )
0 39 ( 0 13 39 ) ( 0 33 39 )
0 40 ( 0 43 40 ) ( 0 33 40 )
0 42 ( 0 33 42 ) ( 0 18 42 )
0 43 ( 0 40 43 ) ( 0 38 43 )
0 44 ( 0 38 33 44 ) ( 0 40 44 )
1 2 ( 1 20 2 ) ( 1 27 2 )
1 3 ( 1 7 3 ) ( 1 22 3 )
1 4 ( 1 14 4 ) ( 1 39 4 )
1 5 ( 1 25 5 ) ( 1 42 5 )
1 6 ( 1 31 6 ) ( 1 15 6 )
1 7 ( 1 14 7 ) ( 1 13 7 )
1 9 ( 1 20 9 ) ( 1 22 21 9 )
1 10 ( 1 39 10 ) ( 1 30 10 )
1 11 ( 1 2 11 ) ( 1 27 11 )
1 12 ( 1 27 12 ) ( 1 13 12 )
1 13 ( 1 39 13 ) ( 1 20 13 )
1 14 ( 1 20 14 ) ( 1 22 20 39 14 )
1 15 ( 1 39 15 ) ( 1 27 15 )
1 16 ( 1 22 16 ) ( 1 39 16 )
1 18 ( 1 24 18 ) ( 1 39 21 18 )
1 19 ( 1 2 19 ) ( 1 28 19 )
1 20 ( 1 14 20 ) ( 1 39 20 )
1 21 ( 1 20 13 21 ) ( 1 2 21 )
1 22 ( 1 39 22 ) ( 1 20 22 )
1 23 ( 1 40 23 ) ( 1 20 23 )
1 24 ( 1 22 24 ) ( 1 21 24 )
1 25 ( 1 22 25 ) ( 1 39 25 )
1 26 ( 1 15 26 ) ( 1 2 26 )
1 27 ( 1 20 2 27 ) ( 1 15 27 )
1 28 ( 1 15 28 ) ( 1 20 28 )
1 30 ( 1 39 21 30 ) ( 1 27 30 )
1 31 ( 1 4 31 ) ( 1 22 31 )
1 32 ( 1 7 32 ) ( 1 20 32 )
1 33 ( 1 13 33 ) ( 1 40 33 )
1 39 ( 1 20 39 ) ( 1 7 39 )
1 42 ( 1 22 42 ) ( 1 39 42 )
2 3 ( 2 13 3 ) ( 2 27 3 )
2 4 ( 2 15 4 ) ( 2 27 4 )
2 5 ( 2 27 5 ) ( 2 24 5 )
2 6 ( 2 31 6 ) ( 2 15 6 )
2 7 ( 2 27 7 ) ( 2 39 7 )
2 11 ( 2 19 11 ) ( 2 13 11 )
2 12 ( 2 36 12 ) ( 2 19 12 )
2 13 ( 2 15 27 13 ) ( 2 21 13 )
2 14 ( 2 27 14 ) ( 2 20 14 )
2 15 ( 2 13 15 ) ( 2 39 15 )
2 19 ( 2 28 19 ) ( 2 15 19 )
2 20 ( 2 27 20 ) ( 2 39 20 )
2 21 ( 2 13 21 ) ( 2 19 21 )
2 22 ( 2 13 22 ) ( 2 20 22 )
2 25 ( 2 15 25 ) ( 2 19 25 )
2 26 ( 2 27 26 ) ( 2 28 26 )
2 27 ( 2 13 27 ) ( 2 19 27 )
2 28 ( 2 27 28 ) ( 2 26 28 )
2 30 ( 2 27 30 ) ( 2 13 30 )
2 31 ( 2 28 31 ) ( 2 13 31 )
2 39 ( 2 22 39 ) ( 2 20 39 )
3 4 ( 3 7 4 ) ( 3 39 4 )
3 5 ( 3 42 5 ) ( 3 25 5 )
3 7 ( 3 39 7 ) ( 3 22 20 7 )
3 9 ( 3 16 9 ) ( 3 42 9 )
3 13 ( 3 21 13 ) ( 3 7 13 )
3 14 ( 3 1 14 ) ( 3 7 14 )
3 16 ( 3 25 16 ) ( 3 42 18 16 )
3 20 ( 3 1 20 ) ( 3 14 20 )
3 21 ( 3 32 21 ) ( 3 22 21 )
3 22 ( 3 7 22 ) ( 3 32 22 )
3 24 ( 3 25 24 ) ( 3 42 24 )
3 25 ( 3 42 25 ) ( 3 21 25 )
3 32 ( 3 21 7 32 ) ( 3 1 32 )
4 6 ( 4 15 6 ) ( 4 27 6 )
4 7 ( 4 22 7 ) ( 4 15 7 )
4 13 ( 4 2 13 ) ( 4 27 13 )
4 14 ( 4 20 39 14 ) ( 4 7 14 )
4 15 ( 4 20 15 ) ( 4 14 15 )
4 20 ( 4 14 20 ) ( 4 1 20 )
4 22 ( 4 39 22 ) ( 4 7 22 )
5 9 ( 5 16 18 9 ) ( 5 44 9 )
5 10 ( 5 29 10 ) ( 5 16 10 )
5 16 ( 5 18 16 ) ( 5 24 16 )
5 18 ( 5 16 18 ) ( 5 9 18 )
5 24 ( 5 16 24 ) ( 5 18 24 )
6 26 ( 6 31 26 ) ( 6 28 26 )
6 31 ( 6 19 31 ) ( 6 27 31 )
7 13 ( 7 39 13 ) ( 7 27 13 )
7 14 ( 7 1 14 ) ( 7 22 14 )
7 20 ( 7 22 20 ) ( 7 1 20 )
7 22 ( 7 1 22 ) ( 7 20 39 22 )
7 32 ( 7 22 32 ) ( 7 39 32 )
7 39 ( 7 14 39 ) ( 7 22 13 39 )
9 10 ( 9 29 10 ) ( 9 18 10 )
9 16 ( 9 29 16 ) ( 9 24 16 )
9 18 ( 9 16 18 ) ( 9 5 18 )
10 18 ( 10 34 18 ) ( 10 16 18 )
10 29 ( 10 34 29 ) ( 10 18 29 )
10 34 ( 10 29 34 ) ( 10 18 34 )
11 12 ( 11 43 12 ) ( 11 38 12 )
12 23 ( 12 36 23 ) ( 12 43 23 )
12 36 ( 12 23 36 ) ( 12 40 36 )
13 15 ( 13 22 15 ) ( 13 20 15 )
13 27 ( 13 2 27 ) ( 13 21 27 )
14 20 ( 14 39 20 ) ( 14 22 20 )
15 27 ( 15 2 27 ) ( 15 13 27 )
16 18 ( 16 42 24 18 ) ( 16 5 18 )
18 24 ( 18 42 24 ) ( 18 29 24 )
19 28 ( 19 31 28 ) ( 19 15 28 )

EOF