DIMENSIONS
45 sommetsG2
40 sommetsG1
40 dem

SOMMETS
0  Paris  C  48.86  2.34
1  Marseille  C  43.31  5.37
2  Lyon  C  45.76  4.83
3  Toulouse  C  43.62  1.45
4  Nice  C  43.7  7.27
5  Nantes  C  47.23  -1.57
6  Strasbourg  C  48.58  7.76
7  Montpellier  C  43.61  3.87
8  Bordeaux  T  44.84  -0.58
9  Rennes  C  48.11  -1.68
10  Le-havre  C  49.5  0.12
11  Reims  C  49.25  4.03
12  Lille  C  50.64  3.07
13  Saint-etienne  C  45.43  4.39
14  Toulon  C  43.13  5.92
15  Grenoble  C  45.19  5.72
16  Angers  C  47.48  -0.54
17  Brest  T  48.39  -4.5
18  Le-mans  C  48  0.2
19  Dijon  C  47.33  5.03
20  Aix-en-provence  C  43.53  5.44
21  Clermont-ferrand  C  45.78  3.08
22  Nimes  C  43.84  4.35
23  Amiens  C  49.9  2.3
24  Tours  C  47.38  0.69
25  Limoges  C  45.83  1.25
26  Metz  C  49.12  6.18
27  Villeurbanne  C  45.77  4.88
28  Besancon  C  47.24  6.02
29  Caen  C  49.19  -0.36
30  Orleans  C  47.9  1.9
31  Mulhouse  C  47.76  7.34
32  Perpignan  C  42.7  2.89
33  Boulogne-billancourt  C  48.83  2.24
34  Rouen  C  49.44  1.08
35  Nancy  T  48.69  6.17
36  Roubaix  C  50.69  3.17
37  Tourcoing  T  50.72  3.16
38  Argenteuil  C  48.94  2.24
39  Avignon  C  43.96  4.81
40  Montreuil  C  48.86  2.43
41  Nanterre  T  48.9  2.2
42  Poitiers  C  46.58  0.34
43  Saint-denis  C  48.94  2.36
44  Versailles  C  48.81  2.14

DEMANDES
0 1 ( 0 39 1 ) ( 0 40 1 )
0 2 ( 0 27 2 ) ( 0 43 2 )
0 3 ( 0 33 3 ) ( 0 44 3 )
0 4 ( 0 15 4 ) ( 0 40 4 )
0 5 ( 0 18 5 ) ( 0 44 5 )
0 6 ( 0 40 6 ) ( 0 43 6 )
0 7 ( 0 33 7 ) ( 0 43 7 )
0 9 ( 0 44 9 ) ( 0 33 9 )
0 10 ( 0 43 10 ) ( 0 38 33 10 )
0 11 ( 0 40 11 ) ( 0 43 11 )
0 12 ( 0 38 12 ) ( 0 40 43 12 )
0 13 ( 0 33 13 ) ( 0 43 13 )
0 15 ( 0 2 27 15 ) ( 0 43 15 )
0 16 ( 0 33 16 ) ( 0 44 18 16 )
0 18 ( 0 43 18 ) ( 0 44 33 18 )
0 19 ( 0 43 19 ) ( 0 33 19 )
0 21 ( 0 33 21 ) ( 0 38 21 )
0 23 ( 0 43 23 ) ( 0 38 23 )
0 24 ( 0 33 24 ) ( 0 38 24 )
0 25 ( 0 43 25 ) ( 0 24 25 )
0 26 ( 0 11 26 ) ( 0 40 43 26 )
0 27 ( 0 43 27 ) ( 0 33 27 )
0 28 ( 0 40 19 28 ) ( 0 33 28 )
0 29 ( 0 33 29 ) ( 0 44 29 )
0 30 ( 0 44 30 ) ( 0 43 30 )
0 33 ( 0 38 33 ) ( 0 40 33 )
0 34 ( 0 33 34 ) ( 0 44 34 )
0 36 ( 0 12 36 ) ( 0 40 36 )
0 38 ( 0 33 38 ) ( 0 40 38 )
0 40 ( 0 38 40 ) ( 0 23 40 )
0 42 ( 0 33 44 42 ) ( 0 24 42 )
0 43 ( 0 40 43 ) ( 0 38 43 )
0 44 ( 0 33 44 ) ( 0 40 38 43 44 )
1 2 ( 1 20 2 ) ( 1 27 2 )
1 4 ( 1 14 4 ) ( 1 39 4 )
1 7 ( 1 22 7 ) ( 1 14 7 )
1 14 ( 1 4 14 ) ( 1 20 7 14 )
1 20 ( 1 39 20 ) ( 1 15 20 )
1 22 ( 1 39 22 ) ( 1 14 22 )
1 39 ( 1 20 39 ) ( 1 22 39 )

EOF