DIMENSIONS
60 sommetsG2
55 sommetsG1
150 dem

SOMMETS
0  Paris  C  48.86  2.34
1  Marseille  C  43.31  5.37
2  Lyon  C  45.76  4.83
3  Toulouse  C  43.62  1.45
4  Nice  C  43.7  7.27
5  Nantes  C  47.23  -1.57
6  Strasbourg  C  48.58  7.76
7  Montpellier  C  43.61  3.87
8  Bordeaux  C  44.84  -0.58
9  Rennes  C  48.11  -1.68
10  Le-havre  C  49.5  0.12
11  Reims  C  49.25  4.03
12  Lille  C  50.64  3.07
13  Saint-etienne  C  45.43  4.39
14  Toulon  C  43.13  5.92
15  Grenoble  C  45.19  5.72
16  Angers  C  47.48  -0.54
17  Brest  C  48.39  -4.5
18  Le-mans  C  48  0.2
19  Dijon  C  47.33  5.03
20  Aix-en-provence  C  43.53  5.44
21  Clermont-ferrand  C  45.78  3.08
22  Nimes  C  43.84  4.35
23  Amiens  T  49.9  2.3
24  Tours  C  47.38  0.69
25  Limoges  C  45.83  1.25
26  Metz  C  49.12  6.18
27  Villeurbanne  C  45.77  4.88
28  Besancon  C  47.24  6.02
29  Caen  C  49.19  -0.36
30  Orleans  C  47.9  1.9
31  Mulhouse  C  47.76  7.34
32  Perpignan  C  42.7  2.89
33  Boulogne-billancourt  C  48.83  2.24
34  Rouen  C  49.44  1.08
35  Nancy  C  48.69  6.17
36  Roubaix  C  50.69  3.17
37  Tourcoing  C  50.72  3.16
38  Argenteuil  C  48.94  2.24
39  Avignon  C  43.96  4.81
40  Montreuil  C  48.86  2.43
41  Nanterre  C  48.9  2.2
42  Poitiers  C  46.58  0.34
43  Saint-denis  C  48.94  2.36
44  Versailles  C  48.81  2.14
45  Creteil  C  48.79  2.45
46  Pau  T  43.3  -0.39
47  La-rochelle  T  46.17  -1.18
48  Colombes  C  48.93  2.25
49  Asnieres-sur-seine  C  48.91  2.29
50  Calais  T  50.95  1.86
51  Aulnay-sous-bois  C  48.96  2.49
52  Vitry-sur-seine  C  48.79  2.39
53  Rueil-malmaison  C  48.89  2.17
54  Champigny-sur-marne  T  48.82  2.51
55  Beziers  C  43.35  3.21
56  Saint-maur-des-fosses  C  48.8  2.49
57  Dunkerque  C  51.04  2.34
58  Antibes  C  43.6  7.12
59  Saint-nazaire  C  47.28  -2.22

DEMANDES
0 1 ( 0 52 1 ) ( 0 45 1 )
0 2 ( 0 56 2 ) ( 0 40 45 2 )
0 3 ( 0 30 3 ) ( 0 33 3 )
0 4 ( 0 52 4 ) ( 0 15 4 )
0 5 ( 0 44 5 ) ( 0 41 5 )
0 6 ( 0 35 6 ) ( 0 56 6 )
0 7 ( 0 21 7 ) ( 0 56 7 )
0 8 ( 0 33 8 ) ( 0 42 8 )
0 9 ( 0 53 9 ) ( 0 41 9 )
0 10 ( 0 53 10 ) ( 0 49 10 )
0 11 ( 0 40 11 ) ( 0 51 11 )
0 12 ( 0 49 12 ) ( 0 40 12 )
0 13 ( 0 45 13 ) ( 0 49 52 13 )
0 14 ( 0 52 14 ) ( 0 45 14 )
0 15 ( 0 45 15 ) ( 0 40 15 )
0 16 ( 0 44 16 ) ( 0 49 16 )
0 17 ( 0 44 17 ) ( 0 49 48 17 )
0 18 ( 0 33 18 ) ( 0 49 18 )
0 19 ( 0 56 19 ) ( 0 52 40 19 )
0 20 ( 0 56 20 ) ( 0 39 20 )
0 21 ( 0 45 21 ) ( 0 56 21 )
0 22 ( 0 56 22 ) ( 0 40 22 )
0 24 ( 0 33 24 ) ( 0 44 24 )
0 25 ( 0 30 25 ) ( 0 44 25 )
0 26 ( 0 56 26 ) ( 0 43 26 )
0 27 ( 0 56 27 ) ( 0 40 2 27 )
0 28 ( 0 45 28 ) ( 0 52 28 )
0 29 ( 0 33 29 ) ( 0 44 29 )
0 30 ( 0 52 30 ) ( 0 45 30 )
0 31 ( 0 40 51 31 ) ( 0 45 52 31 )
0 32 ( 0 52 32 ) ( 0 45 32 )
0 33 ( 0 49 33 ) ( 0 48 33 )
0 34 ( 0 41 34 ) ( 0 49 34 )
0 35 ( 0 40 35 ) ( 0 45 35 )
0 36 ( 0 43 36 ) ( 0 12 36 )
0 37 ( 0 43 12 37 ) ( 0 48 37 )
0 38 ( 0 49 38 ) ( 0 53 38 )
0 39 ( 0 52 39 ) ( 0 45 39 )
0 40 ( 0 45 40 ) ( 0 38 40 )
0 41 ( 0 48 41 ) ( 0 33 41 )
0 42 ( 0 33 42 ) ( 0 52 42 )
0 43 ( 0 48 43 ) ( 0 38 49 43 )
0 44 ( 0 49 44 ) ( 0 41 33 44 )
0 45 ( 0 40 45 ) ( 0 56 45 )
0 48 ( 0 49 48 ) ( 0 38 48 )
0 49 ( 0 43 49 ) ( 0 38 49 )
0 51 ( 0 56 51 ) ( 0 48 51 )
0 52 ( 0 49 52 ) ( 0 48 52 )
0 53 ( 0 41 53 ) ( 0 40 53 )
0 55 ( 0 45 55 ) ( 0 33 55 )
0 56 ( 0 45 56 ) ( 0 40 56 )
0 57 ( 0 48 57 ) ( 0 38 57 )
0 58 ( 0 15 58 ) ( 0 45 58 )
0 59 ( 0 33 59 ) ( 0 18 59 )
1 2 ( 1 27 2 ) ( 1 39 2 )
1 3 ( 1 7 3 ) ( 1 22 3 )
1 4 ( 1 58 4 ) ( 1 14 4 )
1 5 ( 1 22 5 ) ( 1 39 5 )
1 6 ( 1 31 6 ) ( 1 39 6 )
1 7 ( 1 39 7 ) ( 1 32 7 )
1 8 ( 1 7 8 ) ( 1 55 8 )
1 9 ( 1 16 9 ) ( 1 25 9 )
1 10 ( 1 30 10 ) ( 1 20 10 )
1 11 ( 1 27 11 ) ( 1 20 11 )
1 12 ( 1 2 12 ) ( 1 27 12 )
1 13 ( 1 39 13 ) ( 1 20 13 )
1 14 ( 1 39 14 ) ( 1 22 14 )
1 15 ( 1 39 15 ) ( 1 22 15 )
1 16 ( 1 22 16 ) ( 1 25 16 )
1 18 ( 1 7 18 ) ( 1 30 18 )
1 19 ( 1 20 19 ) ( 1 2 19 )
1 20 ( 1 14 39 20 ) ( 1 58 20 )
1 21 ( 1 39 21 ) ( 1 22 21 )
1 22 ( 1 14 22 ) ( 1 55 7 22 )
1 24 ( 1 39 24 ) ( 1 22 24 )
1 25 ( 1 7 25 ) ( 1 55 25 )
1 26 ( 1 35 26 ) ( 1 20 26 )
1 27 ( 1 20 27 ) ( 1 13 27 )
1 28 ( 1 20 28 ) ( 1 13 28 )
1 30 ( 1 21 30 ) ( 1 13 30 )
1 31 ( 1 20 31 ) ( 1 14 31 )
1 32 ( 1 55 32 ) ( 1 22 32 )
1 33 ( 1 39 33 ) ( 1 20 33 )
1 35 ( 1 20 27 19 35 ) ( 1 39 13 35 )
1 39 ( 1 20 39 ) ( 1 14 39 )
1 55 ( 1 7 55 ) ( 1 39 55 )
1 58 ( 1 20 58 ) ( 1 39 58 )
2 3 ( 2 39 22 3 ) ( 2 32 3 )
2 4 ( 2 27 15 4 ) ( 2 58 4 )
2 5 ( 2 27 5 ) ( 2 13 5 )
2 6 ( 2 28 6 ) ( 2 31 6 )
2 7 ( 2 27 7 ) ( 2 13 7 )
2 8 ( 2 21 8 ) ( 2 3 8 )
2 11 ( 2 19 11 ) ( 2 13 27 11 )
2 13 ( 2 39 13 ) ( 2 22 13 )
2 14 ( 2 1 14 ) ( 2 15 14 )
2 15 ( 2 27 15 ) ( 2 39 15 )
2 19 ( 2 28 19 ) ( 2 27 15 19 )
2 20 ( 2 27 15 20 ) ( 2 39 1 20 )
2 21 ( 2 27 21 ) ( 2 15 21 )
2 22 ( 2 15 22 ) ( 2 27 15 13 22 )
2 25 ( 2 27 25 ) ( 2 15 25 )
2 26 ( 2 27 26 ) ( 2 19 26 )
2 27 ( 2 15 27 ) ( 2 19 27 )
2 28 ( 2 13 27 28 ) ( 2 31 28 )
2 31 ( 2 19 31 ) ( 2 15 31 )
2 39 ( 2 27 39 ) ( 2 20 39 )
3 4 ( 3 7 4 ) ( 3 39 4 )
3 5 ( 3 8 5 ) ( 3 42 5 )
3 7 ( 3 55 7 ) ( 3 32 7 )
3 8 ( 3 25 8 ) ( 3 42 8 )
3 13 ( 3 22 13 ) ( 3 2 13 )
3 21 ( 3 25 21 ) ( 3 55 21 )
3 22 ( 3 7 22 ) ( 3 55 22 )
3 25 ( 3 42 25 ) ( 3 8 25 )
3 32 ( 3 55 7 32 ) ( 3 39 22 32 )
3 55 ( 3 32 55 ) ( 3 7 55 )
4 7 ( 4 58 7 ) ( 4 1 7 )
4 14 ( 4 1 14 ) ( 4 15 14 )
4 15 ( 4 58 15 ) ( 4 1 15 )
4 20 ( 4 58 20 ) ( 4 1 20 )
4 58 ( 4 1 58 ) ( 4 14 20 58 )
5 8 ( 5 16 8 ) ( 5 42 8 )
5 9 ( 5 59 9 ) ( 5 18 9 )
5 10 ( 5 16 18 10 ) ( 5 59 10 )
5 16 ( 5 18 16 ) ( 5 42 16 )
5 18 ( 5 9 18 ) ( 5 42 18 )
5 24 ( 5 16 18 24 ) ( 5 59 24 )
5 59 ( 5 9 59 ) ( 5 16 18 59 )
6 26 ( 6 35 26 ) ( 6 31 26 )
6 31 ( 6 35 31 ) ( 6 28 31 )
6 35 ( 6 31 35 ) ( 6 28 35 )
7 13 ( 7 27 13 ) ( 7 20 13 )
7 20 ( 7 1 20 ) ( 7 14 20 )
7 22 ( 7 20 22 ) ( 7 39 1 22 )
7 32 ( 7 55 32 ) ( 7 22 32 )
7 39 ( 7 22 20 39 ) ( 7 13 39 )
7 55 ( 7 32 55 ) ( 7 39 55 )
9 16 ( 9 5 16 ) ( 9 59 16 )
10 18 ( 10 29 18 ) ( 10 16 18 )
10 29 ( 10 18 29 ) ( 10 9 29 )
10 34 ( 10 44 34 ) ( 10 41 34 )
11 12 ( 11 51 12 ) ( 11 40 12 )
12 36 ( 12 57 36 ) ( 12 11 36 )
13 15 ( 13 2 15 ) ( 13 20 15 )
13 27 ( 13 15 2 27 ) ( 13 21 27 )
14 20 ( 14 39 20 ) ( 14 22 20 )
15 27 ( 15 2 27 ) ( 15 13 27 )
16 18 ( 16 24 18 ) ( 16 9 18 )
18 24 ( 18 16 24 ) ( 18 30 24 )

EOF