DIMENSIONS
30 sommetsG2
25 sommetsG1
70 dem

SOMMETS
0  Berlin  C  52.52  13.38
1  Hamburg  C  53.55  10
2  Munchen  C  48.14  11.58
3  Koln  C  50.95  6.97
4  Frankfurt  C  50.12  8.68
5  Dortmund  T  51.51  7.48
6  Stuttgart  C  48.79  9.19
7  Essen  C  51.47  7
8  Dusseldorf  C  51.24  6.79
9  Bremen  C  53.08  8.81
10  Hannover  C  52.4  9.73
11  Duisburg  T  51.43  6.75
12  Nurnberg  C  49.45  11.05
13  Leipzig  C  51.35  12.4
14  Dresden  C  51.05  13.74
15  Bochum  C  51.48  7.2
16  Wuppertal  C  51.26  7.18
17  Bielefeld  C  52.03  8.53
18  Bonn  C  50.73  7.1
19  Mannheim  C  49.5  8.47
20  Karlsruhe  C  49  8.4
21  Gelsenkirchen  C  51.51  7.11
22  Wiesbaden  C  50.08  8.23
23  Munster  T  51.96  7.62
24  Monchengladbach  C  51.2  6.42
25  Augsburg  T  48.36  10.89
26  Chemnitz  C  50.83  12.92
27  Aachen  T  50.77  6.09
28  Braunschweig  C  52.27  10.51
29  Krefeld  C  51.33  6.55

DEMANDES
0 1 ( 0 28 1 ) ( 0 13 1 )
0 2 ( 0 13 2 ) ( 0 12 2 )
0 3 ( 0 28 3 ) ( 0 10 3 )
0 4 ( 0 13 4 ) ( 0 22 4 )
0 6 ( 0 13 26 6 ) ( 0 14 6 )
0 7 ( 0 15 7 ) ( 0 21 16 7 )
0 8 ( 0 16 8 ) ( 0 15 8 )
0 9 ( 0 1 9 ) ( 0 17 9 )
0 10 ( 0 13 10 ) ( 0 1 10 )
0 12 ( 0 13 12 ) ( 0 26 12 )
0 13 ( 0 10 28 13 ) ( 0 9 1 13 )
0 14 ( 0 26 14 ) ( 0 13 14 )
0 15 ( 0 17 15 ) ( 0 7 15 )
0 16 ( 0 28 16 ) ( 0 17 16 )
0 17 ( 0 13 17 ) ( 0 1 17 )
0 18 ( 0 28 18 ) ( 0 3 18 )
0 19 ( 0 4 19 ) ( 0 28 19 )
0 20 ( 0 12 20 ) ( 0 26 13 20 )
0 21 ( 0 28 21 ) ( 0 10 21 )
0 22 ( 0 4 22 ) ( 0 13 22 )
0 24 ( 0 16 24 ) ( 0 7 24 )
0 26 ( 0 14 26 ) ( 0 13 28 26 )
0 28 ( 0 14 28 ) ( 0 4 28 )
0 29 ( 0 15 29 ) ( 0 21 29 )
1 2 ( 1 10 2 ) ( 1 9 12 2 )
1 3 ( 1 16 3 ) ( 1 15 3 )
1 4 ( 1 28 4 ) ( 1 9 17 4 )
1 6 ( 1 10 6 ) ( 1 28 6 )
1 7 ( 1 15 7 ) ( 1 10 7 )
1 8 ( 1 21 8 ) ( 1 15 8 )
1 9 ( 1 10 9 ) ( 1 21 9 )
1 10 ( 1 9 10 ) ( 1 21 10 )
1 12 ( 1 9 12 ) ( 1 17 12 )
1 13 ( 1 9 13 ) ( 1 14 13 )
1 14 ( 1 28 14 ) ( 1 0 14 )
1 15 ( 1 10 15 ) ( 1 7 16 15 )
1 16 ( 1 17 16 ) ( 1 15 16 )
1 17 ( 1 9 17 ) ( 1 15 17 )
1 28 ( 1 9 28 ) ( 1 0 28 )
2 3 ( 2 22 3 ) ( 2 6 3 )
2 4 ( 2 12 4 ) ( 2 20 6 4 )
2 6 ( 2 4 6 ) ( 2 19 22 6 )
2 12 ( 2 6 12 ) ( 2 19 12 )
2 13 ( 2 14 13 ) ( 2 6 12 13 )
2 14 ( 2 12 14 ) ( 2 13 14 )
3 4 ( 3 8 4 ) ( 3 21 4 )
3 6 ( 3 18 6 ) ( 3 22 19 6 )
3 7 ( 3 16 7 ) ( 3 8 7 )
3 8 ( 3 7 8 ) ( 3 18 8 )
3 9 ( 3 16 9 ) ( 3 7 21 9 )
3 15 ( 3 21 15 ) ( 3 7 15 )
3 16 ( 3 7 16 ) ( 3 21 16 )
3 17 ( 3 7 17 ) ( 3 18 17 )
3 18 ( 3 16 18 ) ( 3 15 18 )
3 21 ( 3 15 21 ) ( 3 16 7 21 )
3 22 ( 3 8 22 ) ( 3 15 22 )
3 24 ( 3 29 24 ) ( 3 16 24 )
3 29 ( 3 24 29 ) ( 3 7 29 )
4 6 ( 4 19 6 ) ( 4 22 6 )
4 19 ( 4 22 20 19 ) ( 4 6 19 )
4 22 ( 4 19 22 ) ( 4 20 22 )
6 19 ( 6 20 19 ) ( 6 22 19 )
7 8 ( 7 21 8 ) ( 7 15 8 )
7 15 ( 7 21 15 ) ( 7 16 15 )
7 16 ( 7 8 3 16 ) ( 7 29 16 )
7 18 ( 7 3 18 ) ( 7 21 18 )
8 15 ( 8 7 15 ) ( 8 21 15 )
8 16 ( 8 7 16 ) ( 8 21 16 )
8 18 ( 8 3 18 ) ( 8 7 16 18 )
9 10 ( 9 1 10 ) ( 9 4 10 )

EOF