DIMENSIONS
45 sommetsG2
40 sommetsG1
100 dem

SOMMETS
0  Berlin  C  52.52  13.38
1  Hamburg  C  53.55  10
2  Munchen  C  48.14  11.58
3  Koln  C  50.95  6.97
4  Frankfurt  C  50.12  8.68
5  Dortmund  C  51.51  7.48
6  Stuttgart  C  48.79  9.19
7  Essen  C  51.47  7
8  Dusseldorf  T  51.24  6.79
9  Bremen  C  53.08  8.81
10  Hannover  C  52.4  9.73
11  Duisburg  C  51.43  6.75
12  Nurnberg  C  49.45  11.05
13  Leipzig  C  51.35  12.4
14  Dresden  C  51.05  13.74
15  Bochum  C  51.48  7.2
16  Wuppertal  C  51.26  7.18
17  Bielefeld  T  52.03  8.53
18  Bonn  C  50.73  7.1
19  Mannheim  C  49.5  8.47
20  Karlsruhe  C  49  8.4
21  Gelsenkirchen  C  51.51  7.11
22  Wiesbaden  C  50.08  8.23
23  Munster  C  51.96  7.62
24  Monchengladbach  C  51.2  6.42
25  Augsburg  C  48.36  10.89
26  Chemnitz  C  50.83  12.92
27  Aachen  C  50.77  6.09
28  Braunschweig  C  52.27  10.51
29  Krefeld  C  51.33  6.55
30  Halle  C  51.48  11.96
31  Kiel  C  54.32  10.12
32  Magdeburg  C  52.13  11.62
33  Oberhausen  C  51.47  6.86
34  Lubeck  C  53.87  10.66
35  Freiburg  T  47.99  7.85
36  Hagen  C  51.37  7.46
37  Erfurt  T  50.99  11.03
38  Rostock  C  54.09  12.1
39  Kassel  C  51.32  9.48
40  Mainz  C  50  8.26
41  Hamm  T  51.67  7.8
42  Saarbrucken  C  49.25  6.97
43  Herne  C  51.54  7.21
44  Mulheim  C  51.43  6.86

DEMANDES
0 1 ( 0 34 1 ) ( 0 32 1 )
0 2 ( 0 26 2 ) ( 0 13 2 )
0 3 ( 0 28 5 3 ) ( 0 10 3 )
0 4 ( 0 32 4 ) ( 0 13 4 )
0 5 ( 0 39 5 ) ( 0 28 10 5 )
0 6 ( 0 13 30 6 ) ( 0 32 6 )
0 7 ( 0 15 7 ) ( 0 43 7 )
0 9 ( 0 28 9 ) ( 0 32 9 )
0 10 ( 0 28 10 ) ( 0 32 10 )
0 11 ( 0 44 11 ) ( 0 43 21 11 )
0 12 ( 0 32 12 ) ( 0 28 12 )
0 13 ( 0 30 13 ) ( 0 32 13 )
0 14 ( 0 26 14 ) ( 0 13 14 )
0 15 ( 0 5 15 ) ( 0 43 15 )
0 16 ( 0 36 16 ) ( 0 5 16 )
0 18 ( 0 39 18 ) ( 0 28 18 )
0 19 ( 0 13 19 ) ( 0 32 19 )
0 20 ( 0 13 20 ) ( 0 32 20 )
0 21 ( 0 32 21 ) ( 0 5 21 )
0 22 ( 0 12 22 ) ( 0 13 28 22 )
0 23 ( 0 28 23 ) ( 0 32 23 )
0 24 ( 0 32 24 ) ( 0 16 24 )
0 25 ( 0 12 25 ) ( 0 2 25 )
0 26 ( 0 30 26 ) ( 0 28 26 )
0 28 ( 0 32 28 ) ( 0 34 28 )
0 29 ( 0 5 29 ) ( 0 32 29 )
0 30 ( 0 32 30 ) ( 0 26 30 )
0 31 ( 0 38 31 ) ( 0 32 31 )
0 32 ( 0 26 32 ) ( 0 14 32 )
0 33 ( 0 21 33 ) ( 0 7 33 )
0 34 ( 0 38 34 ) ( 0 32 34 )
0 36 ( 0 28 36 ) ( 0 10 36 )
0 38 ( 0 32 38 ) ( 0 1 38 )
0 39 ( 0 30 39 ) ( 0 28 39 )
0 40 ( 0 30 40 ) ( 0 22 40 )
1 2 ( 1 12 2 ) ( 1 25 2 )
1 3 ( 1 36 3 ) ( 1 16 3 )
1 4 ( 1 39 4 ) ( 1 9 4 )
1 5 ( 1 23 5 ) ( 1 9 5 )
1 6 ( 1 28 6 ) ( 1 10 4 6 )
1 7 ( 1 43 7 ) ( 1 9 7 )
1 9 ( 1 34 31 9 ) ( 1 23 9 )
1 10 ( 1 9 10 ) ( 1 34 10 )
1 11 ( 1 23 11 ) ( 1 7 11 )
1 12 ( 1 39 12 ) ( 1 32 12 )
1 13 ( 1 32 30 13 ) ( 1 28 13 )
1 14 ( 1 13 14 ) ( 1 26 14 )
1 15 ( 1 5 15 ) ( 1 9 15 )
1 16 ( 1 5 16 ) ( 1 36 16 )
1 23 ( 1 5 23 ) ( 1 43 23 )
1 28 ( 1 10 28 ) ( 1 34 28 )
1 30 ( 1 10 30 ) ( 1 39 30 )
1 31 ( 1 34 31 ) ( 1 28 31 )
1 32 ( 1 28 32 ) ( 1 31 32 )
1 34 ( 1 28 34 ) ( 1 9 34 )
1 38 ( 1 28 34 38 ) ( 1 9 38 )
1 39 ( 1 10 28 39 ) ( 1 32 39 )
2 3 ( 2 25 3 ) ( 2 18 3 )
2 4 ( 2 25 4 ) ( 2 19 4 )
2 6 ( 2 20 6 ) ( 2 4 6 )
2 12 ( 2 6 12 ) ( 2 30 12 )
2 13 ( 2 26 13 ) ( 2 25 13 )
2 14 ( 2 25 14 ) ( 2 30 32 14 )
2 25 ( 2 6 25 ) ( 2 20 25 )
3 4 ( 3 18 4 ) ( 3 16 4 )
3 5 ( 3 43 5 ) ( 3 21 5 )
3 6 ( 3 22 6 ) ( 3 40 22 19 6 )
3 7 ( 3 44 7 ) ( 3 16 7 )
3 9 ( 3 36 9 ) ( 3 21 43 9 )
3 11 ( 3 29 11 ) ( 3 21 7 44 11 )
3 15 ( 3 43 15 ) ( 3 33 21 15 )
3 16 ( 3 21 16 ) ( 3 44 16 )
3 18 ( 3 16 18 ) ( 3 11 18 )
3 21 ( 3 7 21 ) ( 3 15 21 )
3 22 ( 3 40 22 ) ( 3 16 22 )
3 23 ( 3 16 23 ) ( 3 5 23 )
3 24 ( 3 11 24 ) ( 3 33 24 )
3 27 ( 3 18 27 ) ( 3 29 27 )
3 29 ( 3 11 29 ) ( 3 24 29 )
3 33 ( 3 44 33 ) ( 3 11 33 )
3 36 ( 3 15 36 ) ( 3 5 36 )
3 43 ( 3 21 43 ) ( 3 44 43 )
3 44 ( 3 33 44 ) ( 3 11 44 )
4 5 ( 4 22 5 ) ( 4 15 5 )
4 6 ( 4 19 6 ) ( 4 40 6 )
4 19 ( 4 40 19 ) ( 4 22 19 )
4 22 ( 4 19 22 ) ( 4 20 22 )
5 7 ( 5 21 7 ) ( 5 43 15 7 )
5 11 ( 5 7 11 ) ( 5 33 11 )
5 15 ( 5 16 7 15 ) ( 5 33 15 )
5 16 ( 5 15 16 ) ( 5 44 16 )
5 18 ( 5 15 18 ) ( 5 43 18 )
6 19 ( 6 40 19 ) ( 6 4 19 )
7 11 ( 7 44 11 ) ( 7 21 11 )
7 15 ( 7 21 15 ) ( 7 44 15 )
7 16 ( 7 21 16 ) ( 7 43 16 )
7 18 ( 7 33 18 ) ( 7 15 18 )
9 10 ( 9 1 10 ) ( 9 28 10 )
11 15 ( 11 21 15 ) ( 11 43 15 )
11 16 ( 11 33 16 ) ( 11 44 7 16 )

EOF