DIMENSIONS
55 sommetsG2
50 sommetsG1
150 dem

SOMMETS
0  Berlin  C  52.52  13.38
1  Hamburg  C  53.55  10
2  Munchen  C  48.14  11.58
3  Koln  C  50.95  6.97
4  Frankfurt  C  50.12  8.68
5  Dortmund  C  51.51  7.48
6  Stuttgart  C  48.79  9.19
7  Essen  C  51.47  7
8  Dusseldorf  C  51.24  6.79
9  Bremen  C  53.08  8.81
10  Hannover  T  52.4  9.73
11  Duisburg  C  51.43  6.75
12  Nurnberg  C  49.45  11.05
13  Leipzig  C  51.35  12.4
14  Dresden  C  51.05  13.74
15  Bochum  C  51.48  7.2
16  Wuppertal  C  51.26  7.18
17  Bielefeld  C  52.03  8.53
18  Bonn  C  50.73  7.1
19  Mannheim  C  49.5  8.47
20  Karlsruhe  C  49  8.4
21  Gelsenkirchen  T  51.51  7.11
22  Wiesbaden  C  50.08  8.23
23  Munster  C  51.96  7.62
24  Monchengladbach  C  51.2  6.42
25  Augsburg  C  48.36  10.89
26  Chemnitz  C  50.83  12.92
27  Aachen  C  50.77  6.09
28  Braunschweig  C  52.27  10.51
29  Krefeld  C  51.33  6.55
30  Halle  C  51.48  11.96
31  Kiel  C  54.32  10.12
32  Magdeburg  C  52.13  11.62
33  Oberhausen  C  51.47  6.86
34  Lubeck  C  53.87  10.66
35  Freiburg  C  47.99  7.85
36  Hagen  C  51.37  7.46
37  Erfurt  C  50.99  11.03
38  Rostock  C  54.09  12.1
39  Kassel  C  51.32  9.48
40  Mainz  C  50  8.26
41  Hamm  C  51.67  7.8
42  Saarbrucken  C  49.25  6.97
43  Herne  T  51.54  7.21
44  Mulheim  C  51.43  6.86
45  Osnabruck  C  52.28  8.05
46  Solingen  T  51.18  7.06
47  Ludwigshafen  C  49.48  8.44
48  Leverkusen  C  51.04  6.99
49  Oldenburg  C  53.15  8.21
50  Neuss  T  51.2  6.69
51  Heidelberg  C  49.42  8.69
52  Paderborn  C  51.72  8.74
53  Darmstadt  C  49.87  8.64
54  Wurzburg  C  49.8  9.94

DEMANDES
0 1 ( 0 38 1 ) ( 0 28 1 )
0 2 ( 0 26 2 ) ( 0 14 2 )
0 3 ( 0 32 3 ) ( 0 48 3 )
0 4 ( 0 37 4 ) ( 0 30 4 )
0 5 ( 0 52 5 ) ( 0 32 5 )
0 6 ( 0 37 6 ) ( 0 30 37 54 6 )
0 7 ( 0 52 7 ) ( 0 32 7 )
0 8 ( 0 52 36 8 ) ( 0 5 8 )
0 9 ( 0 32 9 ) ( 0 34 9 )
0 11 ( 0 15 11 ) ( 0 5 11 )
0 12 ( 0 13 12 ) ( 0 26 12 )
0 13 ( 0 30 13 ) ( 0 26 13 )
0 14 ( 0 26 14 ) ( 0 13 14 )
0 15 ( 0 52 15 ) ( 0 32 15 )
0 16 ( 0 52 16 ) ( 0 5 16 )
0 17 ( 0 28 17 ) ( 0 30 17 )
0 18 ( 0 39 18 ) ( 0 28 18 )
0 19 ( 0 37 47 19 ) ( 0 30 51 19 )
0 20 ( 0 32 20 ) ( 0 53 20 )
0 22 ( 0 30 22 ) ( 0 37 22 )
0 23 ( 0 28 23 ) ( 0 32 23 )
0 24 ( 0 32 24 ) ( 0 8 24 )
0 25 ( 0 13 25 ) ( 0 12 25 )
0 26 ( 0 13 32 26 ) ( 0 37 26 )
0 27 ( 0 32 27 ) ( 0 39 27 )
0 28 ( 0 13 28 ) ( 0 38 28 )
0 29 ( 0 5 15 29 ) ( 0 7 29 )
0 30 ( 0 26 30 ) ( 0 14 32 30 )
0 31 ( 0 1 31 ) ( 0 30 31 )
0 32 ( 0 30 32 ) ( 0 14 32 )
0 33 ( 0 52 33 ) ( 0 7 33 )
0 34 ( 0 13 34 ) ( 0 14 34 )
0 35 ( 0 54 35 ) ( 0 13 35 )
0 36 ( 0 52 36 ) ( 0 28 36 )
0 37 ( 0 13 37 ) ( 0 32 30 37 )
0 38 ( 0 32 38 ) ( 0 14 38 )
0 39 ( 0 32 39 ) ( 0 30 39 )
0 40 ( 0 4 40 ) ( 0 39 40 )
0 41 ( 0 32 41 ) ( 0 28 41 )
0 44 ( 0 15 44 ) ( 0 7 44 )
0 45 ( 0 28 45 ) ( 0 32 45 )
0 47 ( 0 19 47 ) ( 0 37 47 )
0 49 ( 0 32 49 ) ( 0 1 49 )
0 51 ( 0 37 51 ) ( 0 30 51 )
0 52 ( 0 32 52 ) ( 0 30 52 )
0 53 ( 0 37 53 ) ( 0 32 53 )
0 54 ( 0 30 54 ) ( 0 37 54 )
1 2 ( 1 28 2 ) ( 1 37 2 )
1 3 ( 1 17 36 3 ) ( 1 45 3 )
1 4 ( 1 9 4 ) ( 1 22 4 )
1 5 ( 1 45 5 ) ( 1 17 5 )
1 6 ( 1 39 6 ) ( 1 28 6 )
1 7 ( 1 45 23 7 ) ( 1 9 7 )
1 8 ( 1 15 8 ) ( 1 23 7 8 )
1 9 ( 1 31 9 ) ( 1 34 9 )
1 11 ( 1 45 11 ) ( 1 23 11 )
1 12 ( 1 32 12 ) ( 1 52 12 )
1 13 ( 1 32 13 ) ( 1 30 13 )
1 14 ( 1 32 14 ) ( 1 13 14 )
1 15 ( 1 45 23 15 ) ( 1 41 15 )
1 16 ( 1 5 16 ) ( 1 36 16 )
1 17 ( 1 9 17 ) ( 1 52 17 )
1 18 ( 1 17 18 ) ( 1 41 18 )
1 19 ( 1 4 19 ) ( 1 53 19 )
1 22 ( 1 52 22 ) ( 1 40 22 )
1 23 ( 1 9 23 ) ( 1 49 23 )
1 26 ( 1 13 26 ) ( 1 32 26 )
1 28 ( 1 34 28 ) ( 1 31 28 )
1 30 ( 1 32 30 ) ( 1 31 30 )
1 31 ( 1 34 31 ) ( 1 9 31 )
1 32 ( 1 28 32 ) ( 1 31 32 )
1 34 ( 1 28 34 ) ( 1 32 34 )
1 36 ( 1 41 36 ) ( 1 17 36 )
1 37 ( 1 32 37 ) ( 1 34 37 )
1 38 ( 1 31 38 ) ( 1 28 38 )
1 39 ( 1 52 39 ) ( 1 17 39 )
1 41 ( 1 23 41 ) ( 1 45 5 41 )
1 45 ( 1 9 45 ) ( 1 17 45 )
1 49 ( 1 45 49 ) ( 1 28 49 )
1 52 ( 1 39 52 ) ( 1 41 52 )
2 3 ( 2 53 3 ) ( 2 22 3 )
2 4 ( 2 25 4 ) ( 2 54 4 )
2 5 ( 2 54 5 ) ( 2 4 5 )
2 6 ( 2 12 6 ) ( 2 19 6 )
2 12 ( 2 6 12 ) ( 2 25 53 12 )
2 13 ( 2 12 13 ) ( 2 30 13 )
2 14 ( 2 26 14 ) ( 2 12 14 )
2 25 ( 2 54 25 ) ( 2 6 25 )
3 4 ( 3 18 4 ) ( 3 48 4 )
3 5 ( 3 16 5 ) ( 3 15 5 )
3 6 ( 3 19 6 ) ( 3 47 6 )
3 7 ( 3 48 7 ) ( 3 44 7 )
3 8 ( 3 33 8 ) ( 3 7 8 )
3 9 ( 3 16 9 ) ( 3 48 9 )
3 11 ( 3 33 11 ) ( 3 7 11 )
3 15 ( 3 16 15 ) ( 3 7 15 )
3 16 ( 3 48 16 ) ( 3 15 16 )
3 17 ( 3 36 17 ) ( 3 41 17 )
3 18 ( 3 48 18 ) ( 3 16 18 )
3 19 ( 3 40 19 ) ( 3 48 19 )
3 22 ( 3 40 22 ) ( 3 16 22 )
3 23 ( 3 16 23 ) ( 3 48 23 )
3 24 ( 3 48 24 ) ( 3 11 24 )
3 27 ( 3 8 27 ) ( 3 24 29 27 )
3 29 ( 3 8 29 ) ( 3 11 29 )
3 33 ( 3 11 44 33 ) ( 3 16 33 )
3 36 ( 3 48 36 ) ( 3 16 36 )
3 41 ( 3 5 41 ) ( 3 16 41 )
3 44 ( 3 11 44 ) ( 3 7 8 44 )
3 48 ( 3 16 48 ) ( 3 33 48 )
4 5 ( 4 36 5 ) ( 4 48 5 )
4 6 ( 4 53 6 ) ( 4 47 6 )
4 7 ( 4 36 7 ) ( 4 22 7 )
4 8 ( 4 3 8 ) ( 4 16 8 )
4 19 ( 4 53 19 ) ( 4 51 19 )
4 20 ( 4 53 20 ) ( 4 47 20 )
4 22 ( 4 40 22 ) ( 4 53 22 )
5 7 ( 5 15 7 ) ( 5 48 7 )
5 8 ( 5 15 8 ) ( 5 36 16 8 )
5 11 ( 5 7 11 ) ( 5 36 11 )
5 15 ( 5 7 15 ) ( 5 44 15 )
5 16 ( 5 44 16 ) ( 5 33 16 )
5 17 ( 5 41 17 ) ( 5 23 17 )
5 18 ( 5 15 16 18 ) ( 5 44 18 )
5 23 ( 5 36 23 ) ( 5 15 23 )
5 24 ( 5 8 24 ) ( 5 7 24 )
5 29 ( 5 15 29 ) ( 5 33 29 )
6 19 ( 6 51 19 ) ( 6 53 19 )
6 20 ( 6 19 20 ) ( 6 47 51 20 )
7 8 ( 7 44 8 ) ( 7 33 8 )
7 11 ( 7 33 44 11 ) ( 7 8 11 )
7 15 ( 7 33 15 ) ( 7 44 15 )
7 16 ( 7 15 16 ) ( 7 11 16 )
7 18 ( 7 48 18 ) ( 7 3 18 )
7 23 ( 7 15 23 ) ( 7 5 23 )
7 24 ( 7 44 24 ) ( 7 11 24 )
7 29 ( 7 44 29 ) ( 7 11 29 )
8 11 ( 8 33 11 ) ( 8 7 11 )
8 15 ( 8 44 33 15 ) ( 8 48 15 )
8 16 ( 8 44 16 ) ( 8 48 16 )
8 18 ( 8 3 18 ) ( 8 11 18 )
8 23 ( 8 44 23 ) ( 8 33 7 23 )
8 24 ( 8 44 24 ) ( 8 33 24 )
8 27 ( 8 24 27 ) ( 8 11 27 )
8 29 ( 8 44 29 ) ( 8 33 29 )
9 17 ( 9 45 17 ) ( 9 49 17 )
11 15 ( 11 44 15 ) ( 11 33 7 15 )
11 16 ( 11 33 16 ) ( 11 8 16 )
11 18 ( 11 48 18 ) ( 11 44 18 )
13 14 ( 13 0 14 ) ( 13 32 14 )

EOF