DIMENSIONS
50 sommetsG2
45 sommetsG1
75 dem

SOMMETS
0  Berlin  C  52.52  13.38
1  Hamburg  C  53.55  10
2  Munchen  C  48.14  11.58
3  Koln  C  50.95  6.97
4  Frankfurt  C  50.12  8.68
5  Dortmund  C  51.51  7.48
6  Stuttgart  C  48.79  9.19
7  Essen  C  51.47  7
8  Dusseldorf  C  51.24  6.79
9  Bremen  T  53.08  8.81
10  Hannover  C  52.4  9.73
11  Duisburg  C  51.43  6.75
12  Nurnberg  C  49.45  11.05
13  Leipzig  C  51.35  12.4
14  Dresden  C  51.05  13.74
15  Bochum  C  51.48  7.2
16  Wuppertal  C  51.26  7.18
17  Bielefeld  C  52.03  8.53
18  Bonn  C  50.73  7.1
19  Mannheim  T  49.5  8.47
20  Karlsruhe  C  49  8.4
21  Gelsenkirchen  C  51.51  7.11
22  Wiesbaden  C  50.08  8.23
23  Munster  C  51.96  7.62
24  Monchengladbach  C  51.2  6.42
25  Augsburg  C  48.36  10.89
26  Chemnitz  C  50.83  12.92
27  Aachen  C  50.77  6.09
28  Braunschweig  C  52.27  10.51
29  Krefeld  C  51.33  6.55
30  Halle  C  51.48  11.96
31  Kiel  C  54.32  10.12
32  Magdeburg  C  52.13  11.62
33  Oberhausen  C  51.47  6.86
34  Lubeck  C  53.87  10.66
35  Freiburg  C  47.99  7.85
36  Hagen  C  51.37  7.46
37  Erfurt  C  50.99  11.03
38  Rostock  C  54.09  12.1
39  Kassel  T  51.32  9.48
40  Mainz  C  50  8.26
41  Hamm  C  51.67  7.8
42  Saarbrucken  T  49.25  6.97
43  Herne  C  51.54  7.21
44  Mulheim  C  51.43  6.86
45  Osnabruck  T  52.28  8.05
46  Solingen  C  51.18  7.06
47  Ludwigshafen  C  49.48  8.44
48  Leverkusen  C  51.04  6.99
49  Oldenburg  C  53.15  8.21

DEMANDES
0 1 ( 0 13 1 ) ( 0 37 1 )
0 2 ( 0 13 2 ) ( 0 14 2 )
0 3 ( 0 48 3 ) ( 0 28 3 )
0 4 ( 0 28 4 ) ( 0 40 4 )
0 5 ( 0 32 5 ) ( 0 17 5 )
0 6 ( 0 30 6 ) ( 0 37 6 )
0 7 ( 0 5 7 ) ( 0 21 7 )
0 8 ( 0 36 8 ) ( 0 32 8 )
0 10 ( 0 32 10 ) ( 0 30 28 10 )
0 11 ( 0 21 11 ) ( 0 44 11 )
0 12 ( 0 30 12 ) ( 0 14 12 )
0 13 ( 0 14 13 ) ( 0 37 13 )
0 14 ( 0 26 14 ) ( 0 30 14 )
0 15 ( 0 41 15 ) ( 0 28 15 )
0 16 ( 0 32 16 ) ( 0 5 16 )
0 17 ( 0 28 17 ) ( 0 32 17 )
0 18 ( 0 28 18 ) ( 0 30 18 )
0 20 ( 0 4 20 ) ( 0 22 20 )
0 22 ( 0 4 22 ) ( 0 30 22 )
0 23 ( 0 30 23 ) ( 0 13 23 )
0 25 ( 0 13 25 ) ( 0 26 25 )
0 26 ( 0 14 26 ) ( 0 30 26 )
0 28 ( 0 32 28 ) ( 0 13 28 )
0 30 ( 0 13 30 ) ( 0 26 30 )
0 31 ( 0 38 31 ) ( 0 1 31 )
0 32 ( 0 30 32 ) ( 0 26 32 )
0 34 ( 0 38 34 ) ( 0 30 34 )
0 37 ( 0 32 37 ) ( 0 14 26 37 )
0 38 ( 0 34 38 ) ( 0 30 32 38 )
1 2 ( 1 37 2 ) ( 1 10 2 )
1 3 ( 1 36 3 ) ( 1 5 16 3 )
1 4 ( 1 10 4 ) ( 1 17 4 )
1 5 ( 1 41 5 ) ( 1 23 36 5 )
1 6 ( 1 4 6 ) ( 1 28 6 )
1 7 ( 1 23 7 ) ( 1 21 7 )
1 8 ( 1 43 8 ) ( 1 21 8 )
1 10 ( 1 28 10 ) ( 1 31 10 )
1 11 ( 1 23 11 ) ( 1 44 11 )
1 12 ( 1 37 12 ) ( 1 10 12 )
1 13 ( 1 32 13 ) ( 1 31 13 )
1 15 ( 1 43 15 ) ( 1 41 15 )
1 17 ( 1 10 17 ) ( 1 49 17 )
1 28 ( 1 31 28 ) ( 1 34 32 28 )
1 31 ( 1 34 31 ) ( 1 10 31 )
1 32 ( 1 31 34 32 ) ( 1 38 32 )
1 34 ( 1 49 34 ) ( 1 17 34 )
1 38 ( 1 34 38 ) ( 1 31 38 )
2 4 ( 2 25 4 ) ( 2 12 4 )
2 6 ( 2 25 6 ) ( 2 20 6 )
2 12 ( 2 37 12 ) ( 2 6 12 )
2 25 ( 2 6 25 ) ( 2 47 25 )
3 4 ( 3 46 4 ) ( 3 16 4 )
3 5 ( 3 48 16 5 ) ( 3 36 5 )
3 7 ( 3 16 7 ) ( 3 33 7 )
3 8 ( 3 44 8 ) ( 3 33 8 )
3 11 ( 3 46 11 ) ( 3 33 11 )
3 15 ( 3 46 15 ) ( 3 16 15 )
3 16 ( 3 48 46 16 ) ( 3 18 16 )
3 18 ( 3 46 18 ) ( 3 16 18 )
3 21 ( 3 48 21 ) ( 3 46 21 )
3 23 ( 3 46 23 ) ( 3 43 23 )
3 24 ( 3 48 24 ) ( 3 46 24 )
3 27 ( 3 48 27 ) ( 3 8 27 )
3 29 ( 3 11 29 ) ( 3 48 46 29 )
3 33 ( 3 46 44 33 ) ( 3 21 33 )
3 36 ( 3 48 36 ) ( 3 16 36 )
4 6 ( 4 20 6 ) ( 4 12 6 )
5 7 ( 5 15 7 ) ( 5 21 7 )
5 8 ( 5 16 8 ) ( 5 21 8 )
5 11 ( 5 44 11 ) ( 5 33 11 )
5 15 ( 5 43 15 ) ( 5 36 15 )
7 8 ( 7 44 8 ) ( 7 33 8 )
7 11 ( 7 21 11 ) ( 7 15 11 )
7 15 ( 7 43 15 ) ( 7 33 15 )
8 11 ( 8 29 11 ) ( 8 44 7 11 )

EOF