DIMENSIONS
18 sommetsG2
16 sommetsG1
25 dem

SOMMETS
0  Berlin  C  52.52  13.38
1  Hamburg  C  53.55  10
2  Munchen  C  48.14  11.58
3  Koln  C  50.95  6.97
4  Frankfurt  C  50.12  8.68
5  Dortmund  C  51.51  7.48
6  Stuttgart  C  48.79  9.19
7  Essen  T  51.47  7
8  Dusseldorf  C  51.24  6.79
9  Bremen  C  53.08  8.81
10  Hannover  C  52.4  9.73
11  Duisburg  C  51.43  6.75
12  Nurnberg  C  49.45  11.05
13  Leipzig  C  51.35  12.4
14  Dresden  C  51.05  13.74
15  Bochum  T  51.48  7.2
16  Wuppertal  C  51.26  7.18
17  Bielefeld  C  52.03  8.53

DEMANDES
0 1 ( 0 13 1 ) ( 0 9 1 )
0 2 ( 0 13 2 ) ( 0 14 2 )
0 3 ( 0 16 3 ) ( 0 13 3 )
0 4 ( 0 10 4 ) ( 0 17 4 )
0 5 ( 0 17 5 ) ( 0 13 5 )
0 6 ( 0 13 6 ) ( 0 12 6 )
0 8 ( 0 16 8 ) ( 0 4 8 )
0 9 ( 0 10 9 ) ( 0 12 9 )
0 10 ( 0 17 10 ) ( 0 9 1 10 )
0 11 ( 0 5 11 ) ( 0 16 11 )
0 12 ( 0 2 12 ) ( 0 10 12 )
0 13 ( 0 10 13 ) ( 0 1 13 )
0 14 ( 0 12 14 ) ( 0 10 14 )
1 2 ( 1 10 2 ) ( 1 13 2 )
1 3 ( 1 17 3 ) ( 1 9 3 )
1 4 ( 1 17 4 ) ( 1 9 10 4 )
1 5 ( 1 17 5 ) ( 1 9 5 )
1 9 ( 1 10 9 ) ( 1 17 9 )
1 10 ( 1 9 10 ) ( 1 17 10 )
1 17 ( 1 9 17 ) ( 1 10 5 17 )
2 12 ( 2 6 12 ) ( 2 4 12 )
3 5 ( 3 16 5 ) ( 3 8 5 )
3 8 ( 3 5 8 ) ( 3 4 8 )
3 11 ( 3 5 11 ) ( 3 9 11 )
3 16 ( 3 11 16 ) ( 3 5 16 )

EOF