DIMENSIONS
10 sommetsG2
8 sommetsG1
20 dem

SOMMETS
0  Berlin  C  52.52  13.38
1  Hamburg  C  53.55  10
2  Munchen  C  48.14  11.58
3  Koln  T  50.95  6.97
4  Frankfurt  C  50.12  8.68
5  Dortmund  C  51.51  7.48
6  Stuttgart  C  48.79  9.19
7  Essen  C  51.47  7
8  Dusseldorf  T  51.24  6.79
9  Bremen  C  53.08  8.81

DEMANDES
0 1 ( 0 9 1 ) ( 0 6 1 )
0 2 ( 0 4 2 ) ( 0 9 2 )
0 4 ( 0 1 4 ) ( 0 2 4 )
0 5 ( 0 9 5 ) ( 0 7 5 )
0 6 ( 0 9 6 ) ( 0 4 5 6 )
0 7 ( 0 9 7 ) ( 0 4 7 )
0 9 ( 0 5 9 ) ( 0 2 9 )
1 2 ( 1 6 2 ) ( 1 5 9 2 )
1 4 ( 1 5 4 ) ( 1 7 4 )
1 5 ( 1 7 5 ) ( 1 4 5 )
1 6 ( 1 7 6 ) ( 1 4 9 6 )
1 7 ( 1 9 7 ) ( 1 6 7 )
1 9 ( 1 5 9 ) ( 1 6 9 )
2 4 ( 2 6 4 ) ( 2 5 4 )
2 5 ( 2 4 5 ) ( 2 6 5 )
2 6 ( 2 4 6 ) ( 2 7 6 )
4 5 ( 4 2 5 ) ( 4 1 6 5 )
4 6 ( 4 5 6 ) ( 4 1 6 )
4 7 ( 4 5 7 ) ( 4 9 0 7 )
5 7 ( 5 6 7 ) ( 5 1 9 7 )

EOF