DIMENSIONS
55 sommetsG2
50 sommetsG1
55 dem

SOMMETS
0  Berlin  C  52.52  13.38
1  Hamburg  C  53.55  10
2  Munchen  C  48.14  11.58
3  Koln  C  50.95  6.97
4  Frankfurt  C  50.12  8.68
5  Dortmund  C  51.51  7.48
6  Stuttgart  C  48.79  9.19
7  Essen  C  51.47  7
8  Dusseldorf  C  51.24  6.79
9  Bremen  C  53.08  8.81
10  Hannover  T  52.4  9.73
11  Duisburg  C  51.43  6.75
12  Nurnberg  C  49.45  11.05
13  Leipzig  C  51.35  12.4
14  Dresden  C  51.05  13.74
15  Bochum  C  51.48  7.2
16  Wuppertal  C  51.26  7.18
17  Bielefeld  C  52.03  8.53
18  Bonn  C  50.73  7.1
19  Mannheim  C  49.5  8.47
20  Karlsruhe  C  49  8.4
21  Gelsenkirchen  T  51.51  7.11
22  Wiesbaden  C  50.08  8.23
23  Munster  C  51.96  7.62
24  Monchengladbach  C  51.2  6.42
25  Augsburg  C  48.36  10.89
26  Chemnitz  C  50.83  12.92
27  Aachen  C  50.77  6.09
28  Braunschweig  C  52.27  10.51
29  Krefeld  C  51.33  6.55
30  Halle  C  51.48  11.96
31  Kiel  C  54.32  10.12
32  Magdeburg  C  52.13  11.62
33  Oberhausen  C  51.47  6.86
34  Lubeck  C  53.87  10.66
35  Freiburg  C  47.99  7.85
36  Hagen  C  51.37  7.46
37  Erfurt  C  50.99  11.03
38  Rostock  C  54.09  12.1
39  Kassel  C  51.32  9.48
40  Mainz  C  50  8.26
41  Hamm  C  51.67  7.8
42  Saarbrucken  C  49.25  6.97
43  Herne  T  51.54  7.21
44  Mulheim  C  51.43  6.86
45  Osnabruck  C  52.28  8.05
46  Solingen  T  51.18  7.06
47  Ludwigshafen  C  49.48  8.44
48  Leverkusen  C  51.04  6.99
49  Oldenburg  C  53.15  8.21
50  Neuss  T  51.2  6.69
51  Heidelberg  C  49.42  8.69
52  Paderborn  C  51.72  8.74
53  Darmstadt  C  49.87  8.64
54  Wurzburg  C  49.8  9.94

DEMANDES
0 1 ( 0 38 34 1 ) ( 0 31 1 )
0 2 ( 0 13 2 ) ( 0 12 25 2 )
0 3 ( 0 32 3 ) ( 0 52 3 )
0 4 ( 0 37 4 ) ( 0 30 4 )
0 5 ( 0 32 5 ) ( 0 28 5 )
0 6 ( 0 30 6 ) ( 0 37 6 )
0 7 ( 0 5 7 ) ( 0 32 15 7 )
0 8 ( 0 36 8 ) ( 0 15 8 )
0 9 ( 0 32 9 ) ( 0 1 9 )
0 11 ( 0 7 11 ) ( 0 52 11 )
0 12 ( 0 32 12 ) ( 0 26 13 12 )
0 13 ( 0 14 26 13 ) ( 0 37 30 13 )
0 14 ( 0 13 14 ) ( 0 32 14 )
0 15 ( 0 28 15 ) ( 0 32 17 15 )
0 16 ( 0 32 16 ) ( 0 28 52 16 )
0 17 ( 0 30 17 ) ( 0 13 17 )
0 25 ( 0 13 25 ) ( 0 26 25 )
0 26 ( 0 13 26 ) ( 0 30 26 )
0 28 ( 0 32 28 ) ( 0 13 28 )
0 30 ( 0 26 30 ) ( 0 14 13 30 )
0 31 ( 0 32 31 ) ( 0 30 31 )
0 32 ( 0 30 32 ) ( 0 13 32 )
0 34 ( 0 1 34 ) ( 0 31 34 )
0 37 ( 0 26 37 ) ( 0 14 37 )
0 38 ( 0 32 38 ) ( 0 13 38 )
1 2 ( 1 28 2 ) ( 1 37 2 )
1 3 ( 1 36 3 ) ( 1 5 3 )
1 4 ( 1 39 4 ) ( 1 52 4 )
1 5 ( 1 45 5 ) ( 1 17 5 )
1 7 ( 1 23 7 ) ( 1 45 7 )
1 8 ( 1 15 8 ) ( 1 5 8 )
1 9 ( 1 49 9 ) ( 1 31 9 )
1 13 ( 1 34 13 ) ( 1 37 13 )
1 17 ( 1 9 17 ) ( 1 39 17 )
1 28 ( 1 34 28 ) ( 1 31 28 )
1 31 ( 1 34 31 ) ( 1 49 31 )
1 34 ( 1 31 34 ) ( 1 28 34 )
2 6 ( 2 25 6 ) ( 2 12 6 )
2 12 ( 2 25 12 ) ( 2 6 12 )
2 25 ( 2 12 25 ) ( 2 6 25 )
3 4 ( 3 18 4 ) ( 3 40 4 )
3 5 ( 3 16 5 ) ( 3 15 5 )
3 7 ( 3 48 7 ) ( 3 44 7 )
3 8 ( 3 44 8 ) ( 3 11 8 )
3 11 ( 3 8 11 ) ( 3 48 11 )
3 15 ( 3 48 16 15 ) ( 3 8 15 )
3 16 ( 3 8 16 ) ( 3 7 16 )
3 18 ( 3 48 18 ) ( 3 16 18 )
3 24 ( 3 48 24 ) ( 3 29 24 )
3 27 ( 3 48 27 ) ( 3 18 27 )
3 29 ( 3 48 8 29 ) ( 3 11 29 )
5 7 ( 5 36 7 ) ( 5 16 7 )
5 8 ( 5 16 8 ) ( 5 7 8 )
5 11 ( 5 7 33 11 ) ( 5 36 11 )
7 8 ( 7 44 8 ) ( 7 11 8 )

EOF