DIMENSIONS
40 sommetsG2
35 sommetsG1
50 dem

SOMMETS
0  Berlin  C  52.52  13.38
1  Hamburg  C  53.55  10
2  Munchen  C  48.14  11.58
3  Koln  C  50.95  6.97
4  Frankfurt  C  50.12  8.68
5  Dortmund  C  51.51  7.48
6  Stuttgart  C  48.79  9.19
7  Essen  T  51.47  7
8  Dusseldorf  C  51.24  6.79
9  Bremen  C  53.08  8.81
10  Hannover  C  52.4  9.73
11  Duisburg  C  51.43  6.75
12  Nurnberg  C  49.45  11.05
13  Leipzig  C  51.35  12.4
14  Dresden  C  51.05  13.74
15  Bochum  T  51.48  7.2
16  Wuppertal  C  51.26  7.18
17  Bielefeld  C  52.03  8.53
18  Bonn  C  50.73  7.1
19  Mannheim  C  49.5  8.47
20  Karlsruhe  C  49  8.4
21  Gelsenkirchen  C  51.51  7.11
22  Wiesbaden  C  50.08  8.23
23  Munster  C  51.96  7.62
24  Monchengladbach  C  51.2  6.42
25  Augsburg  C  48.36  10.89
26  Chemnitz  C  50.83  12.92
27  Aachen  C  50.77  6.09
28  Braunschweig  C  52.27  10.51
29  Krefeld  C  51.33  6.55
30  Halle  C  51.48  11.96
31  Kiel  T  54.32  10.12
32  Magdeburg  C  52.13  11.62
33  Oberhausen  T  51.47  6.86
34  Lubeck  C  53.87  10.66
35  Freiburg  C  47.99  7.85
36  Hagen  T  51.37  7.46
37  Erfurt  C  50.99  11.03
38  Rostock  C  54.09  12.1
39  Kassel  C  51.32  9.48

DEMANDES
0 1 ( 0 34 1 ) ( 0 38 1 )
0 2 ( 0 13 2 ) ( 0 12 2 )
0 3 ( 0 32 3 ) ( 0 39 3 )
0 4 ( 0 37 4 ) ( 0 30 4 )
0 5 ( 0 28 5 ) ( 0 17 5 )
0 6 ( 0 30 6 ) ( 0 13 6 )
0 8 ( 0 16 8 ) ( 0 5 8 )
0 9 ( 0 30 9 ) ( 0 13 9 )
0 10 ( 0 32 28 10 ) ( 0 13 10 )
0 11 ( 0 21 11 ) ( 0 5 11 )
0 12 ( 0 26 12 ) ( 0 37 12 )
0 13 ( 0 30 13 ) ( 0 26 13 )
0 14 ( 0 26 14 ) ( 0 30 14 )
0 16 ( 0 32 16 ) ( 0 39 16 )
0 17 ( 0 10 17 ) ( 0 30 17 )
0 25 ( 0 13 25 ) ( 0 26 25 )
0 26 ( 0 13 26 ) ( 0 30 26 )
0 28 ( 0 32 28 ) ( 0 30 28 )
0 30 ( 0 32 30 ) ( 0 14 30 )
0 32 ( 0 13 32 ) ( 0 26 32 )
0 34 ( 0 32 34 ) ( 0 30 34 )
0 37 ( 0 32 37 ) ( 0 13 26 37 )
0 38 ( 0 13 38 ) ( 0 28 38 )
1 2 ( 1 28 2 ) ( 1 37 2 )
1 3 ( 1 16 3 ) ( 1 9 5 3 )
1 4 ( 1 9 4 ) ( 1 17 22 4 )
1 5 ( 1 23 5 ) ( 1 9 5 )
1 8 ( 1 21 8 ) ( 1 23 8 )
1 9 ( 1 10 9 ) ( 1 28 17 9 )
1 10 ( 1 28 10 ) ( 1 32 10 )
1 13 ( 1 32 13 ) ( 1 30 13 )
1 17 ( 1 9 17 ) ( 1 10 39 17 )
1 28 ( 1 10 28 ) ( 1 34 28 )
1 34 ( 1 32 34 ) ( 1 39 34 )
2 6 ( 2 12 6 ) ( 2 25 20 6 )
2 12 ( 2 26 12 ) ( 2 4 12 )
2 25 ( 2 20 25 ) ( 2 30 25 )
3 4 ( 3 18 4 ) ( 3 22 4 )
3 5 ( 3 29 11 5 ) ( 3 24 5 )
3 8 ( 3 16 8 ) ( 3 24 8 )
3 11 ( 3 8 29 11 ) ( 3 24 11 )
3 16 ( 3 8 16 ) ( 3 11 16 )
3 18 ( 3 16 18 ) ( 3 8 18 )
3 21 ( 3 5 21 ) ( 3 23 21 )
3 24 ( 3 11 24 ) ( 3 18 24 )
3 27 ( 3 8 24 27 ) ( 3 11 27 )
3 29 ( 3 11 29 ) ( 3 18 29 )
5 8 ( 5 21 8 ) ( 5 11 8 )
5 11 ( 5 21 11 ) ( 5 29 11 )
8 11 ( 8 29 11 ) ( 8 24 11 )

EOF