DIMENSIONS
65 sommetsG2
60 sommetsG1
110 dem

SOMMETS
0  Berlin  C  52.52  13.38
1  Hamburg  C  53.55  10
2  Munchen  C  48.14  11.58
3  Koln  C  50.95  6.97
4  Frankfurt  C  50.12  8.68
5  Dortmund  C  51.51  7.48
6  Stuttgart  C  48.79  9.19
7  Essen  C  51.47  7
8  Dusseldorf  C  51.24  6.79
9  Bremen  C  53.08  8.81
10  Hannover  C  52.4  9.73
11  Duisburg  C  51.43  6.75
12  Nurnberg  C  49.45  11.05
13  Leipzig  C  51.35  12.4
14  Dresden  C  51.05  13.74
15  Bochum  C  51.48  7.2
16  Wuppertal  C  51.26  7.18
17  Bielefeld  C  52.03  8.53
18  Bonn  C  50.73  7.1
19  Mannheim  C  49.5  8.47
20  Karlsruhe  C  49  8.4
21  Gelsenkirchen  C  51.51  7.11
22  Wiesbaden  C  50.08  8.23
23  Munster  C  51.96  7.62
24  Monchengladbach  C  51.2  6.42
25  Augsburg  T  48.36  10.89
26  Chemnitz  C  50.83  12.92
27  Aachen  C  50.77  6.09
28  Braunschweig  C  52.27  10.51
29  Krefeld  C  51.33  6.55
30  Halle  C  51.48  11.96
31  Kiel  C  54.32  10.12
32  Magdeburg  C  52.13  11.62
33  Oberhausen  C  51.47  6.86
34  Lubeck  C  53.87  10.66
35  Freiburg  C  47.99  7.85
36  Hagen  C  51.37  7.46
37  Erfurt  C  50.99  11.03
38  Rostock  C  54.09  12.1
39  Kassel  C  51.32  9.48
40  Mainz  C  50  8.26
41  Hamm  C  51.67  7.8
42  Saarbrucken  C  49.25  6.97
43  Herne  C  51.54  7.21
44  Mulheim  C  51.43  6.86
45  Osnabruck  C  52.28  8.05
46  Solingen  C  51.18  7.06
47  Ludwigshafen  C  49.48  8.44
48  Leverkusen  C  51.04  6.99
49  Oldenburg  C  53.15  8.21
50  Neuss  T  51.2  6.69
51  Heidelberg  T  49.42  8.69
52  Paderborn  C  51.72  8.74
53  Darmstadt  C  49.87  8.64
54  Wurzburg  T  49.8  9.94
55  Potsdam  C  52.4  13.07
56  Regensburg  C  49.02  12.11
57  Recklinghausen  C  51.61  7.19
58  Gottingen  C  51.53  9.92
59  Wolfsburg  T  52.43  10.78
60  Heilbronn  C  49.14  9.22
61  Bottrop  C  51.53  6.93
62  Offenbach  C  50.1  8.77
63  Ulm  C  48.4  9.97
64  Bremerhaven  C  53.55  8.58

DEMANDES
0 1 ( 0 55 1 ) ( 0 34 1 )
0 2 ( 0 26 2 ) ( 0 37 2 )
0 3 ( 0 32 39 3 ) ( 0 28 3 )
0 4 ( 0 37 4 ) ( 0 30 4 )
0 5 ( 0 52 5 ) ( 0 55 5 )
0 6 ( 0 30 6 ) ( 0 13 6 )
0 7 ( 0 52 7 ) ( 0 5 7 )
0 8 ( 0 32 8 ) ( 0 55 36 8 )
0 9 ( 0 55 9 ) ( 0 32 9 )
0 10 ( 0 55 10 ) ( 0 13 10 )
0 11 ( 0 7 11 ) ( 0 15 11 )
0 12 ( 0 30 12 ) ( 0 37 12 )
0 13 ( 0 30 13 ) ( 0 26 13 )
0 14 ( 0 13 14 ) ( 0 30 14 )
0 15 ( 0 52 15 ) ( 0 5 15 )
0 16 ( 0 52 16 ) ( 0 5 16 )
0 17 ( 0 28 17 ) ( 0 32 17 )
0 18 ( 0 55 32 18 ) ( 0 28 18 )
0 19 ( 0 30 19 ) ( 0 47 19 )
0 20 ( 0 30 60 20 ) ( 0 19 20 )
0 21 ( 0 52 41 21 ) ( 0 55 21 )
0 22 ( 0 55 22 ) ( 0 4 22 )
0 23 ( 0 17 23 ) ( 0 55 23 )
0 24 ( 0 32 24 ) ( 0 8 24 )
0 26 ( 0 14 26 ) ( 0 32 26 )
0 28 ( 0 55 28 ) ( 0 30 28 )
0 30 ( 0 32 30 ) ( 0 28 30 )
0 31 ( 0 34 31 ) ( 0 55 31 )
0 32 ( 0 30 32 ) ( 0 13 32 )
0 34 ( 0 55 34 ) ( 0 1 34 )
0 37 ( 0 30 37 ) ( 0 32 37 )
0 38 ( 0 13 38 ) ( 0 30 38 )
0 39 ( 0 58 39 ) ( 0 13 39 )
0 55 ( 0 13 55 ) ( 0 26 55 )
0 56 ( 0 26 56 ) ( 0 13 56 )
0 58 ( 0 32 58 ) ( 0 39 58 )
1 2 ( 1 37 2 ) ( 1 10 2 )
1 3 ( 1 36 3 ) ( 1 41 3 )
1 4 ( 1 52 62 4 ) ( 1 17 4 )
1 5 ( 1 9 41 5 ) ( 1 17 23 5 )
1 6 ( 1 39 6 ) ( 1 62 6 )
1 7 ( 1 15 7 ) ( 1 9 43 7 )
1 8 ( 1 43 8 ) ( 1 23 8 )
1 9 ( 1 31 9 ) ( 1 17 9 )
1 10 ( 1 34 10 ) ( 1 17 10 )
1 11 ( 1 45 11 ) ( 1 23 11 )
1 12 ( 1 28 12 ) ( 1 58 12 )
1 13 ( 1 32 13 ) ( 1 30 13 )
1 14 ( 1 13 14 ) ( 1 30 14 )
1 15 ( 1 23 43 15 ) ( 1 5 15 )
1 16 ( 1 5 16 ) ( 1 41 16 )
1 17 ( 1 10 17 ) ( 1 52 17 )
1 23 ( 1 45 23 ) ( 1 17 23 )
1 28 ( 1 34 28 ) ( 1 31 28 )
1 30 ( 1 32 30 ) ( 1 34 30 )
1 31 ( 1 34 31 ) ( 1 64 31 )
1 32 ( 1 10 32 ) ( 1 31 32 )
1 34 ( 1 31 34 ) ( 1 9 34 )
1 38 ( 1 34 38 ) ( 1 31 38 )
1 39 ( 1 10 39 ) ( 1 52 39 )
1 49 ( 1 9 49 ) ( 1 10 49 )
1 64 ( 1 9 64 ) ( 1 10 64 )
2 3 ( 2 22 3 ) ( 2 4 3 )
2 4 ( 2 62 4 ) ( 2 60 4 )
2 6 ( 2 12 6 ) ( 2 20 6 )
2 12 ( 2 63 12 ) ( 2 60 12 )
2 13 ( 2 37 13 ) ( 2 14 13 )
2 56 ( 2 12 56 ) ( 2 6 56 )
3 4 ( 3 48 4 ) ( 3 40 4 )
3 5 ( 3 48 5 ) ( 3 46 5 )
3 7 ( 3 46 7 ) ( 3 33 7 )
3 8 ( 3 46 48 8 ) ( 3 16 8 )
3 9 ( 3 5 9 ) ( 3 45 9 )
3 11 ( 3 8 11 ) ( 3 44 11 )
3 15 ( 3 48 15 ) ( 3 46 16 15 )
3 16 ( 3 8 16 ) ( 3 7 16 )
3 17 ( 3 36 17 ) ( 3 48 17 )
3 18 ( 3 46 18 ) ( 3 16 18 )
3 21 ( 3 46 21 ) ( 3 61 21 )
3 22 ( 3 40 22 ) ( 3 46 22 )
3 23 ( 3 16 23 ) ( 3 46 23 )
3 24 ( 3 48 24 ) ( 3 29 24 )
3 27 ( 3 48 27 ) ( 3 18 27 )
3 29 ( 3 11 29 ) ( 3 46 29 )
3 33 ( 3 8 33 ) ( 3 46 33 )
3 36 ( 3 48 36 ) ( 3 16 36 )
3 41 ( 3 36 41 ) ( 3 5 41 )
3 43 ( 3 48 43 ) ( 3 46 57 43 )
3 44 ( 3 8 44 ) ( 3 46 44 )
3 46 ( 3 15 46 ) ( 3 21 46 )
3 48 ( 3 46 48 ) ( 3 16 48 )
4 5 ( 4 62 5 ) ( 4 41 5 )
4 6 ( 4 53 6 ) ( 4 62 6 )
4 19 ( 4 53 19 ) ( 4 62 19 )
4 22 ( 4 40 22 ) ( 4 53 22 )
5 7 ( 5 15 7 ) ( 5 43 7 )
5 8 ( 5 15 8 ) ( 5 43 8 )
5 11 ( 5 44 11 ) ( 5 7 33 11 )
5 15 ( 5 57 43 15 ) ( 5 46 15 )
5 16 ( 5 36 16 ) ( 5 15 16 )
5 18 ( 5 16 3 18 ) ( 5 36 48 18 )
7 8 ( 7 61 8 ) ( 7 11 8 )
7 11 ( 7 44 11 ) ( 7 61 33 11 )
7 15 ( 7 57 15 ) ( 7 44 15 )
7 16 ( 7 21 16 ) ( 7 15 16 )
8 11 ( 8 7 11 ) ( 8 61 7 44 11 )
8 15 ( 8 43 15 ) ( 8 33 15 )
8 16 ( 8 46 16 ) ( 8 44 16 )
9 10 ( 9 64 10 ) ( 9 49 10 )
11 15 ( 11 44 7 15 ) ( 11 33 15 )

EOF