DIMENSIONS
75 sommetsG2
70 sommetsG1
150 dem

SOMMETS
0  Berlin  C  52.52  13.38
1  Hamburg  C  53.55  10
2  Munchen  C  48.14  11.58
3  Koln  C  50.95  6.97
4  Frankfurt  C  50.12  8.68
5  Dortmund  C  51.51  7.48
6  Stuttgart  C  48.79  9.19
7  Essen  C  51.47  7
8  Dusseldorf  C  51.24  6.79
9  Bremen  C  53.08  8.81
10  Hannover  C  52.4  9.73
11  Duisburg  C  51.43  6.75
12  Nurnberg  C  49.45  11.05
13  Leipzig  C  51.35  12.4
14  Dresden  C  51.05  13.74
15  Bochum  C  51.48  7.2
16  Wuppertal  C  51.26  7.18
17  Bielefeld  C  52.03  8.53
18  Bonn  C  50.73  7.1
19  Mannheim  C  49.5  8.47
20  Karlsruhe  C  49  8.4
21  Gelsenkirchen  C  51.51  7.11
22  Wiesbaden  C  50.08  8.23
23  Munster  C  51.96  7.62
24  Monchengladbach  C  51.2  6.42
25  Augsburg  C  48.36  10.89
26  Chemnitz  C  50.83  12.92
27  Aachen  C  50.77  6.09
28  Braunschweig  C  52.27  10.51
29  Krefeld  T  51.33  6.55
30  Halle  C  51.48  11.96
31  Kiel  C  54.32  10.12
32  Magdeburg  C  52.13  11.62
33  Oberhausen  C  51.47  6.86
34  Lubeck  C  53.87  10.66
35  Freiburg  C  47.99  7.85
36  Hagen  C  51.37  7.46
37  Erfurt  C  50.99  11.03
38  Rostock  C  54.09  12.1
39  Kassel  C  51.32  9.48
40  Mainz  C  50  8.26
41  Hamm  C  51.67  7.8
42  Saarbrucken  C  49.25  6.97
43  Herne  C  51.54  7.21
44  Mulheim  C  51.43  6.86
45  Osnabruck  C  52.28  8.05
46  Solingen  C  51.18  7.06
47  Ludwigshafen  C  49.48  8.44
48  Leverkusen  C  51.04  6.99
49  Oldenburg  C  53.15  8.21
50  Neuss  C  51.2  6.69
51  Heidelberg  C  49.42  8.69
52  Paderborn  C  51.72  8.74
53  Darmstadt  C  49.87  8.64
54  Wurzburg  C  49.8  9.94
55  Potsdam  C  52.4  13.07
56  Regensburg  C  49.02  12.11
57  Recklinghausen  C  51.61  7.19
58  Gottingen  T  51.53  9.92
59  Wolfsburg  T  52.43  10.78
60  Heilbronn  C  49.14  9.22
61  Bottrop  C  51.53  6.93
62  Offenbach  C  50.1  8.77
63  Ulm  T  48.4  9.97
64  Bremerhaven  C  53.55  8.58
65  Pforzheim  C  48.89  8.69
66  Ingolstadt  C  48.77  11.43
67  Remscheid  C  51.18  7.19
68  Furth  T  49.48  10.98
69  Reutlingen  C  48.49  9.21
70  Salzgitter  C  52.17  10.33
71  Koblenz  C  50.35  7.6
72  Siegen  C  50.87  8.01
73  Moers  C  51.45  6.65
74  Gera  C  50.88  12.08

DEMANDES
0 1 ( 0 34 1 ) ( 0 38 1 )
0 2 ( 0 26 2 ) ( 0 13 2 )
0 3 ( 0 70 3 ) ( 0 28 3 )
0 4 ( 0 55 4 ) ( 0 62 4 )
0 5 ( 0 52 5 ) ( 0 55 32 5 )
0 6 ( 0 30 6 ) ( 0 55 6 )
0 7 ( 0 52 7 ) ( 0 5 7 )
0 8 ( 0 16 8 ) ( 0 55 8 )
0 9 ( 0 55 28 9 ) ( 0 10 9 )
0 10 ( 0 28 10 ) ( 0 70 10 )
0 11 ( 0 52 7 11 ) ( 0 21 11 )
0 12 ( 0 13 12 ) ( 0 55 12 )
0 13 ( 0 55 13 ) ( 0 30 13 )
0 14 ( 0 55 14 ) ( 0 26 14 )
0 15 ( 0 52 15 ) ( 0 32 15 )
0 16 ( 0 32 16 ) ( 0 52 16 )
0 17 ( 0 55 17 ) ( 0 32 17 )
0 18 ( 0 55 18 ) ( 0 39 18 )
0 19 ( 0 55 19 ) ( 0 47 19 )
0 20 ( 0 30 20 ) ( 0 37 20 )
0 21 ( 0 32 21 ) ( 0 5 21 )
0 22 ( 0 4 22 ) ( 0 37 22 )
0 23 ( 0 17 23 ) ( 0 10 23 )
0 24 ( 0 36 24 ) ( 0 52 24 )
0 25 ( 0 74 25 ) ( 0 55 25 )
0 26 ( 0 13 26 ) ( 0 30 26 )
0 27 ( 0 32 27 ) ( 0 3 27 )
0 28 ( 0 55 28 ) ( 0 70 28 )
0 30 ( 0 13 30 ) ( 0 74 30 )
0 31 ( 0 55 31 ) ( 0 1 31 )
0 32 ( 0 55 32 ) ( 0 26 13 32 )
0 33 ( 0 21 33 ) ( 0 52 33 )
0 34 ( 0 55 32 34 ) ( 0 31 34 )
0 36 ( 0 70 36 ) ( 0 28 36 )
0 37 ( 0 55 37 ) ( 0 13 37 )
0 38 ( 0 32 38 ) ( 0 34 38 )
0 39 ( 0 32 39 ) ( 0 30 39 )
0 40 ( 0 62 40 ) ( 0 30 40 )
0 41 ( 0 70 41 ) ( 0 52 41 )
0 45 ( 0 28 45 ) ( 0 32 45 )
0 49 ( 0 55 49 ) ( 0 28 49 )
0 52 ( 0 32 52 ) ( 0 10 52 )
0 54 ( 0 30 54 ) ( 0 37 54 )
0 55 ( 0 13 55 ) ( 0 30 55 )
0 56 ( 0 55 56 ) ( 0 13 56 )
0 66 ( 0 74 66 ) ( 0 55 66 )
0 70 ( 0 28 70 ) ( 0 32 70 )
0 74 ( 0 13 74 ) ( 0 26 74 )
1 2 ( 1 66 2 ) ( 1 70 2 )
1 3 ( 1 5 3 ) ( 1 46 3 )
1 4 ( 1 10 4 ) ( 1 62 4 )
1 5 ( 1 23 5 ) ( 1 9 5 )
1 6 ( 1 39 6 ) ( 1 54 6 )
1 7 ( 1 57 7 ) ( 1 21 7 )
1 8 ( 1 21 8 ) ( 1 45 8 )
1 9 ( 1 64 9 ) ( 1 10 9 )
1 10 ( 1 34 10 ) ( 1 64 10 )
1 11 ( 1 45 11 ) ( 1 23 11 )
1 12 ( 1 28 12 ) ( 1 37 12 )
1 13 ( 1 30 13 ) ( 1 34 13 )
1 14 ( 1 32 14 ) ( 1 55 14 )
1 15 ( 1 45 15 ) ( 1 43 15 )
1 16 ( 1 5 16 ) ( 1 36 16 )
1 17 ( 1 10 17 ) ( 1 52 17 )
1 18 ( 1 17 18 ) ( 1 41 18 )
1 21 ( 1 23 21 ) ( 1 57 21 )
1 23 ( 1 9 23 ) ( 1 41 23 )
1 28 ( 1 70 28 ) ( 1 31 28 )
1 30 ( 1 32 30 ) ( 1 28 70 30 )
1 31 ( 1 9 31 ) ( 1 28 31 )
1 32 ( 1 28 32 ) ( 1 70 32 )
1 34 ( 1 10 34 ) ( 1 9 34 )
1 37 ( 1 28 37 ) ( 1 34 37 )
1 38 ( 1 34 38 ) ( 1 32 38 )
1 39 ( 1 70 39 ) ( 1 52 39 )
1 45 ( 1 17 45 ) ( 1 10 45 )
1 49 ( 1 9 49 ) ( 1 64 49 )
1 52 ( 1 9 52 ) ( 1 70 52 )
1 64 ( 1 9 64 ) ( 1 49 64 )
1 70 ( 1 28 10 70 ) ( 1 31 70 )
2 3 ( 2 53 3 ) ( 2 71 3 )
2 4 ( 2 62 4 ) ( 2 25 4 )
2 6 ( 2 25 6 ) ( 2 69 6 )
2 12 ( 2 66 12 ) ( 2 25 12 )
2 13 ( 2 74 13 ) ( 2 56 13 )
2 14 ( 2 56 14 ) ( 2 26 14 )
2 25 ( 2 12 25 ) ( 2 69 25 )
2 56 ( 2 25 56 ) ( 2 12 56 )
2 66 ( 2 25 66 ) ( 2 69 66 )
3 4 ( 3 22 4 ) ( 3 48 18 4 )
3 5 ( 3 48 5 ) ( 3 46 5 )
3 6 ( 3 71 6 ) ( 3 51 6 )
3 7 ( 3 46 7 ) ( 3 44 7 )
3 8 ( 3 48 8 ) ( 3 44 8 )
3 9 ( 3 45 9 ) ( 3 36 9 )
3 10 ( 3 67 10 ) ( 3 36 10 )
3 11 ( 3 48 8 11 ) ( 3 50 11 )
3 15 ( 3 21 15 ) ( 3 43 15 )
3 16 ( 3 67 16 ) ( 3 18 16 )
3 17 ( 3 41 17 ) ( 3 5 17 )
3 18 ( 3 67 18 ) ( 3 46 67 48 18 )
3 19 ( 3 71 19 ) ( 3 18 19 )
3 21 ( 3 7 21 ) ( 3 67 21 )
3 22 ( 3 71 22 ) ( 3 48 22 )
3 23 ( 3 15 23 ) ( 3 43 23 )
3 24 ( 3 48 24 ) ( 3 8 50 24 )
3 27 ( 3 8 27 ) ( 3 18 27 )
3 33 ( 3 11 33 ) ( 3 7 33 )
3 36 ( 3 16 36 ) ( 3 46 36 )
3 41 ( 3 36 41 ) ( 3 5 41 )
3 43 ( 3 48 43 ) ( 3 16 43 )
3 44 ( 3 8 44 ) ( 3 33 44 )
3 46 ( 3 8 46 ) ( 3 44 46 )
3 48 ( 3 46 48 ) ( 3 67 16 48 )
3 50 ( 3 8 50 ) ( 3 11 50 )
3 57 ( 3 48 57 ) ( 3 67 57 )
4 5 ( 4 22 36 5 ) ( 4 41 5 )
4 6 ( 4 53 6 ) ( 4 60 6 )
4 7 ( 4 21 7 ) ( 4 36 7 )
4 19 ( 4 53 19 ) ( 4 62 47 19 )
4 20 ( 4 19 20 ) ( 4 65 20 )
4 22 ( 4 62 22 ) ( 4 51 22 )
5 7 ( 5 15 7 ) ( 5 61 7 )
5 8 ( 5 16 8 ) ( 5 21 8 )
5 11 ( 5 15 11 ) ( 5 33 11 )
5 15 ( 5 43 15 ) ( 5 36 15 )
5 16 ( 5 36 16 ) ( 5 15 16 )
5 17 ( 5 41 23 17 ) ( 5 52 17 )
5 18 ( 5 16 46 18 ) ( 5 43 18 )
5 21 ( 5 43 21 ) ( 5 15 43 57 21 )
5 23 ( 5 36 23 ) ( 5 57 23 )
6 19 ( 6 47 19 ) ( 6 20 19 )
6 20 ( 6 60 20 ) ( 6 51 20 )
7 8 ( 7 33 8 ) ( 7 61 8 )
7 11 ( 7 33 11 ) ( 7 61 11 )
7 15 ( 7 43 15 ) ( 7 33 15 )
7 16 ( 7 21 16 ) ( 7 67 16 )
7 18 ( 7 46 18 ) ( 7 3 18 )
7 21 ( 7 61 21 ) ( 7 15 21 )
7 23 ( 7 15 23 ) ( 7 43 57 23 )
7 24 ( 7 11 24 ) ( 7 50 24 )
8 11 ( 8 50 11 ) ( 8 61 11 )
8 15 ( 8 21 15 ) ( 8 46 15 )
8 16 ( 8 48 16 ) ( 8 50 16 )
8 18 ( 8 3 18 ) ( 8 48 18 )
8 21 ( 8 11 21 ) ( 8 50 21 )
9 10 ( 9 70 10 ) ( 9 45 10 )
9 17 ( 9 49 17 ) ( 9 10 17 )
11 15 ( 11 33 15 ) ( 11 43 15 )
11 16 ( 11 7 16 ) ( 11 44 33 16 )

EOF