DIMENSIONS
10 sommetsG2
8 sommetsG1
20 dem

SOMMETS
0  London  C  51.52  -0.1
1  Glasgow  C  55.87  -4.27
2  Birmingham  C  52.48  -1.91
3  Liverpool  T  53.42  -2.99
4  Edinburgh  C  55.95  -3.22
5  Sheffield  C  53.39  -1.48
6  Leeds  C  53.81  -1.55
7  Bristol  C  51.46  -2.6
8  Manchester  T  53.48  -2.25
9  Leicester  C  52.64  -1.13

DEMANDES
0 1 ( 0 5 1 ) ( 0 4 1 )
0 2 ( 0 7 2 ) ( 0 6 2 )
0 4 ( 0 5 4 ) ( 0 9 4 )
0 5 ( 0 2 5 ) ( 0 6 9 5 )
0 6 ( 0 9 6 ) ( 0 2 4 6 )
0 7 ( 0 4 7 ) ( 0 7 )
0 9 ( 0 2 9 ) ( 0 6 5 9 )
1 2 ( 1 6 2 ) ( 1 4 5 2 )
1 4 ( 1 5 2 4 ) ( 1 0 4 )
1 5 ( 1 2 5 ) ( 1 4 9 5 )
1 6 ( 1 2 6 ) ( 1 0 5 6 )
1 7 ( 1 6 7 ) ( 1 0 7 )
2 4 ( 2 5 4 ) ( 2 1 4 )
2 5 ( 2 0 5 ) ( 2 4 5 )
2 6 ( 2 5 6 ) ( 2 6 )
2 7 ( 2 9 7 ) ( 2 6 7 )
2 9 ( 2 6 5 9 ) ( 2 0 9 )
5 6 ( 5 9 6 ) ( 5 7 6 )
5 9 ( 5 2 9 ) ( 5 7 9 )
6 9 ( 6 5 9 ) ( 6 0 9 )

EOF