DIMENSIONS
70 sommetsG2
65 sommetsG1
80 dem

SOMMETS
0  London  C  51.52  -0.1
1  Glasgow  C  55.87  -4.27
2  Birmingham  C  52.48  -1.91
3  Liverpool  C  53.42  -2.99
4  Edinburgh  C  55.95  -3.22
5  Sheffield  C  53.39  -1.48
6  Leeds  C  53.81  -1.55
7  Bristol  C  51.46  -2.6
8  Manchester  C  53.48  -2.25
9  Leicester  C  52.64  -1.13
10  Kingston-upon-hull  C  53.75  -0.36
11  Coventry  C  52.42  -1.5
12  Bradford  C  53.8  -1.75
13  Cardiff  C  51.48  -3.18
14  Nottingham  C  52.97  -1.18
15  Stoke-on-trent  C  53.01  -2.19
16  Wolverhampton  C  52.59  -2.15
17  Plymouth  C  50.38  -4.16
18  Belfast  C  54.6  -5.93
19  Derby  C  52.92  -1.5
20  Reading  C  51.45  -0.98
21  Southampton  C  50.91  -1.41
22  Dudley  C  52.5  -2.08
23  Aberdeen  C  57.15  -2.1
24  Newcastle-upon-tyne  C  55  -1.6
25  Preston  C  53.76  -2.73
26  Luton  C  51.9  -0.44
27  Sunderland  T  54.91  -1.39
28  Portsmouth  C  50.81  -1.09
29  Walsall  C  52.6  -1.97
30  Norwich  C  52.65  1.28
31  Swansea  C  51.63  -3.96
32  Bournemouth  C  50.73  -1.88
33  Southend-on-sea  C  51.55  0.71
34  Swindon  C  51.57  -1.78
35  Dundee  C  56.47  -3
36  Blackpool  C  53.82  -3.06
37  Poole  C  50.72  -1.98
38  Peterborough  C  52.59  -0.25
39  West-bromwich  C  52.53  -1.97
40  Middlesbrough  C  54.58  -1.23
41  Oldbury-smethwick  C  52.51  -2.03
42  Huddersfield  C  53.66  -1.8
43  Bolton  C  53.58  -2.43
44  Stockport  C  53.42  -2.17
45  Ipswich  C  52.07  1.14
46  Motherwell  C  55.79  -4
47  York  C  53.96  -1.11
48  Oxford  C  51.76  -1.26
49  Rotherham  C  53.44  -1.35
50  Brighton  C  50.83  -0.15
51  Gloucester  C  51.86  -2.24
52  Watford  C  51.66  -0.4
53  Newport  C  51.59  -3
54  Slough  T  51.52  -0.61
55  Basildon  T  51.57  0.46
56  Sutton-coldfield  C  52.56  -1.84
57  Blackburn  C  53.75  -2.49
58  Saint-helens  T  53.46  -2.75
59  Oldham  C  53.55  -2.12
60  Woking-byfleet  C  51.32  -0.57
61  Northampton  C  52.24  -0.9
62  Chelmsford  C  51.73  0.47
63  Colchester  T  51.88  0.9
64  Cambridge  C  52.21  0.13
65  Eastbourne  C  50.78  0.27
66  Worthing  C  50.82  -0.38
67  Exeter  C  50.73  -3.54
68  Gillingham  C  51.39  0.55
69  Solihull  C  52.42  -1.78

DEMANDES
0 1 ( 0 9 1 ) ( 0 19 1 )
0 2 ( 0 52 2 ) ( 0 26 69 2 )
0 3 ( 0 11 3 ) ( 0 15 3 )
0 4 ( 0 12 4 ) ( 0 5 4 )
0 5 ( 0 9 5 ) ( 0 61 5 )
0 6 ( 0 49 6 ) ( 0 5 6 )
0 7 ( 0 60 7 ) ( 0 48 34 7 )
0 8 ( 0 26 8 ) ( 0 19 8 )
0 9 ( 0 61 9 ) ( 0 64 9 )
0 10 ( 0 38 10 ) ( 0 64 10 )
0 11 ( 0 52 11 ) ( 0 26 11 )
0 12 ( 0 14 12 ) ( 0 26 12 )
0 13 ( 0 7 13 ) ( 0 20 13 )
0 14 ( 0 26 14 ) ( 0 9 14 )
0 15 ( 0 11 15 ) ( 0 56 15 )
0 16 ( 0 39 16 ) ( 0 41 22 16 )
0 17 ( 0 60 17 ) ( 0 67 17 )
0 18 ( 0 2 18 ) ( 0 69 18 )
0 19 ( 0 61 19 ) ( 0 9 19 )
0 20 ( 0 26 60 20 ) ( 0 48 20 )
0 21 ( 0 60 21 ) ( 0 28 21 )
0 22 ( 0 69 22 ) ( 0 52 61 22 )
0 23 ( 0 40 23 ) ( 0 24 23 )
0 24 ( 0 26 24 ) ( 0 40 24 )
0 25 ( 0 26 25 ) ( 0 44 25 )
0 26 ( 0 52 26 ) ( 0 62 26 )
0 28 ( 0 52 28 ) ( 0 20 28 )
0 29 ( 0 11 29 ) ( 0 2 29 )
0 30 ( 0 45 30 ) ( 0 33 30 )
0 31 ( 0 48 31 ) ( 0 52 31 )
0 32 ( 0 60 32 ) ( 0 37 32 )
0 33 ( 0 68 33 ) ( 0 62 33 )
0 34 ( 0 48 34 ) ( 0 52 20 34 )
0 35 ( 0 26 35 ) ( 0 14 6 35 )
0 36 ( 0 52 36 ) ( 0 11 15 36 )
0 37 ( 0 21 37 ) ( 0 32 37 )
0 38 ( 0 26 38 ) ( 0 52 64 38 )
0 39 ( 0 61 11 39 ) ( 0 41 39 )
0 40 ( 0 26 40 ) ( 0 61 40 )
0 41 ( 0 52 41 ) ( 0 2 41 )
0 42 ( 0 26 42 ) ( 0 9 42 )
0 43 ( 0 61 43 ) ( 0 26 43 )
0 44 ( 0 61 44 ) ( 0 26 44 )
0 45 ( 0 62 45 ) ( 0 33 45 )
0 46 ( 0 9 46 ) ( 0 26 46 )
0 47 ( 0 26 47 ) ( 0 38 47 )
0 48 ( 0 60 48 ) ( 0 26 48 )
0 49 ( 0 26 49 ) ( 0 52 14 49 )
0 50 ( 0 66 50 ) ( 0 20 50 )
0 51 ( 0 48 51 ) ( 0 26 61 51 )
0 52 ( 0 62 52 ) ( 0 50 52 )
0 53 ( 0 34 53 ) ( 0 20 53 )
0 56 ( 0 52 56 ) ( 0 11 56 )
0 57 ( 0 8 57 ) ( 0 26 57 )
0 59 ( 0 9 59 ) ( 0 61 59 )
0 60 ( 0 20 60 ) ( 0 66 50 60 )
0 61 ( 0 52 61 ) ( 0 64 61 )
0 62 ( 0 33 68 62 ) ( 0 60 62 )
0 64 ( 0 26 52 64 ) ( 0 68 64 )
0 65 ( 0 52 65 ) ( 0 62 65 )
0 66 ( 0 50 66 ) ( 0 52 66 )
0 67 ( 0 21 67 ) ( 0 32 67 )
0 68 ( 0 33 68 ) ( 0 50 68 )
0 69 ( 0 52 69 ) ( 0 48 69 )
1 2 ( 1 29 2 ) ( 1 39 2 )
1 4 ( 1 23 4 ) ( 1 36 4 )
2 3 ( 2 39 3 ) ( 2 41 16 3 )
2 5 ( 2 56 5 ) ( 2 29 5 )
2 6 ( 2 29 6 ) ( 2 41 6 )
2 7 ( 2 56 7 ) ( 2 39 56 69 7 )
2 8 ( 2 29 8 ) ( 2 39 8 )
2 9 ( 2 69 9 ) ( 2 11 9 )
2 11 ( 2 56 11 ) ( 2 41 11 )
2 12 ( 2 41 12 ) ( 2 69 12 )
2 14 ( 2 19 14 ) ( 2 39 14 )
2 15 ( 2 39 15 ) ( 2 41 15 )
2 16 ( 2 39 16 ) ( 2 41 16 )
2 19 ( 2 22 19 ) ( 2 69 22 29 19 )
2 22 ( 2 29 22 ) ( 2 16 22 )
2 29 ( 2 39 29 ) ( 2 56 29 )

EOF