DIMENSIONS
18 sommetsG2
16 sommetsG1
55 dem

SOMMETS
0  New-york  C  40.67  -73.94
1  Los-angeles  C  34.11  -118.41
2  Chicago  C  41.84  -87.68
3  Houston  C  29.77  -95.39
4  Philadelphia  C  40.01  -75.13
5  Phoenix  C  33.54  -112.07
6  San-diego  C  32.81  -117.14
7  San-antonio  T  29.46  -98.51
8  Dallas  C  32.79  -96.77
9  Detroit  C  42.38  -83.1
10  San-jose  C  37.3  -121.85
11  Jacksonville  C  30.33  -81.66
12  Indianapolis  C  39.78  -86.15
13  San-francisco  C  37.77  -122.45
14  Columbus  C  39.99  -82.99
15  Austin  T  30.31  -97.75
16  Memphis  C  35.11  -90.01
17  Baltimore  C  39.3  -76.61

DEMANDES
0 1 ( 0 12 1 ) ( 0 5 1 )
0 2 ( 0 9 2 ) ( 0 17 14 2 )
0 3 ( 0 17 3 ) ( 0 16 3 )
0 4 ( 0 14 4 ) ( 0 9 4 )
0 5 ( 0 8 5 ) ( 0 9 5 )
0 6 ( 0 5 6 ) ( 0 4 6 )
0 8 ( 0 16 8 ) ( 0 14 8 )
0 9 ( 0 12 14 9 ) ( 0 11 9 )
0 10 ( 0 12 10 ) ( 0 2 10 )
0 11 ( 0 17 11 ) ( 0 12 11 )
0 12 ( 0 14 12 ) ( 0 4 12 )
0 13 ( 0 17 12 13 ) ( 0 9 13 )
0 14 ( 0 17 4 14 ) ( 0 2 14 )
0 16 ( 0 17 16 ) ( 0 12 16 )
0 17 ( 0 9 17 ) ( 0 14 4 17 )
1 2 ( 1 5 2 ) ( 1 8 2 )
1 3 ( 1 16 3 ) ( 1 5 10 6 3 )
1 4 ( 1 17 4 ) ( 1 14 4 )
1 5 ( 1 6 5 ) ( 1 13 5 )
1 6 ( 1 12 6 ) ( 1 5 12 2 6 )
1 8 ( 1 6 8 ) ( 1 10 8 )
1 9 ( 1 2 9 ) ( 1 5 9 )
1 10 ( 1 13 10 ) ( 1 6 10 )
1 12 ( 1 3 12 ) ( 1 13 12 )
1 13 ( 1 10 13 ) ( 1 5 13 )
1 16 ( 1 5 16 ) ( 1 13 16 )
2 3 ( 2 16 3 ) ( 2 14 12 3 )
2 4 ( 2 9 4 ) ( 2 17 4 )
2 5 ( 2 3 5 ) ( 2 14 5 )
2 6 ( 2 5 6 ) ( 2 1 6 )
2 8 ( 2 16 8 ) ( 2 12 8 )
2 9 ( 2 12 9 ) ( 2 16 9 )
2 11 ( 2 16 11 ) ( 2 9 11 )
2 12 ( 2 14 12 ) ( 2 9 12 )
2 14 ( 2 9 12 14 ) ( 2 11 14 )
2 16 ( 2 8 16 ) ( 2 3 16 )
2 17 ( 2 14 17 ) ( 2 9 17 )
3 4 ( 3 17 4 ) ( 3 16 4 )
3 5 ( 3 10 5 ) ( 3 2 5 )
3 6 ( 3 5 6 ) ( 3 1 6 )
3 8 ( 3 16 12 8 ) ( 3 11 8 )
3 11 ( 3 8 11 ) ( 3 14 11 )
3 12 ( 3 8 12 ) ( 3 2 12 )
3 16 ( 3 12 16 ) ( 3 11 16 )
4 9 ( 4 14 9 ) ( 4 17 0 9 )
4 14 ( 4 9 12 14 ) ( 4 2 14 )
4 17 ( 4 0 14 17 ) ( 4 11 17 )
5 6 ( 5 1 6 ) ( 5 10 6 )
5 10 ( 5 6 8 10 ) ( 5 16 10 )
6 10 ( 6 1 10 ) ( 6 5 10 )
6 13 ( 6 1 13 ) ( 6 10 13 )
9 12 ( 9 14 2 12 ) ( 9 16 12 )
9 14 ( 9 2 14 ) ( 9 4 17 14 )
10 13 ( 10 6 13 ) ( 10 5 13 )
12 14 ( 12 9 14 ) ( 12 2 14 )

EOF