DIMENSIONS
100 sommetsG2
95 sommetsG1
90 dem

SOMMETS
0  New-york  C  40.67  -73.94
1  Los-angeles  C  34.11  -118.41
2  Chicago  C  41.84  -87.68
3  Houston  C  29.77  -95.39
4  Philadelphia  C  40.01  -75.13
5  Phoenix  C  33.54  -112.07
6  San-diego  C  32.81  -117.14
7  San-antonio  C  29.46  -98.51
8  Dallas  C  32.79  -96.77
9  Detroit  C  42.38  -83.1
10  San-jose  C  37.3  -121.85
11  Jacksonville  C  30.33  -81.66
12  Indianapolis  C  39.78  -86.15
13  San-francisco  C  37.77  -122.45
14  Columbus  C  39.99  -82.99
15  Austin  C  30.31  -97.75
16  Memphis  C  35.11  -90.01
17  Baltimore  C  39.3  -76.61
18  Fort-worth  C  32.75  -97.34
19  El-paso  C  31.85  -106.44
20  Charlotte  C  35.2  -80.83
21  Milwaukee  C  43.06  -87.97
22  Boston  C  42.34  -71.02
23  Seattle  C  47.62  -122.35
24  Denver  C  39.77  -104.87
25  Washington  C  38.91  -77.02
26  Nashville  C  36.17  -86.78
27  Portland  C  45.54  -122.66
28  Las-vegas  C  36.21  -115.22
29  Oklahoma-city  C  35.47  -97.51
30  Tucson  C  32.2  -110.89
31  Long-beach  C  33.79  -118.16
32  Albuquerque  C  35.12  -106.62
33  New-orleans  C  30.07  -89.93
34  Cleveland  C  41.48  -81.68
35  Fresno  C  36.78  -119.79
36  Sacramento  C  38.57  -121.47
37  Virginia-beach  C  36.74  -76.04
38  Kansas-city  C  39.12  -94.55
39  Mesa  T  33.42  -111.74
40  Atlanta  C  33.76  -84.42
41  Omaha  C  41.26  -96.01
42  Oakland  C  37.77  -122.22
43  Tulsa  C  36.13  -95.92
44  Honolulu  C  21.32  -157.8
45  Miami  C  25.78  -80.21
46  Minneapolis  C  44.96  -93.27
47  Colorado-springs  C  38.86  -104.76
48  Arlington  C  32.69  -97.13
49  Wichita  C  37.69  -97.34
50  Santa-ana  C  33.74  -117.88
51  Anaheim  C  33.84  -117.87
52  Saint-louis  C  38.64  -90.24
53  Raleigh  C  35.82  -78.66
54  Pittsburgh  C  40.44  -79.98
55  Tampa  C  27.96  -82.48
56  Cincinnati  C  39.14  -84.51
57  Toledo  C  41.66  -83.58
58  Aurora  C  39.71  -104.73
59  Riverside  C  33.94  -117.4
60  Buffalo  C  42.89  -78.86
61  Corpus-christi  C  27.71  -97.29
62  Newark  C  40.72  -74.17
63  Saint-paul  C  44.95  -93.1
64  Bakersfield  C  35.36  -119
65  Stockton  C  37.97  -121.31
66  Anchorage  C  61.18  -149.19
67  Lexington-fayette  C  38.04  -84.46
68  Saint-petersburg  C  27.76  -82.64
69  Louisville  C  38.22  -85.74
70  Plano  C  33.05  -96.75
71  Norfolk  C  36.92  -76.24
72  Jersey-city  C  40.71  -74.06
73  Lincoln  C  40.82  -96.69
74  Glendale  C  33.58  -112.2
75  Birmingham  C  33.53  -86.8
76  Greensboro  C  36.08  -79.83
77  Hialeah  C  25.86  -80.3
78  Fort-wayne  T  41.07  -85.14
79  Baton-rouge  T  30.45  -91.13
80  Henderson  C  36.03  -115
81  Scottsdale  C  33.69  -111.87
82  Madison  C  43.08  -89.39
83  Chandler  C  33.3  -111.87
84  Garland  T  32.91  -96.63
85  Chesapeake  C  36.68  -76.31
86  Rochester  C  43.17  -77.62
87  Akron  C  41.08  -81.52
88  Modesto  C  37.66  -120.99
89  Lubbock  C  33.58  -101.88
90  Paradise  C  36.08  -115.13
91  Orlando  T  28.5  -81.37
92  Fremont  C  37.53  -122
93  Chula-vista  C  32.63  -117.04
94  Laredo  C  27.53  -99.49
95  Glendale  C  34.18  -118.25
96  Durham  C  35.98  -78.91
97  Montgomery  C  32.35  -86.28
98  San-bernardino  C  34.14  -117.29
99  Reno  C  39.54  -119.82

DEMANDES
0 1 ( 0 95 1 ) ( 0 52 1 )
0 2 ( 0 62 2 ) ( 0 72 2 )
0 3 ( 0 4 3 ) ( 0 25 3 )
0 4 ( 0 62 4 ) ( 0 17 4 )
0 5 ( 0 43 5 ) ( 0 56 5 )
0 7 ( 0 17 7 ) ( 0 4 7 )
0 8 ( 0 72 8 ) ( 0 67 8 )
0 9 ( 0 62 9 ) ( 0 72 9 )
0 11 ( 0 71 11 ) ( 0 85 11 )
0 12 ( 0 54 12 ) ( 0 62 14 12 )
0 14 ( 0 62 14 ) ( 0 4 14 )
0 16 ( 0 26 16 ) ( 0 4 16 )
0 17 ( 0 72 17 ) ( 0 25 17 )
0 20 ( 0 4 20 ) ( 0 72 76 20 )
0 21 ( 0 62 21 ) ( 0 9 21 )
0 22 ( 0 62 22 ) ( 0 25 4 22 )
0 25 ( 0 71 25 ) ( 0 37 25 )
0 26 ( 0 4 26 ) ( 0 62 26 )
0 34 ( 0 62 34 ) ( 0 54 34 )
0 37 ( 0 71 37 ) ( 0 72 4 37 )
0 40 ( 0 4 40 ) ( 0 17 40 )
0 53 ( 0 62 53 ) ( 0 72 4 53 )
0 54 ( 0 4 54 ) ( 0 17 54 )
0 56 ( 0 72 56 ) ( 0 54 56 )
0 57 ( 0 87 57 ) ( 0 54 57 )
0 60 ( 0 72 60 ) ( 0 62 60 )
0 62 ( 0 4 62 ) ( 0 71 62 )
0 67 ( 0 72 67 ) ( 0 4 67 )
0 71 ( 0 72 71 ) ( 0 85 71 )
0 72 ( 0 62 72 ) ( 0 4 17 72 )
0 76 ( 0 72 76 ) ( 0 25 76 )
0 85 ( 0 37 85 ) ( 0 72 85 )
0 86 ( 0 62 4 72 86 ) ( 0 22 86 )
0 87 ( 0 62 87 ) ( 0 72 87 )
0 96 ( 0 4 96 ) ( 0 72 96 )
1 2 ( 1 98 2 ) ( 1 38 2 )
1 3 ( 1 51 15 3 ) ( 1 98 3 )
1 5 ( 1 59 5 ) ( 1 98 5 )
1 6 ( 1 93 6 ) ( 1 98 6 )
1 10 ( 1 92 10 ) ( 1 88 10 )
1 13 ( 1 10 13 ) ( 1 64 13 )
1 28 ( 1 95 28 ) ( 1 90 28 )
1 30 ( 1 95 30 ) ( 1 98 30 )
1 31 ( 1 95 31 ) ( 1 50 31 )
1 35 ( 1 64 35 ) ( 1 95 35 )
1 36 ( 1 65 36 ) ( 1 35 36 )
1 42 ( 1 35 42 ) ( 1 13 42 )
1 50 ( 1 51 50 ) ( 1 59 50 )
1 51 ( 1 50 31 51 ) ( 1 59 51 )
1 59 ( 1 51 59 ) ( 1 31 59 )
1 64 ( 1 31 64 ) ( 1 51 64 )
1 65 ( 1 35 65 ) ( 1 95 65 )
1 80 ( 1 90 80 ) ( 1 59 80 )
1 90 ( 1 98 90 ) ( 1 80 90 )
1 93 ( 1 31 93 ) ( 1 6 93 )
1 95 ( 1 31 51 95 ) ( 1 59 95 )
1 98 ( 1 95 98 ) ( 1 51 98 )
2 3 ( 2 38 3 ) ( 2 48 8 3 )
2 4 ( 2 87 4 ) ( 2 54 4 )
2 9 ( 2 14 57 9 ) ( 2 56 9 )
2 12 ( 2 56 12 ) ( 2 82 21 12 )
2 14 ( 2 12 14 ) ( 2 57 14 )
2 21 ( 2 12 82 21 ) ( 2 57 21 )
2 26 ( 2 12 26 ) ( 2 69 26 )
2 82 ( 2 52 82 ) ( 2 56 82 )
3 7 ( 3 61 7 ) ( 3 94 7 )
3 8 ( 3 70 8 ) ( 3 18 8 )
3 15 ( 3 18 15 ) ( 3 61 7 15 )
3 18 ( 3 7 15 18 ) ( 3 61 18 )
4 17 ( 4 62 0 17 ) ( 4 86 17 )
4 25 ( 4 17 25 ) ( 4 71 25 )
4 62 ( 4 0 62 ) ( 4 25 17 62 )
4 72 ( 4 17 72 ) ( 4 25 0 72 )
5 6 ( 5 93 6 ) ( 5 81 6 )
5 30 ( 5 83 30 ) ( 5 81 30 )
5 74 ( 5 81 74 ) ( 5 83 74 )
5 81 ( 5 74 81 ) ( 5 30 81 )
5 83 ( 5 74 83 ) ( 5 81 83 )
6 31 ( 6 59 31 ) ( 6 98 31 )
6 50 ( 6 93 50 ) ( 6 51 59 50 )
6 51 ( 6 59 51 ) ( 6 93 51 )
6 59 ( 6 98 59 ) ( 6 31 59 )
6 93 ( 6 59 93 ) ( 6 50 93 )
7 8 ( 7 15 18 8 ) ( 7 48 70 8 )
7 15 ( 7 61 15 ) ( 7 94 15 )
8 18 ( 8 48 18 ) ( 8 15 18 )
8 48 ( 8 18 48 ) ( 8 29 48 )
8 70 ( 8 18 48 70 ) ( 8 3 70 )
10 13 ( 10 92 13 ) ( 10 65 13 )
10 42 ( 10 92 42 ) ( 10 13 42 )

EOF