DIMENSIONS
45 sommetsG2
40 sommetsG1
120 dem

SOMMETS
0  New-york  C  40.67  -73.94
1  Los-angeles  C  34.11  -118.41
2  Chicago  C  41.84  -87.68
3  Houston  C  29.77  -95.39
4  Philadelphia  C  40.01  -75.13
5  Phoenix  C  33.54  -112.07
6  San-diego  C  32.81  -117.14
7  San-antonio  C  29.46  -98.51
8  Dallas  T  32.79  -96.77
9  Detroit  C  42.38  -83.1
10  San-jose  C  37.3  -121.85
11  Jacksonville  C  30.33  -81.66
12  Indianapolis  C  39.78  -86.15
13  San-francisco  C  37.77  -122.45
14  Columbus  C  39.99  -82.99
15  Austin  C  30.31  -97.75
16  Memphis  C  35.11  -90.01
17  Baltimore  T  39.3  -76.61
18  Fort-worth  C  32.75  -97.34
19  El-paso  C  31.85  -106.44
20  Charlotte  C  35.2  -80.83
21  Milwaukee  C  43.06  -87.97
22  Boston  C  42.34  -71.02
23  Seattle  C  47.62  -122.35
24  Denver  C  39.77  -104.87
25  Washington  C  38.91  -77.02
26  Nashville  C  36.17  -86.78
27  Portland  C  45.54  -122.66
28  Las-vegas  C  36.21  -115.22
29  Oklahoma-city  C  35.47  -97.51
30  Tucson  C  32.2  -110.89
31  Long-beach  C  33.79  -118.16
32  Albuquerque  C  35.12  -106.62
33  New-orleans  C  30.07  -89.93
34  Cleveland  C  41.48  -81.68
35  Fresno  T  36.78  -119.79
36  Sacramento  C  38.57  -121.47
37  Virginia-beach  T  36.74  -76.04
38  Kansas-city  C  39.12  -94.55
39  Mesa  C  33.42  -111.74
40  Atlanta  C  33.76  -84.42
41  Omaha  T  41.26  -96.01
42  Oakland  C  37.77  -122.22
43  Tulsa  C  36.13  -95.92
44  Honolulu  C  21.32  -157.8

DEMANDES
0 1 ( 0 32 1 ) ( 0 43 1 )
0 2 ( 0 34 2 ) ( 0 14 12 2 )
0 3 ( 0 4 3 ) ( 0 40 3 )
0 4 ( 0 34 4 ) ( 0 20 4 )
0 5 ( 0 29 5 ) ( 0 14 5 )
0 6 ( 0 43 6 ) ( 0 39 6 )
0 7 ( 0 4 7 ) ( 0 25 7 )
0 9 ( 0 34 9 ) ( 0 14 9 )
0 10 ( 0 14 10 ) ( 0 38 10 )
0 11 ( 0 25 11 ) ( 0 20 40 11 )
0 12 ( 0 14 12 ) ( 0 4 34 12 )
0 13 ( 0 14 13 ) ( 0 12 13 )
0 14 ( 0 25 14 ) ( 0 34 14 )
0 15 ( 0 4 15 ) ( 0 40 15 )
0 16 ( 0 26 16 ) ( 0 4 16 )
0 18 ( 0 16 18 ) ( 0 26 18 )
0 19 ( 0 26 19 ) ( 0 16 19 )
0 20 ( 0 34 20 ) ( 0 22 20 )
0 21 ( 0 4 9 21 ) ( 0 14 21 )
0 22 ( 0 25 22 ) ( 0 34 25 4 22 )
0 23 ( 0 21 23 ) ( 0 14 23 )
0 24 ( 0 12 24 ) ( 0 4 24 )
0 25 ( 0 4 25 ) ( 0 20 25 )
0 26 ( 0 25 26 ) ( 0 9 26 )
0 27 ( 0 9 27 ) ( 0 21 27 )
0 28 ( 0 14 28 ) ( 0 12 28 )
0 29 ( 0 43 29 ) ( 0 4 29 )
0 30 ( 0 43 30 ) ( 0 4 30 )
0 31 ( 0 14 31 ) ( 0 4 29 31 )
0 32 ( 0 43 32 ) ( 0 4 32 )
0 33 ( 0 4 33 ) ( 0 25 33 )
0 34 ( 0 4 34 ) ( 0 25 34 )
0 38 ( 0 14 38 ) ( 0 12 38 )
0 39 ( 0 43 39 ) ( 0 29 39 )
0 40 ( 0 4 40 ) ( 0 25 40 )
0 43 ( 0 4 43 ) ( 0 14 43 )
1 2 ( 1 38 2 ) ( 1 28 2 )
1 3 ( 1 19 3 ) ( 1 39 15 3 )
1 4 ( 1 12 4 ) ( 1 29 4 )
1 5 ( 1 28 5 ) ( 1 30 5 )
1 6 ( 1 28 6 ) ( 1 5 6 )
1 7 ( 1 5 7 ) ( 1 31 30 7 )
1 10 ( 1 42 10 ) ( 1 31 6 10 )
1 13 ( 1 10 13 ) ( 1 42 13 )
1 15 ( 1 19 15 ) ( 1 30 15 )
1 18 ( 1 39 18 ) ( 1 30 18 )
1 19 ( 1 30 19 ) ( 1 28 19 )
1 23 ( 1 31 23 ) ( 1 42 23 )
1 24 ( 1 31 28 24 ) ( 1 5 24 )
1 27 ( 1 36 27 ) ( 1 10 27 )
1 28 ( 1 31 28 ) ( 1 5 28 )
1 29 ( 1 32 29 ) ( 1 5 29 )
1 30 ( 1 31 30 ) ( 1 6 30 )
1 31 ( 1 6 31 ) ( 1 42 31 )
1 32 ( 1 31 32 ) ( 1 28 32 )
1 36 ( 1 42 36 ) ( 1 13 36 )
1 39 ( 1 5 39 ) ( 1 31 39 )
1 42 ( 1 31 10 42 ) ( 1 36 42 )
2 3 ( 2 12 3 ) ( 2 26 3 )
2 4 ( 2 9 4 ) ( 2 12 4 )
2 5 ( 2 39 5 ) ( 2 24 5 )
2 7 ( 2 15 7 ) ( 2 18 7 )
2 9 ( 2 21 9 ) ( 2 14 9 )
2 11 ( 2 12 11 ) ( 2 20 11 )
2 12 ( 2 21 12 ) ( 2 14 12 )
2 14 ( 2 12 14 ) ( 2 9 14 )
2 15 ( 2 18 15 ) ( 2 16 15 )
2 16 ( 2 26 16 ) ( 2 38 16 )
2 18 ( 2 43 18 ) ( 2 38 18 )
2 20 ( 2 26 20 ) ( 2 14 9 20 )
2 21 ( 2 12 21 ) ( 2 14 21 )
2 25 ( 2 14 25 ) ( 2 12 25 )
2 26 ( 2 12 26 ) ( 2 16 26 )
2 29 ( 2 43 29 ) ( 2 16 29 )
2 33 ( 2 26 33 ) ( 2 14 33 )
2 34 ( 2 14 34 ) ( 2 9 21 34 )
2 38 ( 2 16 38 ) ( 2 14 38 )
2 40 ( 2 12 40 ) ( 2 21 40 )
2 43 ( 2 29 43 ) ( 2 26 16 43 )
3 4 ( 3 25 4 ) ( 3 26 4 )
3 5 ( 3 7 5 ) ( 3 32 5 )
3 7 ( 3 15 7 ) ( 3 29 7 )
3 12 ( 3 33 12 ) ( 3 2 12 )
3 15 ( 3 29 15 ) ( 3 43 15 )
3 16 ( 3 29 43 16 ) ( 3 26 16 )
3 18 ( 3 16 18 ) ( 3 38 18 )
3 29 ( 3 18 29 ) ( 3 15 29 )
3 33 ( 3 18 33 ) ( 3 16 33 )
3 43 ( 3 29 43 ) ( 3 15 43 )
4 9 ( 4 20 9 ) ( 4 12 9 )
4 14 ( 4 25 14 ) ( 4 34 14 )
4 20 ( 4 0 20 ) ( 4 22 20 )
4 22 ( 4 25 22 ) ( 4 34 22 )
4 25 ( 4 22 25 ) ( 4 20 25 )
5 6 ( 5 39 6 ) ( 5 31 6 )
5 19 ( 5 39 19 ) ( 5 30 19 )
5 28 ( 5 30 39 28 ) ( 5 1 28 )
5 30 ( 5 39 30 ) ( 5 19 30 )
5 32 ( 5 30 32 ) ( 5 28 32 )
5 39 ( 5 30 39 ) ( 5 6 39 )
6 10 ( 6 31 10 ) ( 6 13 10 )
6 13 ( 6 31 13 ) ( 6 36 13 )
6 28 ( 6 31 28 ) ( 6 5 28 )
6 31 ( 6 1 31 ) ( 6 5 31 )
7 15 ( 7 18 15 ) ( 7 29 15 )
7 18 ( 7 3 18 ) ( 7 15 43 18 )
9 12 ( 9 25 12 ) ( 9 16 26 12 )
9 14 ( 9 34 14 ) ( 9 2 14 )
9 34 ( 9 12 34 ) ( 9 2 34 )
10 13 ( 10 1 42 13 ) ( 10 31 13 )
10 36 ( 10 42 36 ) ( 10 31 36 )
10 42 ( 10 13 1 42 ) ( 10 36 31 42 )
12 14 ( 12 2 14 ) ( 12 40 14 )
13 36 ( 13 10 42 36 ) ( 13 6 1 36 )
13 42 ( 13 10 42 ) ( 13 1 42 )
14 34 ( 14 9 34 ) ( 14 12 34 )
15 18 ( 15 7 18 ) ( 15 3 18 )
23 27 ( 23 13 27 ) ( 23 10 27 )
30 39 ( 30 6 39 ) ( 30 5 32 39 )
36 42 ( 36 10 42 ) ( 36 1 42 )

EOF