DIMENSIONS
45 sommetsG2
40 sommetsG1
55 dem

SOMMETS
0  New-york  C  40.67  -73.94
1  Los-angeles  C  34.11  -118.41
2  Chicago  C  41.84  -87.68
3  Houston  C  29.77  -95.39
4  Philadelphia  C  40.01  -75.13
5  Phoenix  C  33.54  -112.07
6  San-diego  C  32.81  -117.14
7  San-antonio  C  29.46  -98.51
8  Dallas  T  32.79  -96.77
9  Detroit  C  42.38  -83.1
10  San-jose  C  37.3  -121.85
11  Jacksonville  C  30.33  -81.66
12  Indianapolis  C  39.78  -86.15
13  San-francisco  C  37.77  -122.45
14  Columbus  C  39.99  -82.99
15  Austin  C  30.31  -97.75
16  Memphis  C  35.11  -90.01
17  Baltimore  T  39.3  -76.61
18  Fort-worth  C  32.75  -97.34
19  El-paso  C  31.85  -106.44
20  Charlotte  C  35.2  -80.83
21  Milwaukee  C  43.06  -87.97
22  Boston  C  42.34  -71.02
23  Seattle  C  47.62  -122.35
24  Denver  C  39.77  -104.87
25  Washington  C  38.91  -77.02
26  Nashville  C  36.17  -86.78
27  Portland  C  45.54  -122.66
28  Las-vegas  C  36.21  -115.22
29  Oklahoma-city  C  35.47  -97.51
30  Tucson  C  32.2  -110.89
31  Long-beach  C  33.79  -118.16
32  Albuquerque  C  35.12  -106.62
33  New-orleans  C  30.07  -89.93
34  Cleveland  C  41.48  -81.68
35  Fresno  T  36.78  -119.79
36  Sacramento  C  38.57  -121.47
37  Virginia-beach  T  36.74  -76.04
38  Kansas-city  C  39.12  -94.55
39  Mesa  C  33.42  -111.74
40  Atlanta  C  33.76  -84.42
41  Omaha  T  41.26  -96.01
42  Oakland  C  37.77  -122.22
43  Tulsa  C  36.13  -95.92
44  Honolulu  C  21.32  -157.8

DEMANDES
0 1 ( 0 14 1 ) ( 0 32 1 )
0 2 ( 0 9 2 ) ( 0 14 2 )
0 3 ( 0 4 3 ) ( 0 25 3 )
0 4 ( 0 22 25 4 ) ( 0 20 4 )
0 5 ( 0 43 5 ) ( 0 14 5 )
0 6 ( 0 43 5 6 ) ( 0 39 6 )
0 7 ( 0 15 7 ) ( 0 26 7 )
0 9 ( 0 34 9 ) ( 0 14 9 )
0 11 ( 0 25 11 ) ( 0 20 11 )
0 12 ( 0 34 12 ) ( 0 25 12 )
0 14 ( 0 25 14 ) ( 0 9 14 )
0 15 ( 0 4 15 ) ( 0 25 15 )
0 16 ( 0 26 16 ) ( 0 4 14 16 )
0 18 ( 0 26 16 18 ) ( 0 4 18 )
0 20 ( 0 4 20 ) ( 0 25 20 )
0 21 ( 0 9 21 ) ( 0 4 21 )
0 22 ( 0 4 22 ) ( 0 20 22 )
0 25 ( 0 22 25 ) ( 0 20 25 )
0 26 ( 0 4 26 ) ( 0 12 26 )
0 33 ( 0 40 33 ) ( 0 20 33 )
0 34 ( 0 25 34 ) ( 0 9 34 )
0 40 ( 0 20 40 ) ( 0 34 40 )
1 2 ( 1 32 2 ) ( 1 31 2 )
1 3 ( 1 15 3 ) ( 1 30 3 )
1 5 ( 1 31 5 ) ( 1 6 5 )
1 6 ( 1 31 6 ) ( 1 28 6 )
1 10 ( 1 31 10 ) ( 1 6 10 )
1 13 ( 1 10 36 13 ) ( 1 28 31 13 )
1 28 ( 1 6 5 28 ) ( 1 31 39 28 )
1 30 ( 1 31 30 ) ( 1 6 30 )
1 31 ( 1 10 31 ) ( 1 42 31 )
1 36 ( 1 10 36 ) ( 1 31 36 )
1 39 ( 1 6 39 ) ( 1 28 39 )
1 42 ( 1 13 42 ) ( 1 27 42 )
2 3 ( 2 26 3 ) ( 2 21 3 )
2 4 ( 2 9 4 ) ( 2 34 25 4 )
2 9 ( 2 12 9 ) ( 2 34 9 )
2 12 ( 2 21 12 ) ( 2 26 12 )
2 14 ( 2 9 14 ) ( 2 21 14 )
2 16 ( 2 12 16 ) ( 2 26 16 )
2 21 ( 2 9 21 ) ( 2 34 21 )
2 26 ( 2 12 26 ) ( 2 21 26 )
3 7 ( 3 15 7 ) ( 3 43 7 )
3 15 ( 3 18 15 ) ( 3 38 29 15 )
3 18 ( 3 15 18 ) ( 3 29 18 )
4 25 ( 4 0 25 ) ( 4 22 25 )
5 6 ( 5 31 6 ) ( 5 30 6 )
5 30 ( 5 39 30 ) ( 5 32 30 )
5 39 ( 5 30 39 ) ( 5 32 39 )
6 31 ( 6 5 31 ) ( 6 10 31 )
7 15 ( 7 18 15 ) ( 7 29 15 )
10 13 ( 10 42 13 ) ( 10 27 13 )
10 36 ( 10 42 36 ) ( 10 1 36 )
10 42 ( 10 13 36 42 ) ( 10 28 42 )
13 42 ( 13 10 42 ) ( 13 36 42 )

EOF