DIMENSIONS
80 sommetsG2
75 sommetsG1
95 dem

SOMMETS
0  New-york  C  40.67  -73.94
1  Los-angeles  C  34.11  -118.41
2  Chicago  C  41.84  -87.68
3  Houston  C  29.77  -95.39
4  Philadelphia  C  40.01  -75.13
5  Phoenix  C  33.54  -112.07
6  San-diego  C  32.81  -117.14
7  San-antonio  C  29.46  -98.51
8  Dallas  C  32.79  -96.77
9  Detroit  C  42.38  -83.1
10  San-jose  C  37.3  -121.85
11  Jacksonville  C  30.33  -81.66
12  Indianapolis  C  39.78  -86.15
13  San-francisco  C  37.77  -122.45
14  Columbus  C  39.99  -82.99
15  Austin  C  30.31  -97.75
16  Memphis  C  35.11  -90.01
17  Baltimore  C  39.3  -76.61
18  Fort-worth  C  32.75  -97.34
19  El-paso  C  31.85  -106.44
20  Charlotte  C  35.2  -80.83
21  Milwaukee  C  43.06  -87.97
22  Boston  C  42.34  -71.02
23  Seattle  C  47.62  -122.35
24  Denver  C  39.77  -104.87
25  Washington  C  38.91  -77.02
26  Nashville  C  36.17  -86.78
27  Portland  C  45.54  -122.66
28  Las-vegas  C  36.21  -115.22
29  Oklahoma-city  C  35.47  -97.51
30  Tucson  C  32.2  -110.89
31  Long-beach  T  33.79  -118.16
32  Albuquerque  C  35.12  -106.62
33  New-orleans  C  30.07  -89.93
34  Cleveland  C  41.48  -81.68
35  Fresno  C  36.78  -119.79
36  Sacramento  C  38.57  -121.47
37  Virginia-beach  C  36.74  -76.04
38  Kansas-city  C  39.12  -94.55
39  Mesa  C  33.42  -111.74
40  Atlanta  C  33.76  -84.42
41  Omaha  C  41.26  -96.01
42  Oakland  C  37.77  -122.22
43  Tulsa  C  36.13  -95.92
44  Honolulu  C  21.32  -157.8
45  Miami  C  25.78  -80.21
46  Minneapolis  C  44.96  -93.27
47  Colorado-springs  C  38.86  -104.76
48  Arlington  C  32.69  -97.13
49  Wichita  C  37.69  -97.34
50  Santa-ana  C  33.74  -117.88
51  Anaheim  C  33.84  -117.87
52  Saint-louis  C  38.64  -90.24
53  Raleigh  C  35.82  -78.66
54  Pittsburgh  C  40.44  -79.98
55  Tampa  C  27.96  -82.48
56  Cincinnati  C  39.14  -84.51
57  Toledo  C  41.66  -83.58
58  Aurora  C  39.71  -104.73
59  Riverside  C  33.94  -117.4
60  Buffalo  C  42.89  -78.86
61  Corpus-christi  C  27.71  -97.29
62  Newark  T  40.72  -74.17
63  Saint-paul  T  44.95  -93.1
64  Bakersfield  C  35.36  -119
65  Stockton  C  37.97  -121.31
66  Anchorage  C  61.18  -149.19
67  Lexington-fayette  T  38.04  -84.46
68  Saint-petersburg  C  27.76  -82.64
69  Louisville  C  38.22  -85.74
70  Plano  C  33.05  -96.75
71  Norfolk  C  36.92  -76.24
72  Jersey-city  T  40.71  -74.06
73  Lincoln  C  40.82  -96.69
74  Glendale  C  33.58  -112.2
75  Birmingham  C  33.53  -86.8
76  Greensboro  C  36.08  -79.83
77  Hialeah  C  25.86  -80.3
78  Fort-wayne  C  41.07  -85.14
79  Baton-rouge  C  30.45  -91.13

DEMANDES
0 1 ( 0 56 1 ) ( 0 52 1 )
0 2 ( 0 34 2 ) ( 0 78 2 )
0 3 ( 0 4 3 ) ( 0 75 3 )
0 4 ( 0 17 4 ) ( 0 25 4 )
0 5 ( 0 43 5 ) ( 0 56 5 )
0 6 ( 0 69 6 ) ( 0 56 6 )
0 7 ( 0 17 7 ) ( 0 25 7 )
0 8 ( 0 26 8 ) ( 0 4 26 16 8 )
0 9 ( 0 34 9 ) ( 0 60 9 )
0 11 ( 0 71 11 ) ( 0 53 11 )
0 12 ( 0 14 12 ) ( 0 25 12 )
0 14 ( 0 60 14 ) ( 0 37 14 )
0 15 ( 0 25 15 ) ( 0 26 15 )
0 16 ( 0 26 16 ) ( 0 4 17 16 )
0 17 ( 0 25 17 ) ( 0 71 17 )
0 18 ( 0 16 18 ) ( 0 26 18 )
0 20 ( 0 25 20 ) ( 0 71 20 )
0 21 ( 0 54 21 ) ( 0 4 21 )
0 22 ( 0 17 22 ) ( 0 25 22 )
0 25 ( 0 71 25 ) ( 0 17 37 25 )
0 26 ( 0 4 26 ) ( 0 17 25 26 )
0 33 ( 0 17 40 33 ) ( 0 76 33 )
0 34 ( 0 4 34 ) ( 0 60 34 )
0 37 ( 0 53 71 37 ) ( 0 22 4 37 )
0 38 ( 0 14 38 ) ( 0 52 38 )
0 40 ( 0 4 40 ) ( 0 17 40 )
0 45 ( 0 71 45 ) ( 0 77 45 )
0 52 ( 0 54 52 ) ( 0 17 52 )
0 53 ( 0 4 53 ) ( 0 71 37 53 )
0 54 ( 0 4 54 ) ( 0 17 54 )
0 55 ( 0 37 55 ) ( 0 11 55 )
0 56 ( 0 54 56 ) ( 0 25 56 )
0 57 ( 0 34 57 ) ( 0 4 57 )
0 60 ( 0 4 60 ) ( 0 54 60 )
0 69 ( 0 56 69 ) ( 0 25 69 )
0 71 ( 0 4 71 ) ( 0 25 71 )
0 76 ( 0 25 76 ) ( 0 17 76 )
0 78 ( 0 54 78 ) ( 0 34 78 )
1 2 ( 1 59 2 ) ( 1 47 2 )
1 3 ( 1 59 3 ) ( 1 15 3 )
1 5 ( 1 59 5 ) ( 1 6 5 )
1 6 ( 1 51 6 ) ( 1 59 6 )
1 10 ( 1 64 10 ) ( 1 42 10 )
1 13 ( 1 10 13 ) ( 1 64 13 )
1 28 ( 1 51 28 ) ( 1 50 28 )
1 30 ( 1 59 74 30 ) ( 1 39 30 )
1 35 ( 1 51 35 ) ( 1 59 64 35 )
1 36 ( 1 35 36 ) ( 1 10 65 36 )
1 39 ( 1 5 39 ) ( 1 74 39 )
1 42 ( 1 13 42 ) ( 1 65 10 42 )
1 50 ( 1 51 50 ) ( 1 6 50 )
1 51 ( 1 64 51 ) ( 1 35 51 )
1 59 ( 1 51 59 ) ( 1 50 59 )
1 64 ( 1 50 51 64 ) ( 1 59 64 )
1 65 ( 1 35 65 ) ( 1 51 65 )
2 3 ( 2 52 16 3 ) ( 2 70 3 )
2 4 ( 2 54 4 ) ( 2 78 4 )
2 8 ( 2 52 8 ) ( 2 38 8 )
2 9 ( 2 57 9 ) ( 2 78 9 )
2 12 ( 2 78 12 ) ( 2 56 12 )
2 14 ( 2 12 14 ) ( 2 57 14 )
2 16 ( 2 12 16 ) ( 2 78 12 69 16 )
2 21 ( 2 12 21 ) ( 2 56 21 )
2 26 ( 2 12 26 ) ( 2 78 26 )
2 34 ( 2 57 9 34 ) ( 2 12 34 )
2 52 ( 2 21 52 ) ( 2 12 52 )
2 56 ( 2 12 56 ) ( 2 78 56 )
2 57 ( 2 78 57 ) ( 2 9 57 )
2 78 ( 2 56 78 ) ( 2 69 78 )
3 7 ( 3 8 7 ) ( 3 15 61 7 )
3 8 ( 3 70 8 ) ( 3 48 18 8 )
3 15 ( 3 18 48 15 ) ( 3 70 8 15 )
3 18 ( 3 7 18 ) ( 3 43 18 )
4 17 ( 4 25 17 ) ( 4 0 17 )
4 25 ( 4 17 25 ) ( 4 37 25 )
5 6 ( 5 39 6 ) ( 5 59 50 6 )
5 30 ( 5 39 30 ) ( 5 28 30 )
5 39 ( 5 30 39 ) ( 5 28 39 )
5 74 ( 5 30 74 ) ( 5 59 74 )
6 50 ( 6 51 1 50 ) ( 6 28 50 )
6 51 ( 6 59 51 ) ( 6 1 51 )
6 59 ( 6 51 59 ) ( 6 1 50 59 )
7 8 ( 7 18 8 ) ( 7 70 8 )
7 15 ( 7 18 15 ) ( 7 48 15 )
8 15 ( 8 18 15 ) ( 8 70 15 )
8 18 ( 8 48 15 18 ) ( 8 29 18 )
8 48 ( 8 70 48 ) ( 8 18 48 )
8 70 ( 8 48 70 ) ( 8 18 70 )
9 57 ( 9 14 57 ) ( 9 12 57 )
10 13 ( 10 65 42 13 ) ( 10 35 36 13 )
10 36 ( 10 13 42 36 ) ( 10 64 36 )
10 42 ( 10 13 42 ) ( 10 36 42 )
10 65 ( 10 42 65 ) ( 10 13 65 )
13 42 ( 13 65 42 ) ( 13 64 42 )
17 25 ( 17 71 37 25 ) ( 17 0 25 )

EOF