DIMENSIONS
100 sommetsG2
95 sommetsG1
20 dem

SOMMETS
0  N0  C  9860  14152
1  N1  C  9396  14616
2  N2  C  11252  14848
3  N3  C  11020  13456
4  N4  C  9512  15776
5  N5  C  10788  13804
6  N6  C  10208  14384
7  N7  C  11600  13456
8  N8  C  11252  14036
9  N9  C  10672  15080
10  N10  C  11136  14152
11  N11  C  9860  13108
12  N12  C  10092  14964
13  N13  C  9512  13340
14  N14  C  10556  13688
15  N15  C  9628  14036
16  N16  C  10904  13108
17  N17  C  11368  12644
18  N18  C  11252  13340
19  N19  C  10672  13340
20  N20  C  11020  13108
21  N21  C  11020  13340
22  N22  C  11136  13572
23  N23  C  11020  13688
24  N24  C  8468  11136
25  N25  C  8932  12064
26  N26  C  9512  12412
27  N27  C  7772  11020
28  N28  C  8352  10672
29  N29  C  9164  12876
30  N30  C  9744  12528
31  N31  C  8352  10324
32  N32  C  8236  11020
33  N33  C  8468  12876
34  N34  C  8700  14036
35  N35  C  8932  13688
36  N36  C  9048  13804
37  N37  C  8468  12296
38  N38  C  8352  12644
39  N39  T  8236  13572
40  N40  C  9164  13340
41  N41  C  8004  12760
42  N42  C  8584  13108
43  N43  C  7772  14732
44  N44  C  7540  15080
45  N45  C  7424  17516
46  N46  C  8352  17052
47  N47  C  7540  16820
48  N48  C  7888  17168
49  N49  C  9744  15196
50  N50  C  9164  14964
51  N51  C  9744  16240
52  N52  C  7888  16936
53  N53  C  8236  15428
54  N54  C  9512  17400
55  N55  C  9164  16008
56  N56  C  8700  15312
57  N57  C  11716  16008
58  N58  C  12992  14964
59  N59  C  12412  14964
60  N60  C  12296  15312
61  N61  C  12528  15196
62  N62  C  15312  6612
63  N63  C  11716  16124
64  N64  C  11600  19720
65  N65  C  10324  17516
66  N66  C  12412  13340
67  N67  C  12876  12180
68  N68  C  13688  10904
69  N69  C  13688  11716
70  N70  C  13688  12528
71  N71  C  11484  13224
72  N72  C  12296  12760
73  N73  C  12064  12528
74  N74  C  12644  10556
75  N75  C  11832  11252
76  N76  C  11368  12296
77  N77  C  11136  11020
78  N78  T  10556  11948
79  N79  T  10324  11716
80  N80  C  11484  9512
81  N81  C  11484  7540
82  N82  C  11020  7424
83  N83  C  11484  9744
84  N84  T  16936  12180
85  N85  C  17052  12064
86  N86  C  16936  11832
87  N87  C  17052  11600
88  N88  C  13804  18792
89  N89  C  12064  14964
90  N90  C  12180  15544
91  N91  T  14152  18908
92  N92  C  5104  14616
93  N93  C  6496  17168
94  N94  C  5684  13224
95  N95  C  15660  10788
96  N96  C  5336  10324
97  N97  C  812  6264
98  N98  C  14384  20184
99  N99  C  11252  15776

DEMANDES
19 33 ( 19 55 47 62 33 ) ( 19 36 33 )
51 95 ( 51 71 14 60 95 ) ( 51 1 24 95 )
13 80 ( 13 80 ) ( 13 12 10 80 )
99 21 ( 99 61 29 21 ) ( 99 63 52 49 21 )
97 29 ( 97 76 40 89 29 ) ( 97 28 35 29 )
80 6 ( 80 8 19 66 6 ) ( 80 89 34 6 )
6 2 ( 6 23 2 ) ( 6 97 2 )
90 85 ( 90 37 85 ) ( 90 76 51 85 )
66 53 ( 66 53 ) ( 66 93 72 53 )
28 73 ( 28 68 16 73 ) ( 28 44 88 73 )
82 33 ( 82 33 ) ( 82 35 68 95 33 )
58 65 ( 58 92 81 68 65 ) ( 58 48 21 65 )
95 92 ( 95 92 ) ( 95 64 43 61 92 )
28 30 ( 28 18 30 ) ( 28 27 30 )
55 41 ( 55 41 ) ( 55 10 12 49 41 )
76 98 ( 76 38 74 36 98 ) ( 76 29 23 58 98 )
24 15 ( 24 16 74 15 ) ( 24 7 15 )
95 5 ( 95 24 73 5 ) ( 95 65 5 )
96 63 ( 96 13 52 7 63 ) ( 96 6 63 )
20 46 ( 20 75 5 15 46 ) ( 20 99 88 46 )

EOF