DIMENSIONS
20 sommetsG2
18 sommetsG1
14 dem

SOMMETS
0  N0  C  9860  14152
1  N1  C  9396  14616
2  N2  C  11252  14848
3  N3  C  11020  13456
4  N4  C  9512  15776
5  N5  C  10788  13804
6  N6  C  10208  14384
7  N7  T  11600  13456
8  N8  C  11252  14036
9  N9  C  10672  15080
10  N10  C  11136  14152
11  N11  C  9860  13108
12  N12  C  10092  14964
13  N13  C  9512  13340
14  N14  C  10556  13688
15  N15  C  9628  14036
16  N16  T  10904  13108
17  N17  C  11368  12644
18  N18  C  11252  13340
19  N19  C  10672  13340

DEMANDES
15 18 ( 15 18 ) ( 15 5 11 18 )
9 12 ( 9 19 12 ) ( 9 18 14 12 )
2 12 ( 2 12 ) ( 2 3 12 )
8 2 ( 8 2 ) ( 8 4 10 12 2 )
5 12 ( 5 19 15 12 ) ( 5 10 8 12 )
17 5 ( 17 18 5 ) ( 17 1 10 3 5 )
13 17 ( 13 0 17 ) ( 13 9 17 )
1 4 ( 1 17 5 10 4 ) ( 1 15 13 0 4 )
8 18 ( 8 5 14 12 18 ) ( 8 13 3 17 18 )
6 4 ( 6 13 19 11 4 ) ( 6 17 8 4 )
18 13 ( 18 4 19 2 13 ) ( 18 17 12 13 )
8 12 ( 8 6 12 ) ( 8 4 3 5 12 )
11 8 ( 11 8 ) ( 11 2 9 15 8 )
19 18 ( 19 14 5 18 ) ( 19 4 11 18 )

EOF