DIMENSIONS
80 sommetsG2
75 sommetsG1
25 dem

SOMMETS
0  N0  C  9860  14152
1  N1  C  9396  14616
2  N2  C  11252  14848
3  N3  C  11020  13456
4  N4  C  9512  15776
5  N5  C  10788  13804
6  N6  C  10208  14384
7  N7  C  11600  13456
8  N8  C  11252  14036
9  N9  C  10672  15080
10  N10  C  11136  14152
11  N11  C  9860  13108
12  N12  C  10092  14964
13  N13  C  9512  13340
14  N14  C  10556  13688
15  N15  C  9628  14036
16  N16  C  10904  13108
17  N17  C  11368  12644
18  N18  C  11252  13340
19  N19  C  10672  13340
20  N20  C  11020  13108
21  N21  C  11020  13340
22  N22  C  11136  13572
23  N23  C  11020  13688
24  N24  C  8468  11136
25  N25  C  8932  12064
26  N26  C  9512  12412
27  N27  C  7772  11020
28  N28  C  8352  10672
29  N29  C  9164  12876
30  N30  C  9744  12528
31  N31  T  8352  10324
32  N32  C  8236  11020
33  N33  C  8468  12876
34  N34  C  8700  14036
35  N35  C  8932  13688
36  N36  C  9048  13804
37  N37  C  8468  12296
38  N38  C  8352  12644
39  N39  C  8236  13572
40  N40  C  9164  13340
41  N41  C  8004  12760
42  N42  C  8584  13108
43  N43  C  7772  14732
44  N44  C  7540  15080
45  N45  C  7424  17516
46  N46  C  8352  17052
47  N47  C  7540  16820
48  N48  C  7888  17168
49  N49  C  9744  15196
50  N50  C  9164  14964
51  N51  C  9744  16240
52  N52  C  7888  16936
53  N53  C  8236  15428
54  N54  C  9512  17400
55  N55  C  9164  16008
56  N56  C  8700  15312
57  N57  C  11716  16008
58  N58  C  12992  14964
59  N59  C  12412  14964
60  N60  C  12296  15312
61  N61  C  12528  15196
62  N62  T  15312  6612
63  N63  T  11716  16124
64  N64  C  11600  19720
65  N65  C  10324  17516
66  N66  C  12412  13340
67  N67  T  12876  12180
68  N68  C  13688  10904
69  N69  C  13688  11716
70  N70  C  13688  12528
71  N71  C  11484  13224
72  N72  T  12296  12760
73  N73  C  12064  12528
74  N74  C  12644  10556
75  N75  C  11832  11252
76  N76  C  11368  12296
77  N77  C  11136  11020
78  N78  C  10556  11948
79  N79  C  10324  11716

DEMANDES
15 26 ( 15 44 38 50 26 ) ( 15 29 26 )
41 76 ( 41 57 11 48 76 ) ( 41 1 19 76 )
10 64 ( 10 64 ) ( 10 8 79 64 )
17 41 ( 17 23 51 39 41 ) ( 17 77 61 41 )
42 61 ( 42 22 61 ) ( 42 28 64 73 61 )
5 75 ( 5 15 53 75 ) ( 5 71 75 )
27 5 ( 27 5 ) ( 27 19 77 5 )
68 21 ( 68 60 41 21 ) ( 68 53 42 21 )
3 35 ( 3 57 22 59 35 ) ( 3 51 28 55 35 )
13 35 ( 13 26 18 71 35 ) ( 13 28 54 76 35 )
47 52 ( 47 73 65 54 52 ) ( 47 38 17 52 )
76 73 ( 76 73 ) ( 76 51 34 49 73 )
22 24 ( 22 15 24 ) ( 22 44 24 )
33 13 ( 33 10 39 60 13 ) ( 33 78 13 )
74 54 ( 74 29 54 ) ( 74 23 18 46 54 )
19 12 ( 19 13 59 12 ) ( 19 5 12 )
76 4 ( 76 19 58 4 ) ( 76 52 4 )
77 51 ( 77 10 41 6 51 ) ( 77 5 51 )
16 36 ( 16 60 4 12 36 ) ( 16 79 71 36 )
10 79 ( 10 79 ) ( 10 5 0 73 79 )
47 14 ( 47 14 ) ( 47 73 65 14 )
28 44 ( 28 54 7 44 ) ( 28 42 60 44 )
24 79 ( 24 59 50 79 ) ( 24 2 66 74 79 )
69 66 ( 69 78 53 39 66 ) ( 69 13 71 6 66 )
51 19 ( 51 56 25 19 ) ( 51 26 19 )

EOF