DIMENSIONS
16 sommetsG2
14 sommetsG1
90 dem

SOMMETS
0  N0  C  41  49
1  N1  C  35  17
2  N2  C  55  45
3  N3  C  55  20
4  N4  C  15  30
5  N5  C  25  30
6  N6  T  20  50
7  N7  C  10  43
8  N8  C  55  60
9  N9  C  30  60
10  N10  C  20  65
11  N11  C  50  35
12  N12  C  30  25
13  N13  T  15  10
14  N14  C  30  5
15  N15  C  10  20

DEMANDES
12 14 ( 12 14 ) ( 12 4 8 14 )
7 10 ( 7 15 10 ) ( 7 14 11 10 )
2 9 ( 2 9 ) ( 2 12 9 )
2 1 ( 2 8 9 4 1 ) ( 2 10 1 )
8 7 ( 8 12 14 4 7 ) ( 8 5 7 )
1 15 ( 1 3 10 15 ) ( 1 14 15 )
5 1 ( 5 1 ) ( 5 3 15 1 )
14 4 ( 14 12 8 4 ) ( 14 10 0 4 )
7 14 ( 7 4 11 10 14 ) ( 7 5 2 3 14 )
14 5 ( 14 9 10 5 ) ( 14 7 3 15 5 )
14 2 ( 14 9 4 12 2 ) ( 14 7 3 2 )
3 4 ( 3 2 14 4 ) ( 3 1 7 4 )
12 15 ( 12 11 5 4 15 ) ( 12 3 9 2 15 )
11 2 ( 11 1 15 0 2 ) ( 11 8 2 )
2 3 ( 2 10 15 12 3 ) ( 2 1 8 7 3 )
9 12 ( 9 12 ) ( 9 15 12 )
3 14 ( 3 14 ) ( 3 0 1 9 14 )
5 8 ( 5 10 1 8 ) ( 5 12 4 8 )
15 9 ( 15 10 0 11 9 ) ( 15 14 7 2 9 )
14 1 ( 14 10 3 1 ) ( 14 11 1 )
5 3 ( 5 3 ) ( 5 10 8 3 )
15 4 ( 15 1 7 4 ) ( 15 9 5 0 4 )
5 9 ( 5 10 7 4 9 ) ( 5 11 9 )
0 11 ( 0 5 2 11 ) ( 0 9 10 11 )
11 5 ( 11 14 10 5 ) ( 11 4 5 )
8 1 ( 8 10 1 ) ( 8 5 9 4 1 )
12 4 ( 12 15 4 ) ( 12 0 4 )
15 14 ( 15 1 10 12 14 ) ( 15 3 8 4 14 )
4 7 ( 4 2 7 ) ( 4 10 11 9 7 )
7 11 ( 7 11 ) ( 7 1 11 )
2 5 ( 2 14 5 ) ( 2 9 7 10 5 )
9 4 ( 9 4 ) ( 9 1 4 )
10 5 ( 10 1 5 ) ( 10 14 5 )
10 12 ( 10 14 12 ) ( 10 8 12 )
3 8 ( 3 5 8 ) ( 3 11 10 15 8 )
2 0 ( 2 4 1 11 0 ) ( 2 7 15 3 0 )
7 1 ( 7 1 ) ( 7 4 10 1 )
12 2 ( 12 2 ) ( 12 7 2 )
12 11 ( 12 9 11 ) ( 12 8 11 )
7 2 ( 7 9 3 2 ) ( 7 1 14 2 )
0 4 ( 0 3 9 1 4 ) ( 0 10 12 4 )
11 3 ( 11 8 3 ) ( 11 2 3 )
8 0 ( 8 4 0 ) ( 8 11 10 0 )
8 14 ( 8 11 4 14 ) ( 8 10 0 9 14 )
10 8 ( 10 11 8 ) ( 10 12 2 8 )
0 1 ( 0 9 11 1 ) ( 0 4 1 )
4 10 ( 4 5 14 2 10 ) ( 4 8 10 )
10 14 ( 10 14 ) ( 10 11 8 14 )
11 14 ( 11 14 ) ( 11 8 7 15 14 )
10 15 ( 10 9 12 4 15 ) ( 10 7 15 )
10 9 ( 10 8 2 9 ) ( 10 0 11 9 )
0 10 ( 0 3 10 ) ( 0 11 10 )
9 7 ( 9 0 7 ) ( 9 1 10 3 7 )
3 10 ( 3 7 15 14 10 ) ( 3 12 5 8 10 )
3 7 ( 3 14 15 2 7 ) ( 3 12 4 7 )
8 9 ( 8 9 ) ( 8 5 10 9 )
9 1 ( 9 10 1 ) ( 9 0 1 )
3 0 ( 3 14 0 ) ( 3 9 0 )
7 12 ( 7 2 4 12 ) ( 7 14 5 11 12 )
9 11 ( 9 4 2 3 11 ) ( 9 10 11 )
15 0 ( 15 0 ) ( 15 7 0 )
14 9 ( 14 9 ) ( 14 12 9 )
5 15 ( 5 15 ) ( 5 3 10 15 )
5 0 ( 5 11 10 14 0 ) ( 5 12 4 3 0 )
9 0 ( 9 0 ) ( 9 3 0 )
0 14 ( 0 7 4 9 14 ) ( 0 2 14 )
8 4 ( 8 7 11 4 ) ( 8 5 3 4 )
4 1 ( 4 9 8 1 ) ( 4 15 11 5 1 )
0 7 ( 0 8 7 ) ( 0 1 3 14 7 )
15 2 ( 15 12 2 ) ( 15 0 9 11 2 )
1 12 ( 1 4 3 11 12 ) ( 1 2 12 )
2 10 ( 2 10 ) ( 2 9 3 8 10 )
2 4 ( 2 10 4 ) ( 2 7 4 )
10 11 ( 10 9 14 11 ) ( 10 3 12 11 )
0 12 ( 0 2 3 12 ) ( 0 11 12 )
5 4 ( 5 14 10 4 ) ( 5 7 4 )
3 9 ( 3 11 9 ) ( 3 7 9 )
3 15 ( 3 7 14 15 ) ( 3 11 2 10 15 )
15 8 ( 15 5 8 ) ( 15 7 8 )
12 5 ( 12 8 5 ) ( 12 11 15 5 )
7 5 ( 7 1 14 3 5 ) ( 7 15 8 0 5 )
8 11 ( 8 11 ) ( 8 9 14 11 )
3 12 ( 3 12 ) ( 3 2 12 )
12 8 ( 12 11 8 ) ( 12 9 1 8 )
1 11 ( 1 10 15 11 ) ( 1 12 11 )
11 4 ( 11 1 12 4 ) ( 11 5 4 )
15 7 ( 15 1 0 7 ) ( 15 4 8 7 )
11 15 ( 11 12 15 ) ( 11 9 15 )
10 1 ( 10 15 7 9 1 ) ( 10 12 0 1 )
1 3 ( 1 10 3 ) ( 1 11 5 3 )

EOF