DIMENSIONS
16 sommetsG2
14 sommetsG1
6 dem

SOMMETS
0  N0  C  41  49
1  N1  C  35  17
2  N2  C  55  45
3  N3  C  55  20
4  N4  C  15  30
5  N5  C  25  30
6  N6  T  20  50
7  N7  C  10  43
8  N8  C  55  60
9  N9  C  30  60
10  N10  C  20  65
11  N11  C  50  35
12  N12  C  30  25
13  N13  T  15  10
14  N14  C  30  5
15  N15  C  10  20

DEMANDES
12 14 ( 12 14 ) ( 12 4 8 14 )
7 10 ( 7 15 10 ) ( 7 14 11 10 )
2 9 ( 2 9 ) ( 2 12 9 )
2 1 ( 2 8 9 4 1 ) ( 2 10 1 )
8 7 ( 8 12 14 4 7 ) ( 8 5 7 )
1 15 ( 1 3 10 15 ) ( 1 14 15 )

EOF