DIMENSIONS
8 sommetsG2
6 sommetsG1
15 dem

SOMMETS
0  N0  C  41  49
1  N1  C  35  17
2  N2  C  55  45
3  N3  T  55  20
4  N4  C  15  30
5  N5  C  25  30
6  N6  T  20  50
7  N7  C  10  43

DEMANDES
7 1 ( 7 1 ) ( 7 2 4 1 )
5 2 ( 5 7 2 ) ( 5 1 4 2 )
0 1 ( 0 1 ) ( 0 7 4 1 )
4 2 ( 4 7 2 ) ( 4 0 1 2 )
5 7 ( 5 7 ) ( 5 0 7 )
7 2 ( 7 4 2 ) ( 7 5 2 )
4 0 ( 4 0 ) ( 4 7 5 0 )
5 1 ( 5 1 ) ( 5 2 7 1 )
7 4 ( 7 5 4 ) ( 7 1 2 4 )
2 1 ( 2 1 ) ( 2 4 1 )
4 1 ( 4 1 ) ( 4 5 0 1 )
7 0 ( 7 1 0 ) ( 7 5 0 )
5 0 ( 5 0 ) ( 5 1 4 0 )
4 5 ( 4 5 ) ( 4 2 7 5 )
2 0 ( 2 0 ) ( 2 1 5 0 )

EOF