DIMENSIONS
25 sommetsG2
20 sommetsG1
100 dem

SOMMETS
0  N0  C  63  71
1  N1  C  94  71
2  N2  C  142  370
3  N3  C  173  1276
4  N4  T  205  1213
5  N5  C  213  69
6  N6  C  244  69
7  N7  C  276  630
8  N8  C  283  732
9  N9  T  362  69
10  N10  C  394  69
11  N11  C  449  370
12  N12  C  480  1276
13  N13  C  512  1213
14  N14  C  528  157
15  N15  C  583  630
16  N16  C  591  732
17  N17  C  638  654
18  N18  C  638  496
19  N19  T  638  314
20  N20  C  638  142
21  N21  T  669  142
22  N22  T  677  315
23  N23  C  677  496
24  N24  C  677  654

DEMANDES
8 6 ( 8 15 12 6 ) ( 8 23 17 6 )
3 15 ( 3 15 ) ( 3 20 15 )
3 10 ( 3 10 ) ( 3 24 10 )
5 12 ( 5 7 15 13 12 ) ( 5 24 10 12 )
7 8 ( 7 1 23 13 8 ) ( 7 2 16 0 8 )
11 1 ( 11 1 ) ( 11 6 13 12 1 )
16 13 ( 16 13 ) ( 16 23 18 13 )
7 18 ( 7 17 11 18 ) ( 7 20 8 18 )
5 8 ( 5 14 16 8 ) ( 5 10 23 20 8 )
17 12 ( 17 12 ) ( 17 23 3 16 12 )
10 15 ( 10 7 15 ) ( 10 11 5 6 15 )
13 10 ( 13 10 ) ( 13 2 3 12 10 )
24 23 ( 24 18 7 23 ) ( 24 5 14 23 )
6 3 ( 6 18 1 3 ) ( 6 23 3 )
1 13 ( 1 13 ) ( 1 18 13 )
16 24 ( 16 2 3 24 ) ( 16 13 1 5 24 )
11 20 ( 11 1 3 20 ) ( 11 24 5 0 20 )
23 14 ( 23 14 ) ( 23 20 14 )
8 13 ( 8 17 2 13 ) ( 8 18 7 13 )
24 14 ( 24 15 0 18 14 ) ( 24 20 23 16 14 )
12 20 ( 12 16 6 15 20 ) ( 12 5 20 )
17 7 ( 17 1 7 ) ( 17 15 7 )
5 16 ( 5 7 13 16 ) ( 5 17 2 11 16 )
11 8 ( 11 0 14 20 8 ) ( 11 5 16 8 )
12 7 ( 12 15 1 7 ) ( 12 10 7 )
17 16 ( 17 15 18 16 ) ( 17 8 5 16 )
23 17 ( 23 13 2 17 ) ( 23 6 17 )
17 2 ( 17 2 ) ( 17 14 16 2 )
24 0 ( 24 10 23 17 0 ) ( 24 3 0 )
5 13 ( 5 12 13 ) ( 5 14 6 11 13 )
17 18 ( 17 18 ) ( 17 12 20 18 )
18 5 ( 18 3 5 ) ( 18 8 5 )
23 15 ( 23 12 8 16 15 ) ( 23 6 3 1 15 )
2 16 ( 2 8 16 ) ( 2 10 16 )
6 16 ( 6 3 15 12 16 ) ( 6 5 13 16 )
10 20 ( 10 8 20 ) ( 10 18 20 )
15 24 ( 15 3 24 ) ( 15 10 0 7 24 )
2 18 ( 2 18 ) ( 2 24 17 18 )
5 11 ( 5 2 7 16 11 ) ( 5 20 11 )
3 1 ( 3 1 ) ( 3 17 11 1 )
2 14 ( 2 7 11 14 ) ( 2 15 13 14 )
15 14 ( 15 14 ) ( 15 1 2 23 14 )
20 7 ( 20 8 7 ) ( 20 16 0 6 7 )
15 20 ( 15 2 20 ) ( 15 16 20 )
17 5 ( 17 10 5 ) ( 17 13 5 )
3 13 ( 3 13 ) ( 3 7 18 13 )
13 17 ( 13 7 16 0 17 ) ( 13 15 12 10 17 )
17 20 ( 17 0 1 20 ) ( 17 15 20 )
17 14 ( 17 14 ) ( 17 7 14 )
8 16 ( 8 7 3 12 16 ) ( 8 20 17 16 )
13 18 ( 13 23 12 20 18 ) ( 13 14 18 )
23 8 ( 23 15 18 6 8 ) ( 23 11 16 8 )
14 16 ( 14 0 17 16 ) ( 14 12 16 )
2 12 ( 2 20 15 12 ) ( 2 11 12 )
6 10 ( 6 10 ) ( 6 14 20 11 10 )
11 24 ( 11 24 ) ( 11 16 24 )
14 5 ( 14 5 ) ( 14 23 18 5 )
11 10 ( 11 23 8 13 10 ) ( 11 5 24 6 10 )
24 8 ( 24 13 8 ) ( 24 15 11 8 )
15 2 ( 15 16 2 ) ( 15 14 2 )
1 14 ( 1 0 8 14 ) ( 1 23 14 )
11 12 ( 11 24 3 7 12 ) ( 11 18 6 12 )
23 3 ( 23 17 7 5 3 ) ( 23 15 0 3 )
2 11 ( 2 15 1 11 ) ( 2 12 10 7 11 )
6 14 ( 6 14 ) ( 6 10 14 )
20 18 ( 20 0 18 ) ( 20 13 5 16 18 )
17 8 ( 17 1 20 7 8 ) ( 17 18 14 8 )
1 2 ( 1 2 ) ( 1 3 2 )
23 1 ( 23 6 14 11 1 ) ( 23 20 13 1 )
14 18 ( 14 18 ) ( 14 15 18 )
13 0 ( 13 5 10 7 0 ) ( 13 16 11 0 )
6 17 ( 6 18 17 ) ( 6 0 17 )
15 8 ( 15 6 1 8 ) ( 15 12 13 8 )
20 23 ( 20 8 1 23 ) ( 20 0 12 23 )
12 23 ( 12 23 ) ( 12 6 23 )
17 15 ( 17 15 ) ( 17 11 18 0 15 )
18 23 ( 18 23 ) ( 18 2 6 5 23 )
20 2 ( 20 23 24 2 ) ( 20 8 2 )
17 11 ( 17 8 11 ) ( 17 15 3 11 )
2 3 ( 2 14 5 3 ) ( 2 16 3 )
13 7 ( 13 3 0 12 7 ) ( 13 5 11 10 7 )
0 16 ( 0 16 ) ( 0 2 17 16 )
23 2 ( 23 15 2 ) ( 23 17 13 2 )
5 2 ( 5 18 23 20 2 ) ( 5 17 15 2 )
12 15 ( 12 16 0 15 ) ( 12 18 14 15 )
3 18 ( 3 18 ) ( 3 7 2 11 18 )
6 7 ( 6 5 12 7 ) ( 6 23 3 14 7 )
16 15 ( 16 0 14 7 15 ) ( 16 1 8 11 15 )
18 6 ( 18 10 16 6 ) ( 18 11 6 )
11 7 ( 11 7 ) ( 11 14 7 )
7 3 ( 7 12 0 3 ) ( 7 20 16 3 )
17 1 ( 17 2 5 24 1 ) ( 17 13 16 11 1 )
3 16 ( 3 13 16 ) ( 3 11 17 16 )
11 13 ( 11 13 ) ( 11 17 13 )
8 12 ( 8 1 12 ) ( 8 2 20 12 )
24 13 ( 24 8 13 ) ( 24 10 13 )
17 3 ( 17 15 3 ) ( 17 24 3 )
18 24 ( 18 0 1 10 24 ) ( 18 5 24 )
15 1 ( 15 11 1 ) ( 15 20 14 1 )
5 20 ( 5 24 11 20 ) ( 5 8 20 )

EOF