DIMENSIONS
75 sommetsG2
70 sommetsG1
75 dem

SOMMETS
0  N0  C  63  71
1  N1  C  94  71
2  N2  C  142  370
3  N3  C  173  1276
4  N4  C  205  1213
5  N5  C  213  69
6  N6  C  244  69
7  N7  C  276  630
8  N8  C  283  732
9  N9  C  362  69
10  N10  C  394  69
11  N11  C  449  370
12  N12  C  480  1276
13  N13  C  512  1213
14  N14  C  528  157
15  N15  C  583  630
16  N16  C  591  732
17  N17  C  638  654
18  N18  C  638  496
19  N19  C  638  314
20  N20  C  638  142
21  N21  C  669  142
22  N22  C  677  315
23  N23  C  677  496
24  N24  C  677  654
25  N25  C  709  654
26  N26  C  709  496
27  N27  C  709  315
28  N28  C  701  142
29  N29  T  764  220
30  N30  C  811  189
31  N31  C  843  173
32  N32  C  858  370
33  N33  C  890  1276
34  N34  C  921  1213
35  N35  C  992  630
36  N36  C  1000  732
37  N37  C  1197  1276
38  N38  C  1228  1213
39  N39  C  1276  205
40  N40  C  1299  630
41  N41  C  1307  732
42  N42  C  1362  654
43  N43  C  1362  496
44  N44  C  1362  291
45  N45  C  1425  654
46  N46  C  1425  496
47  N47  C  1425  291
48  N48  C  1417  173
49  N49  C  1488  291
50  N50  C  1488  496
51  N51  C  1488  654
52  N52  C  1551  654
53  N53  C  1551  496
54  N54  C  1551  291
55  N55  C  1614  291
56  N56  C  1614  496
57  N57  C  1614  654
58  N58  T  1732  189
59  N59  T  1811  1276
60  N60  C  1843  1213
61  N61  C  1913  630
62  N62  C  1921  732
63  N63  T  2087  370
64  N64  C  2118  1276
65  N65  C  2150  1213
66  N66  C  2189  205
67  N67  C  2220  189
68  N68  T  2220  630
69  N69  C  2228  732
70  N70  C  2244  142
71  N71  C  2276  315
72  N72  C  2276  496
73  N73  C  2276  654
74  N74  C  2315  654

DEMANDES
14 25 ( 14 41 35 47 25 ) ( 14 27 25 )
38 71 ( 38 53 10 45 71 ) ( 38 1 18 71 )
10 60 ( 10 60 ) ( 10 9 8 60 )
74 16 ( 74 45 22 16 ) ( 74 47 39 37 16 )
72 21 ( 72 57 30 66 21 ) ( 72 26 60 21 )
5 71 ( 5 14 49 71 ) ( 5 66 71 )
26 4 ( 26 4 ) ( 26 17 72 4 )
67 19 ( 67 57 38 19 ) ( 67 50 39 19 )
2 32 ( 2 54 21 55 32 ) ( 2 47 26 51 32 )
12 33 ( 12 24 17 67 33 ) ( 12 26 51 71 33 )
44 49 ( 44 69 61 51 49 ) ( 44 36 16 49 )
71 69 ( 71 69 ) ( 71 48 32 46 69 )
21 23 ( 21 14 23 ) ( 21 20 23 )
41 31 ( 41 31 ) ( 41 7 9 37 31 )
57 73 ( 57 28 56 27 73 ) ( 57 22 17 43 73 )
18 11 ( 18 12 55 11 ) ( 18 5 11 )
71 3 ( 71 18 54 3 ) ( 71 49 3 )
72 47 ( 72 10 39 5 47 ) ( 72 15 47 )
34 61 ( 34 3 11 61 ) ( 34 74 15 66 61 )
9 74 ( 9 74 ) ( 9 5 0 69 74 )
44 13 ( 44 13 ) ( 44 61 26 13 )
41 43 ( 41 7 43 ) ( 41 39 56 22 43 )
74 43 ( 74 47 2 56 43 ) ( 74 62 69 65 43 )
62 73 ( 62 50 37 73 ) ( 62 12 66 5 73 )
48 18 ( 48 52 23 18 ) ( 48 24 18 )
17 5 ( 17 48 38 5 ) ( 17 72 5 )
21 40 ( 21 35 44 40 ) ( 21 70 40 )
33 25 ( 33 0 44 62 25 ) ( 33 17 50 25 )
36 22 ( 36 46 3 22 ) ( 36 31 22 )
52 50 ( 52 13 45 50 ) ( 52 47 54 50 )
24 55 ( 24 55 ) ( 24 51 48 19 55 )
39 6 ( 39 51 6 ) ( 39 7 8 27 6 )
43 44 ( 43 21 24 44 ) ( 43 14 44 )
73 0 ( 73 14 32 71 0 ) ( 73 57 0 )
52 9 ( 52 70 64 9 ) ( 52 15 41 9 )
22 67 ( 22 37 43 12 67 ) ( 22 20 64 36 67 )
34 37 ( 34 51 37 ) ( 34 54 37 )
10 45 ( 10 54 45 ) ( 10 13 16 37 45 )
9 10 ( 9 69 10 ) ( 9 46 10 )
62 61 ( 62 49 61 ) ( 62 45 19 61 )
11 5 ( 11 5 ) ( 11 27 21 5 )
24 6 ( 24 43 6 ) ( 24 19 49 57 6 )
36 11 ( 36 38 15 41 11 ) ( 36 31 62 11 )
18 24 ( 18 73 25 24 ) ( 18 67 10 24 )
30 0 ( 30 22 8 64 0 ) ( 30 54 3 33 0 )
73 53 ( 73 53 ) ( 73 64 7 53 )
7 28 ( 7 60 28 ) ( 7 9 3 28 )
4 34 ( 4 33 8 44 34 ) ( 4 43 39 27 34 )
22 66 ( 22 45 66 ) ( 22 39 66 )
46 44 ( 46 44 ) ( 46 5 7 69 44 )
12 36 ( 12 36 ) ( 12 21 26 65 36 )
25 61 ( 25 19 46 61 ) ( 25 62 61 )
23 16 ( 23 16 ) ( 23 8 50 16 )
53 15 ( 53 32 15 ) ( 53 17 15 )
28 39 ( 28 39 ) ( 28 1 22 39 )
55 19 ( 55 51 60 19 ) ( 55 52 23 19 )
48 0 ( 48 46 38 0 ) ( 48 30 27 53 0 )
60 50 ( 60 50 ) ( 60 4 50 )
51 14 ( 51 42 0 14 ) ( 51 22 19 49 14 )
64 13 ( 64 65 13 ) ( 64 48 23 66 13 )
13 11 ( 13 50 67 11 ) ( 13 14 52 65 11 )
41 55 ( 41 69 70 37 55 ) ( 41 61 55 )
74 70 ( 74 44 70 ) ( 74 47 56 19 70 )
45 35 ( 45 35 ) ( 45 64 65 49 35 )
30 45 ( 30 40 11 45 ) ( 30 43 2 45 )
52 38 ( 52 8 36 3 38 ) ( 52 61 28 38 )
47 33 ( 47 33 ) ( 47 18 30 33 )
1 53 ( 1 43 33 53 ) ( 1 35 74 4 53 )
5 48 ( 5 16 47 48 ) ( 5 69 48 )
55 34 ( 55 71 34 ) ( 55 67 57 25 34 )
40 16 ( 40 34 16 ) ( 40 66 72 13 16 )
34 57 ( 34 72 24 30 57 ) ( 34 42 57 )
41 46 ( 41 46 ) ( 41 27 49 46 )
15 45 ( 15 28 14 48 45 ) ( 15 44 45 )
50 44 ( 50 44 ) ( 50 42 18 44 )

EOF