DIMENSIONS
10 sommetsG2
8 sommetsG1
16 dem

SOMMETS
0  N0  C  155.42  150.65
1  N1  C  375.92  164.65
2  N2  C  183.92  150.65
3  N3  T  205.42  150.65
4  N4  C  205.42  171.65
5  N5  C  226.42  171.65
6  N6  C  226.42  186.15
7  N7  C  226.42  207.15
8  N8  T  226.42  235.65
9  N9  C  226.42  264.15

DEMANDES
7 9 ( 7 9 ) ( 7 2 5 9 )
4 6 ( 4 9 6 ) ( 4 7 1 6 )
6 0 ( 6 0 ) ( 6 1 0 )
4 1 ( 4 1 ) ( 4 2 5 6 1 )
2 6 ( 2 9 7 6 ) ( 2 5 4 6 )
2 9 ( 2 9 ) ( 2 5 0 1 9 )
0 4 ( 0 4 ) ( 0 9 4 )
5 7 ( 5 0 4 7 ) ( 5 9 2 6 7 )
6 1 ( 6 2 1 ) ( 6 9 5 4 1 )
9 6 ( 9 2 1 4 6 ) ( 9 7 5 6 )
9 1 ( 9 1 ) ( 9 7 6 1 )
7 2 ( 7 2 ) ( 7 1 0 2 )
9 0 ( 9 2 7 0 ) ( 9 6 0 )
7 0 ( 7 0 ) ( 7 2 4 0 )
0 1 ( 0 9 5 4 1 ) ( 0 6 1 )
0 5 ( 0 9 7 6 5 ) ( 0 4 5 )

EOF