DIMENSIONS
30 sommetsG2
25 sommetsG1
80 dem

SOMMETS
0  N0  C  155.42  150.65
1  N1  C  375.92  164.65
2  N2  C  183.92  150.65
3  N3  C  205.42  150.65
4  N4  C  205.42  171.65
5  N5  T  226.42  171.65
6  N6  C  226.42  186.15
7  N7  C  226.42  207.15
8  N8  C  226.42  235.65
9  N9  C  226.42  264.15
10  N10  C  226.42  292.65
11  N11  T  226.42  314.15
12  N12  C  226.42  335.65
13  N13  C  205.42  335.65
14  N14  C  190.92  335.65
15  N15  C  190.92  328.15
16  N16  C  176.92  328.15
17  N17  C  176.92  299.65
18  N18  C  155.42  299.65
19  N19  C  155.42  328.15
20  N20  C  155.42  356.65
21  N21  C  183.92  356.65
22  N22  C  219.42  356.65
23  N23  T  240.92  356.65
24  N24  C  269.42  356.65
25  N25  T  290.42  356.65
26  N26  C  387.42  136.15
27  N27  T  318.92  356.65
28  N28  C  318.92  335.65
29  N29  C  318.92  328.15

DEMANDES
10 8 ( 10 18 15 8 ) ( 10 28 19 8 )
21 4 ( 21 7 24 4 ) ( 21 12 4 )
3 29 ( 3 29 ) ( 3 18 8 29 )
19 15 ( 19 8 15 ) ( 19 12 26 10 15 )
24 2 ( 24 19 26 10 2 ) ( 24 1 0 2 )
13 1 ( 13 1 ) ( 13 7 16 22 1 )
15 20 ( 15 13 21 20 ) ( 15 8 20 )
22 19 ( 22 4 19 ) ( 22 13 26 24 19 )
9 6 ( 9 20 28 17 6 ) ( 9 19 13 6 )
24 20 ( 24 6 28 4 20 ) ( 24 26 19 20 )
12 18 ( 12 9 18 ) ( 12 13 6 8 18 )
16 12 ( 16 12 ) ( 16 3 14 22 12 )
29 28 ( 29 22 8 28 ) ( 29 6 17 28 )
7 4 ( 7 22 2 4 ) ( 7 28 4 )
1 15 ( 1 15 ) ( 1 21 15 )
19 29 ( 19 2 4 29 ) ( 19 15 6 13 29 )
24 17 ( 24 4 29 6 17 ) ( 24 26 17 )
1 26 ( 1 26 ) ( 1 17 26 )
4 24 ( 4 17 24 ) ( 4 13 20 24 )
2 15 ( 2 29 17 26 15 ) ( 2 22 15 )
18 1 ( 18 26 24 1 ) ( 18 29 22 20 1 )
14 4 ( 14 2 19 7 4 ) ( 14 18 6 21 4 )
2 18 ( 2 18 ) ( 2 15 29 18 )
8 16 ( 8 14 17 16 ) ( 8 28 16 )
13 10 ( 13 0 17 24 10 ) ( 13 7 20 10 )
14 9 ( 14 18 1 9 ) ( 14 12 9 )
20 19 ( 20 18 19 ) ( 20 21 19 )
9 22 ( 9 22 ) ( 9 20 19 7 22 )
7 26 ( 7 3 10 26 ) ( 7 17 26 )
17 19 ( 17 8 19 ) ( 17 9 29 0 19 )
24 9 ( 24 9 ) ( 24 28 22 9 )
20 3 ( 20 28 6 3 ) ( 20 16 8 3 )
26 14 ( 26 8 13 14 ) ( 26 20 14 )
18 14 ( 18 6 3 4 14 ) ( 18 10 9 24 14 )
14 10 ( 14 18 10 ) ( 14 7 4 10 )
2 3 ( 2 8 9 3 ) ( 2 12 28 3 )
17 7 ( 17 14 4 7 ) ( 17 26 18 15 7 )
6 16 ( 6 7 16 ) ( 6 9 21 19 16 )
29 10 ( 29 12 0 8 10 ) ( 29 3 10 )
21 1 ( 21 6 1 ) ( 21 14 2 9 1 )
19 24 ( 19 24 ) ( 19 1 24 )
13 20 ( 13 17 20 ) ( 13 15 20 )
17 10 ( 17 14 10 ) ( 17 18 15 7 10 )
2 14 ( 2 14 ) ( 2 8 10 26 14 )
10 24 ( 10 7 18 24 ) ( 10 9 24 )
6 18 ( 6 18 ) ( 6 21 12 9 18 )
13 6 ( 13 4 6 ) ( 13 16 0 6 )
7 19 ( 7 20 24 19 ) ( 7 9 0 15 19 )
18 19 ( 18 10 21 19 ) ( 18 24 20 19 )
4 0 ( 4 0 ) ( 4 18 21 17 0 )
0 9 ( 0 10 9 ) ( 0 20 26 9 )
19 9 ( 19 4 15 24 9 ) ( 19 20 9 )
21 26 ( 21 6 16 26 ) ( 21 28 14 24 26 )
9 26 ( 9 22 7 26 ) ( 9 18 14 26 )
26 19 ( 26 17 19 ) ( 26 16 4 19 )
17 0 ( 17 24 15 0 ) ( 17 3 14 0 )
13 4 ( 13 12 4 ) ( 13 0 4 )
21 17 ( 21 13 14 29 17 ) ( 21 1 2 17 )
22 13 ( 22 28 13 ) ( 22 26 10 16 13 )
6 14 ( 6 26 29 13 14 ) ( 6 22 7 14 )
22 28 ( 22 16 28 ) ( 22 18 14 28 )
10 19 ( 10 18 3 17 19 ) ( 10 20 19 )
17 1 ( 17 7 0 1 ) ( 17 10 18 1 )
26 13 ( 26 19 13 ) ( 26 28 4 8 13 )
26 10 ( 26 14 8 28 10 ) ( 26 3 18 21 10 )
8 6 ( 8 3 28 6 ) ( 8 0 6 )
4 3 ( 4 18 3 ) ( 4 2 14 3 )
13 8 ( 13 8 ) ( 13 16 1 12 8 )
24 22 ( 24 1 22 ) ( 24 15 6 19 22 )
20 9 ( 20 10 1 24 9 ) ( 20 22 8 9 )
1 3 ( 1 3 ) ( 1 4 3 )
26 28 ( 26 28 ) ( 26 14 7 17 28 )
17 14 ( 17 15 21 6 14 ) ( 17 7 19 16 14 )
0 10 ( 0 10 ) ( 0 12 9 10 )
21 9 ( 21 9 ) ( 21 7 20 0 9 )
18 9 ( 18 7 2 9 ) ( 18 15 26 9 )
18 15 ( 18 22 10 1 15 ) ( 18 0 14 8 15 )
21 24 ( 21 2 14 24 ) ( 21 1 7 24 )
21 18 ( 21 18 ) ( 21 26 4 14 18 )
22 0 ( 22 2 28 0 ) ( 22 3 8 7 0 )

EOF