DIMENSIONS
70 sommetsG2
65 sommetsG1
120 dem

SOMMETS
0  N0  C  155.42  150.65
1  N1  C  375.92  164.65
2  N2  C  183.92  150.65
3  N3  C  205.42  150.65
4  N4  C  205.42  171.65
5  N5  C  226.42  171.65
6  N6  C  226.42  186.15
7  N7  C  226.42  207.15
8  N8  C  226.42  235.65
9  N9  C  226.42  264.15
10  N10  C  226.42  292.65
11  N11  C  226.42  314.15
12  N12  C  226.42  335.65
13  N13  C  205.42  335.65
14  N14  C  190.92  335.65
15  N15  C  190.92  328.15
16  N16  C  176.92  328.15
17  N17  C  176.92  299.65
18  N18  C  155.42  299.65
19  N19  C  155.42  328.15
20  N20  C  155.42  356.65
21  N21  C  183.92  356.65
22  N22  C  219.42  356.65
23  N23  C  240.92  356.65
24  N24  C  269.42  356.65
25  N25  C  290.42  356.65
26  N26  C  387.42  136.15
27  N27  T  318.92  356.65
28  N28  C  318.92  335.65
29  N29  C  318.92  328.15
30  N30  C  318.92  299.65
31  N31  C  297.92  299.65
32  N32  C  290.42  328.15
33  N33  C  290.42  335.65
34  N34  C  297.92  328.15
35  N35  C  254.92  335.65
36  N36  C  254.92  314.15
37  N37  C  254.92  292.65
38  N38  C  254.92  271.65
39  N39  C  254.92  243.15
40  N40  C  254.92  221.65
41  N41  C  254.92  193.15
42  N42  C  254.92  171.65
43  N43  C  276.42  171.65
44  N44  C  296.42  150.65
45  N45  C  276.42  150.65
46  N46  C  375.92  150.65
47  N47  C  308.92  150.65
48  N48  C  354.92  164.65
49  N49  C  338.42  174.65
50  N50  C  354.92  174.65
51  N51  C  338.42  200.15
52  N52  C  338.42  221.65
53  N53  C  354.92  221.65
54  N54  T  354.92  200.15
55  N55  T  361.92  200.15
56  N56  C  361.92  186.15
57  N57  C  383.42  186.15
58  N58  T  383.42  179.15
59  N59  C  404.42  179.15
60  N60  C  404.42  186.15
61  N61  C  418.92  186.15
62  N62  C  418.92  200.15
63  N63  T  432.92  200.15
64  N64  C  432.92  221.65
65  N65  C  418.92  221.65
66  N66  C  418.92  235.65
67  N67  C  397.42  235.65
68  N68  C  397.42  243.15
69  N69  C  375.92  243.15

DEMANDES
13 23 ( 13 38 33 44 23 ) ( 13 25 23 )
35 66 ( 35 50 9 42 66 ) ( 35 1 17 66 )
9 56 ( 9 56 ) ( 9 7 69 56 )
15 35 ( 15 20 44 36 35 ) ( 15 34 68 35 )
20 53 ( 20 28 62 53 ) ( 20 19 24 56 53 )
64 4 ( 64 6 13 46 4 ) ( 64 62 24 4 )
4 1 ( 4 16 1 ) ( 4 67 1 )
59 18 ( 59 53 35 18 ) ( 59 46 37 18 )
2 30 ( 2 50 19 51 30 ) ( 2 44 24 48 30 )
11 30 ( 11 23 16 62 30 ) ( 11 24 48 66 30 )
41 46 ( 41 64 57 47 46 ) ( 41 33 15 46 )
66 64 ( 66 64 ) ( 66 44 30 43 64 )
19 21 ( 19 13 21 ) ( 19 38 21 )
29 11 ( 29 8 34 53 11 ) ( 29 68 11 )
65 47 ( 65 25 47 ) ( 65 20 16 40 47 )
17 10 ( 17 11 52 10 ) ( 17 5 10 )
66 3 ( 66 16 51 3 ) ( 66 45 3 )
67 44 ( 67 9 36 5 44 ) ( 67 4 44 )
14 32 ( 14 52 3 11 32 ) ( 14 69 62 32 )
8 69 ( 8 69 ) ( 8 5 0 64 69 )
41 12 ( 41 12 ) ( 41 57 25 12 )
38 40 ( 38 6 40 ) ( 38 37 53 21 40 )
69 40 ( 69 44 2 52 40 ) ( 69 64 61 68 40 )
52 68 ( 52 11 62 68 ) ( 52 5 45 68 )
17 44 ( 17 44 ) ( 17 22 23 16 44 )
5 44 ( 5 44 ) ( 5 35 68 44 )
19 38 ( 19 33 41 38 ) ( 19 66 38 )
31 23 ( 31 0 24 41 23 ) ( 31 16 47 23 )
33 21 ( 33 43 2 21 ) ( 33 28 21 )
48 47 ( 48 12 42 47 ) ( 48 43 51 47 )
22 51 ( 22 51 ) ( 22 47 45 18 51 )
37 6 ( 37 48 6 ) ( 37 7 25 40 6 )
20 23 ( 20 23 ) ( 20 0 57 13 23 )
30 67 ( 30 48 8 26 67 ) ( 30 66 64 60 67 )
14 38 ( 14 61 38 ) ( 14 34 40 11 38 )
19 60 ( 19 59 60 ) ( 19 34 20 60 )
12 47 ( 12 42 34 47 ) ( 12 50 47 )
12 15 ( 12 9 15 ) ( 12 25 15 )
22 65 ( 22 57 34 23 65 ) ( 22 46 42 65 )
18 10 ( 18 10 ) ( 18 45 10 )
25 20 ( 25 29 20 ) ( 25 65 20 )
40 18 ( 40 34 11 18 ) ( 40 61 43 36 18 )
14 39 ( 14 17 39 ) ( 14 22 51 44 39 )
68 23 ( 68 28 0 20 23 ) ( 68 8 23 )
60 50 ( 60 50 ) ( 60 69 49 50 )
14 33 ( 14 6 26 21 33 ) ( 14 45 33 )
3 32 ( 3 30 8 41 32 ) ( 3 40 37 25 32 )
21 62 ( 21 42 62 ) ( 21 36 62 )
43 41 ( 43 41 ) ( 43 4 6 64 41 )
11 33 ( 11 33 ) ( 11 20 25 61 33 )
24 57 ( 24 18 43 57 ) ( 24 21 57 )
15 13 ( 15 47 50 13 ) ( 15 14 13 )
28 22 ( 28 37 22 ) ( 28 10 22 )
38 1 ( 38 21 1 ) ( 38 51 18 1 )
45 38 ( 45 56 48 21 38 ) ( 45 0 37 59 38 )
43 44 ( 43 25 50 44 ) ( 43 56 47 44 )
10 2 ( 10 2 ) ( 10 13 43 49 2 )
39 0 ( 39 0 ) ( 39 18 0 )
45 60 ( 45 60 ) ( 45 46 61 60 )
45 21 ( 45 10 35 47 21 ) ( 45 13 21 )
49 60 ( 49 65 16 60 ) ( 49 64 38 34 60 )
38 65 ( 38 41 46 69 65 ) ( 38 22 61 44 65 )
53 18 ( 53 11 60 18 ) ( 53 61 46 18 )
28 42 ( 28 37 10 42 ) ( 28 40 2 42 )
49 36 ( 49 7 34 35 36 ) ( 49 3 57 36 )
26 44 ( 26 28 44 ) ( 26 17 44 )
28 1 ( 28 56 40 1 ) ( 28 31 33 1 )
69 4 ( 69 4 ) ( 69 41 15 4 )
15 44 ( 15 32 30 59 44 ) ( 15 66 62 53 44 )
23 37 ( 23 37 ) ( 23 66 32 37 )
61 67 ( 61 67 ) ( 61 53 18 67 )
53 67 ( 53 39 67 ) ( 53 38 43 67 )
13 33 ( 13 64 33 ) ( 13 14 42 33 )
60 7 ( 60 45 7 ) ( 60 41 7 )
47 41 ( 47 41 ) ( 47 39 16 41 )
1 24 ( 1 24 ) ( 1 42 53 62 24 )
65 12 ( 65 44 12 ) ( 65 67 10 12 )
20 61 ( 20 52 61 ) ( 20 33 19 66 61 )
8 60 ( 8 64 12 60 ) ( 8 19 11 14 60 )
43 12 ( 43 12 ) ( 43 66 12 )
0 11 ( 0 11 ) ( 0 45 64 11 )
7 42 ( 7 42 ) ( 7 34 30 42 )
20 17 ( 20 13 2 30 17 ) ( 20 56 52 17 )
24 69 ( 24 69 ) ( 24 14 46 69 )
48 22 ( 48 23 3 53 22 ) ( 48 56 47 22 )
21 52 ( 21 13 52 ) ( 21 41 3 7 52 )
11 17 ( 11 17 ) ( 11 4 62 17 )
64 32 ( 64 11 32 ) ( 64 40 33 32 )
57 64 ( 57 51 15 64 ) ( 57 18 44 64 )
37 1 ( 37 14 36 28 1 ) ( 37 21 47 1 )
45 31 ( 45 23 31 ) ( 45 15 53 18 31 )
47 1 ( 47 42 22 46 1 ) ( 47 36 59 17 1 )
17 5 ( 17 42 37 5 ) ( 17 57 67 51 5 )
24 25 ( 24 25 ) ( 24 0 25 )
34 20 ( 34 35 32 20 ) ( 34 5 13 33 20 )
64 3 ( 64 3 ) ( 64 49 3 )
42 6 ( 42 11 33 53 6 ) ( 42 0 40 51 6 )
52 64 ( 52 64 ) ( 52 66 7 19 64 )
16 56 ( 16 56 ) ( 16 19 12 65 56 )
53 6 ( 53 23 48 31 6 ) ( 53 30 45 22 6 )
42 9 ( 42 9 ) ( 42 46 8 9 )
61 40 ( 61 40 ) ( 61 37 21 66 40 )
53 8 ( 53 8 ) ( 53 14 31 8 )
11 21 ( 11 45 21 ) ( 11 8 21 )
32 5 ( 32 47 60 4 5 ) ( 32 3 36 12 5 )
64 7 ( 64 44 7 ) ( 64 49 37 7 )
28 57 ( 28 15 26 57 ) ( 28 6 56 52 57 )
65 59 ( 65 44 36 43 59 ) ( 65 35 40 47 59 )
2 52 ( 2 10 13 52 ) ( 2 59 52 )
51 12 ( 51 7 62 12 ) ( 51 33 12 )
18 13 ( 18 66 13 ) ( 18 15 35 13 )
65 9 ( 65 45 9 ) ( 65 61 16 9 )
47 44 ( 47 1 41 43 44 ) ( 47 53 19 5 44 )
61 12 ( 61 12 ) ( 61 31 26 12 )
45 7 ( 45 42 7 ) ( 45 56 52 25 7 )
19 41 ( 19 41 ) ( 19 30 61 47 41 )
32 33 ( 32 17 33 ) ( 32 40 33 )
21 8 ( 21 34 13 8 ) ( 21 60 9 8 )
20 12 ( 20 12 ) ( 20 56 45 48 12 )
12 3 ( 12 7 60 14 3 ) ( 12 69 37 46 3 )

EOF