DIMENSIONS
75 sommetsG2
70 sommetsG1
100 dem

SOMMETS
0  N0  C  155.42  150.65
1  N1  C  375.92  164.65
2  N2  C  183.92  150.65
3  N3  C  205.42  150.65
4  N4  C  205.42  171.65
5  N5  C  226.42  171.65
6  N6  C  226.42  186.15
7  N7  C  226.42  207.15
8  N8  C  226.42  235.65
9  N9  C  226.42  264.15
10  N10  C  226.42  292.65
11  N11  C  226.42  314.15
12  N12  C  226.42  335.65
13  N13  C  205.42  335.65
14  N14  C  190.92  335.65
15  N15  C  190.92  328.15
16  N16  C  176.92  328.15
17  N17  C  176.92  299.65
18  N18  C  155.42  299.65
19  N19  C  155.42  328.15
20  N20  C  155.42  356.65
21  N21  C  183.92  356.65
22  N22  C  219.42  356.65
23  N23  C  240.92  356.65
24  N24  C  269.42  356.65
25  N25  C  290.42  356.65
26  N26  C  387.42  136.15
27  N27  C  318.92  356.65
28  N28  C  318.92  335.65
29  N29  T  318.92  328.15
30  N30  C  318.92  299.65
31  N31  C  297.92  299.65
32  N32  C  290.42  328.15
33  N33  C  290.42  335.65
34  N34  C  297.92  328.15
35  N35  C  254.92  335.65
36  N36  C  254.92  314.15
37  N37  C  254.92  292.65
38  N38  C  254.92  271.65
39  N39  C  254.92  243.15
40  N40  C  254.92  221.65
41  N41  C  254.92  193.15
42  N42  C  254.92  171.65
43  N43  C  276.42  171.65
44  N44  C  296.42  150.65
45  N45  C  276.42  150.65
46  N46  C  375.92  150.65
47  N47  C  308.92  150.65
48  N48  C  354.92  164.65
49  N49  C  338.42  174.65
50  N50  C  354.92  174.65
51  N51  C  338.42  200.15
52  N52  C  338.42  221.65
53  N53  C  354.92  221.65
54  N54  C  354.92  200.15
55  N55  C  361.92  200.15
56  N56  C  361.92  186.15
57  N57  C  383.42  186.15
58  N58  T  383.42  179.15
59  N59  T  404.42  179.15
60  N60  C  404.42  186.15
61  N61  C  418.92  186.15
62  N62  C  418.92  200.15
63  N63  T  432.92  200.15
64  N64  C  432.92  221.65
65  N65  C  418.92  221.65
66  N66  C  418.92  235.65
67  N67  C  397.42  235.65
68  N68  T  397.42  243.15
69  N69  C  375.92  243.15
70  N70  C  375.92  257.15
71  N71  C  368.92  257.15
72  N72  C  368.92  264.15
73  N73  C  347.42  264.15
74  N74  C  347.42  278.65

DEMANDES
14 25 ( 14 41 35 47 25 ) ( 14 27 25 )
38 71 ( 38 53 10 45 71 ) ( 38 1 18 71 )
10 60 ( 10 60 ) ( 10 9 8 60 )
74 16 ( 74 45 22 16 ) ( 74 47 39 37 16 )
72 21 ( 72 57 30 66 21 ) ( 72 26 60 21 )
5 71 ( 5 14 49 71 ) ( 5 66 71 )
26 4 ( 26 4 ) ( 26 17 72 4 )
67 19 ( 67 57 38 19 ) ( 67 50 39 19 )
2 32 ( 2 54 21 55 32 ) ( 2 47 26 51 32 )
12 33 ( 12 24 17 67 33 ) ( 12 26 51 71 33 )
44 49 ( 44 69 61 51 49 ) ( 44 36 16 49 )
71 69 ( 71 69 ) ( 71 48 32 46 69 )
21 23 ( 21 14 23 ) ( 21 20 23 )
41 31 ( 41 31 ) ( 41 7 9 37 31 )
57 73 ( 57 28 56 27 73 ) ( 57 22 17 43 73 )
18 11 ( 18 12 55 11 ) ( 18 5 11 )
71 3 ( 71 18 54 3 ) ( 71 49 3 )
72 47 ( 72 10 39 5 47 ) ( 72 15 47 )
34 61 ( 34 3 11 61 ) ( 34 74 15 66 61 )
9 74 ( 9 74 ) ( 9 5 0 69 74 )
44 13 ( 44 13 ) ( 44 61 26 13 )
41 43 ( 41 7 43 ) ( 41 39 56 22 43 )
74 43 ( 74 47 2 56 43 ) ( 74 62 69 65 43 )
62 73 ( 62 50 37 73 ) ( 62 12 66 5 73 )
48 18 ( 48 52 23 18 ) ( 48 24 18 )
17 5 ( 17 48 38 5 ) ( 17 72 5 )
21 40 ( 21 35 44 40 ) ( 21 70 40 )
33 25 ( 33 0 44 62 25 ) ( 33 17 50 25 )
36 22 ( 36 46 3 22 ) ( 36 31 22 )
52 50 ( 52 13 45 50 ) ( 52 47 54 50 )
24 55 ( 24 55 ) ( 24 51 48 19 55 )
39 6 ( 39 51 6 ) ( 39 7 8 27 6 )
43 44 ( 43 21 24 44 ) ( 43 14 44 )
73 0 ( 73 14 32 71 0 ) ( 73 57 0 )
52 9 ( 52 70 64 9 ) ( 52 15 41 9 )
22 67 ( 22 37 43 12 67 ) ( 22 20 64 36 67 )
34 37 ( 34 51 37 ) ( 34 54 37 )
10 45 ( 10 54 45 ) ( 10 13 16 37 45 )
9 10 ( 9 69 10 ) ( 9 46 10 )
62 61 ( 62 49 61 ) ( 62 45 19 61 )
11 5 ( 11 5 ) ( 11 27 21 5 )
24 6 ( 24 43 6 ) ( 24 19 49 57 6 )
36 11 ( 36 38 15 41 11 ) ( 36 31 62 11 )
18 24 ( 18 73 25 24 ) ( 18 67 10 24 )
30 0 ( 30 22 8 64 0 ) ( 30 54 3 33 0 )
73 53 ( 73 53 ) ( 73 64 7 53 )
7 28 ( 7 60 28 ) ( 7 9 3 28 )
4 34 ( 4 33 8 44 34 ) ( 4 43 39 27 34 )
22 66 ( 22 45 66 ) ( 22 39 66 )
46 44 ( 46 44 ) ( 46 5 7 69 44 )
12 36 ( 12 36 ) ( 12 21 26 65 36 )
25 61 ( 25 19 46 61 ) ( 25 62 61 )
23 16 ( 23 16 ) ( 23 8 50 16 )
53 15 ( 53 32 15 ) ( 53 17 15 )
28 39 ( 28 39 ) ( 28 1 22 39 )
55 19 ( 55 51 60 19 ) ( 55 52 23 19 )
48 0 ( 48 46 38 0 ) ( 48 30 27 53 0 )
60 50 ( 60 50 ) ( 60 4 50 )
51 14 ( 51 42 0 14 ) ( 51 22 19 49 14 )
64 13 ( 64 65 13 ) ( 64 48 23 66 13 )
13 11 ( 13 50 67 11 ) ( 13 14 52 65 11 )
41 55 ( 41 69 70 37 55 ) ( 41 61 55 )
74 70 ( 74 44 70 ) ( 74 47 56 19 70 )
45 35 ( 45 35 ) ( 45 64 65 49 35 )
30 45 ( 30 40 11 45 ) ( 30 43 2 45 )
52 38 ( 52 8 36 3 38 ) ( 52 61 28 38 )
47 33 ( 47 33 ) ( 47 18 30 33 )
1 53 ( 1 43 33 53 ) ( 1 35 74 4 53 )
5 48 ( 5 16 47 48 ) ( 5 69 48 )
55 34 ( 55 71 34 ) ( 55 67 57 25 34 )
40 16 ( 40 34 16 ) ( 40 66 72 13 16 )
34 57 ( 34 72 24 30 57 ) ( 34 42 57 )
41 46 ( 41 46 ) ( 41 27 49 46 )
15 45 ( 15 28 14 48 45 ) ( 15 44 45 )
50 44 ( 50 44 ) ( 50 42 18 44 )
1 25 ( 1 25 ) ( 1 45 57 66 25 )
69 12 ( 69 47 12 ) ( 69 72 11 12 )
21 66 ( 21 56 66 ) ( 21 35 20 70 66 )
9 64 ( 9 69 13 64 ) ( 9 21 12 15 64 )
46 13 ( 46 13 ) ( 46 71 13 )
1 12 ( 1 12 ) ( 1 48 7 12 )
46 5 ( 46 32 5 ) ( 46 21 18 5 )
42 14 ( 42 14 ) ( 42 61 56 14 )
26 74 ( 26 74 ) ( 26 15 49 74 )
52 24 ( 52 25 3 57 24 ) ( 52 60 51 24 )
67 23 ( 67 60 14 44 23 ) ( 67 4 23 )
7 11 ( 7 11 ) ( 7 44 11 )
4 66 ( 4 69 35 19 66 ) ( 4 44 66 )
12 43 ( 12 69 43 ) ( 12 39 54 16 43 )
19 47 ( 19 69 26 47 ) ( 19 15 47 )
39 30 ( 39 48 30 ) ( 39 33 20 52 30 )
24 16 ( 24 51 1 45 16 ) ( 24 50 16 )
39 18 ( 39 38 18 ) ( 39 66 18 )
45 39 ( 45 55 25 26 39 ) ( 45 3 1 0 39 )
36 21 ( 36 38 35 21 ) ( 36 5 14 69 21 )
3 6 ( 3 6 ) ( 3 45 72 65 6 )
12 35 ( 12 0 43 55 35 ) ( 12 69 7 70 35 )
7 20 ( 7 20 ) ( 7 56 12 70 20 )
57 7 ( 57 25 51 34 7 ) ( 57 32 49 24 7 )
45 9 ( 45 9 ) ( 45 10 49 9 )

EOF