DIMENSIONS
45 sommetsG2
40 sommetsG1
150 dem

SOMMETS
0  Sao-paulo  C  -23.53  -46.63
1  Rio-de-janeiro  C  -22.91  -43.2
2  Salvador  C  -12.97  -38.5
3  Belo-horizonte  C  -19.92  -43.94
4  Fortaleza  C  -3.78  -38.59
5  Brasilia  C  -15.78  -47.91
6  Curitiba  C  -25.42  -49.29
7  Manaus  C  -3.12  -60.02
8  Recife  T  -8.08  -34.92
9  Belem  C  -1.44  -48.5
10  Porto-alegre  C  -30.04  -51.22
11  Goiania  C  -16.72  -49.26
12  Guarulhos  C  -23.46  -46.49
13  Campinas  C  -22.91  -47.08
14  Nova-iguacu  C  -22.74  -43.47
15  Sao-goncalo  C  -22.84  -43.07
16  Sao-luis  C  -2.5  -44.3
17  Maceio  T  -9.65  -35.75
18  Duque-de-caxias  C  -22.77  -43.31
19  Natal  C  -5.8  -35.22
20  Sao-bernardo-do-campo  C  -23.71  -46.54
21  Teresina  C  -5.1  -42.8
22  Campo-grande  C  -20.45  -54.63
23  Osasco  C  -23.53  -46.78
24  Santo-andre  C  -23.65  -46.53
25  Jaboatao  C  -8.11  -35.02
26  Joao-pessoa  C  -7.12  -34.86
27  Contagem  C  -19.91  -44.1
28  Sao-jose-dos-campos  C  -23.2  -45.88
29  Ribeirao-preto  C  -21.17  -47.8
30  Sorocaba  C  -23.49  -47.47
31  Uberlandia  C  -18.9  -48.28
32  Cuiaba  C  -15.61  -56.09
33  Aracaju  C  -10.91  -37.07
34  Niteroi  C  -22.9  -43.13
35  Juiz-de-fora  T  -21.75  -43.36
36  Sao-joao-de-meriti  C  -22.8  -43.35
37  Belford-roxo  T  -22.75  -43.42
38  Feira-de-santana  C  -12.25  -38.97
39  Londrina  C  -23.3  -51.18
40  Joinville  C  -26.32  -48.84
41  Ananindeua  T  -1.38  -48.38
42  Santos  C  -23.95  -46.33
43  Aparecida-de-goiania  C  -16.82  -49.24
44  Campos  C  -21.75  -41.34

DEMANDES
0 1 ( 0 14 1 ) ( 0 15 1 )
0 2 ( 0 12 27 2 ) ( 0 24 2 )
0 3 ( 0 27 3 ) ( 0 24 3 )
0 4 ( 0 12 4 ) ( 0 3 4 )
0 5 ( 0 13 5 ) ( 0 12 5 )
0 6 ( 0 24 6 ) ( 0 30 6 )
0 7 ( 0 13 7 ) ( 0 23 7 )
0 9 ( 0 5 9 ) ( 0 13 9 )
0 10 ( 0 40 10 ) ( 0 24 20 10 )
0 11 ( 0 31 11 ) ( 0 13 11 )
0 12 ( 0 24 12 ) ( 0 23 12 )
0 13 ( 0 12 13 ) ( 0 24 13 )
0 14 ( 0 12 14 ) ( 0 28 14 )
0 15 ( 0 1 15 ) ( 0 34 15 )
0 16 ( 0 23 16 ) ( 0 13 16 )
0 18 ( 0 28 18 ) ( 0 24 18 )
0 19 ( 0 38 19 ) ( 0 3 19 )
0 20 ( 0 24 20 ) ( 0 12 20 )
0 21 ( 0 12 21 ) ( 0 23 21 )
0 22 ( 0 23 22 ) ( 0 30 22 )
0 23 ( 0 20 23 ) ( 0 24 20 12 23 )
0 24 ( 0 20 24 ) ( 0 23 24 )
0 25 ( 0 3 25 ) ( 0 2 25 )
0 26 ( 0 38 26 ) ( 0 33 26 )
0 27 ( 0 24 27 ) ( 0 20 27 )
0 28 ( 0 12 28 ) ( 0 20 28 )
0 29 ( 0 12 29 ) ( 0 28 29 )
0 30 ( 0 24 30 ) ( 0 20 30 )
0 31 ( 0 13 31 ) ( 0 29 31 )
0 32 ( 0 29 32 ) ( 0 24 23 13 32 )
0 33 ( 0 27 33 ) ( 0 3 38 33 )
0 34 ( 0 12 34 ) ( 0 36 34 )
0 36 ( 0 12 36 ) ( 0 28 36 )
0 38 ( 0 27 3 38 ) ( 0 23 38 )
0 39 ( 0 30 39 ) ( 0 23 39 )
0 40 ( 0 24 40 ) ( 0 12 40 )
0 42 ( 0 12 20 42 ) ( 0 23 42 )
0 43 ( 0 31 43 ) ( 0 29 43 )
0 44 ( 0 12 44 ) ( 0 28 44 )
1 2 ( 1 15 2 ) ( 1 18 2 )
1 3 ( 1 15 3 ) ( 1 27 3 )
1 4 ( 1 15 4 ) ( 1 18 4 )
1 5 ( 1 18 5 ) ( 1 36 5 )
1 6 ( 1 24 6 ) ( 1 18 6 )
1 7 ( 1 18 7 ) ( 1 36 7 )
1 9 ( 1 18 9 ) ( 1 36 9 )
1 10 ( 1 34 10 ) ( 1 36 18 10 )
1 11 ( 1 18 11 ) ( 1 36 11 )
1 12 ( 1 18 12 ) ( 1 34 36 12 )
1 13 ( 1 36 13 ) ( 1 28 13 )
1 14 ( 1 36 14 ) ( 1 34 14 )
1 15 ( 1 34 15 ) ( 1 14 15 )
1 16 ( 1 3 16 ) ( 1 34 16 )
1 18 ( 1 36 18 ) ( 1 34 15 18 )
1 19 ( 1 2 19 ) ( 1 33 19 )
1 20 ( 1 36 20 ) ( 1 28 20 )
1 21 ( 1 18 21 ) ( 1 3 21 )
1 22 ( 1 14 22 ) ( 1 13 22 )
1 23 ( 1 12 23 ) ( 1 0 23 )
1 24 ( 1 14 24 ) ( 1 18 24 )
1 25 ( 1 2 25 ) ( 1 18 25 )
1 27 ( 1 34 27 ) ( 1 14 27 )
1 28 ( 1 34 28 ) ( 1 18 15 28 )
1 29 ( 1 14 29 ) ( 1 36 29 )
1 30 ( 1 23 30 ) ( 1 0 30 )
1 31 ( 1 14 31 ) ( 1 15 31 )
1 33 ( 1 15 33 ) ( 1 36 33 )
1 34 ( 1 15 34 ) ( 1 36 34 )
1 36 ( 1 18 36 ) ( 1 34 36 )
1 38 ( 1 34 38 ) ( 1 36 38 )
1 39 ( 1 13 39 ) ( 1 12 39 )
1 40 ( 1 36 40 ) ( 1 34 40 )
1 42 ( 1 36 42 ) ( 1 18 42 )
1 43 ( 1 18 43 ) ( 1 34 43 )
1 44 ( 1 15 44 ) ( 1 34 44 )
2 3 ( 2 27 3 ) ( 2 44 3 )
2 4 ( 2 38 33 4 ) ( 2 25 26 4 )
2 5 ( 2 38 5 ) ( 2 43 5 )
2 25 ( 2 21 25 ) ( 2 38 21 26 25 )
2 33 ( 2 38 33 ) ( 2 26 25 33 )
2 38 ( 2 25 38 ) ( 2 19 38 )
3 5 ( 3 27 5 ) ( 3 31 5 )
3 6 ( 3 13 6 ) ( 3 12 6 )
3 11 ( 3 43 11 ) ( 3 36 18 11 )
3 12 ( 3 0 12 ) ( 3 20 12 )
3 13 ( 3 28 13 ) ( 3 23 13 )
3 14 ( 3 27 14 ) ( 3 36 14 )
3 15 ( 3 34 15 ) ( 3 36 15 )
3 18 ( 3 36 18 ) ( 3 27 18 )
3 20 ( 3 24 20 ) ( 3 28 20 )
3 23 ( 3 0 23 ) ( 3 12 23 )
3 24 ( 3 12 24 ) ( 3 27 24 )
3 27 ( 3 34 27 ) ( 3 14 1 27 )
3 28 ( 3 12 28 ) ( 3 14 28 )
3 29 ( 3 12 29 ) ( 3 23 29 )
3 31 ( 3 27 31 ) ( 3 29 31 )
3 34 ( 3 15 34 ) ( 3 18 34 )
3 36 ( 3 18 14 36 ) ( 3 15 34 36 )
3 44 ( 3 15 44 ) ( 3 18 44 )
4 16 ( 4 21 16 ) ( 4 9 16 )
4 19 ( 4 26 19 ) ( 4 25 19 )
4 21 ( 4 16 21 ) ( 4 19 21 )
4 26 ( 4 25 26 ) ( 4 33 26 )
5 6 ( 5 31 6 ) ( 5 29 6 )
5 11 ( 5 31 11 ) ( 5 27 11 )
5 13 ( 5 29 13 ) ( 5 31 13 )
5 31 ( 5 43 29 31 ) ( 5 11 27 31 )
5 43 ( 5 11 43 ) ( 5 31 43 )
6 10 ( 6 23 10 ) ( 6 24 10 )
6 12 ( 6 0 12 ) ( 6 23 12 )
6 13 ( 6 30 13 ) ( 6 23 13 )
6 20 ( 6 23 0 20 ) ( 6 12 20 )
6 23 ( 6 24 23 ) ( 6 12 24 0 23 )
6 24 ( 6 0 24 ) ( 6 23 24 )
6 30 ( 6 23 30 ) ( 6 0 30 )
6 40 ( 6 30 40 ) ( 6 23 40 )
11 43 ( 11 5 43 ) ( 11 27 3 43 )
12 13 ( 12 0 13 ) ( 12 24 13 )
12 14 ( 12 28 14 ) ( 12 18 14 )
12 20 ( 12 0 20 ) ( 12 23 20 )
12 23 ( 12 0 23 ) ( 12 24 23 )
12 24 ( 12 20 24 ) ( 12 23 24 )
12 28 ( 12 24 0 28 ) ( 12 13 23 28 )
12 30 ( 12 0 30 ) ( 12 24 13 30 )
12 42 ( 12 24 42 ) ( 12 20 42 )
13 20 ( 13 30 20 ) ( 13 28 20 )
13 23 ( 13 12 23 ) ( 13 42 23 )
13 24 ( 13 28 24 ) ( 13 14 24 )
13 28 ( 13 23 28 ) ( 13 24 28 )
13 30 ( 13 0 30 ) ( 13 20 30 )
13 42 ( 13 0 42 ) ( 13 24 42 )
14 15 ( 14 36 15 ) ( 14 1 15 )
14 18 ( 14 34 18 ) ( 14 36 15 18 )
14 34 ( 14 1 34 ) ( 14 36 15 34 )
14 36 ( 14 18 36 ) ( 14 15 36 )
15 18 ( 15 34 1 36 18 ) ( 15 14 18 )
15 34 ( 15 18 34 ) ( 15 36 34 )
15 36 ( 15 34 36 ) ( 15 44 36 )
18 34 ( 18 14 34 ) ( 18 42 34 )
18 36 ( 18 15 34 36 ) ( 18 44 36 )
20 23 ( 20 42 23 ) ( 20 0 42 24 23 )
20 24 ( 20 12 24 ) ( 20 0 42 24 )
20 28 ( 20 23 24 28 ) ( 20 42 0 28 )
20 30 ( 20 24 30 ) ( 20 0 30 )
23 24 ( 23 20 24 ) ( 23 12 24 )
23 28 ( 23 20 28 ) ( 23 24 12 28 )
23 30 ( 23 0 30 ) ( 23 24 30 )
24 28 ( 24 0 28 ) ( 24 12 23 28 )
24 30 ( 24 20 0 30 ) ( 24 13 30 )
25 26 ( 25 33 26 ) ( 25 4 26 )

EOF