DIMENSIONS
50 sommetsG2
45 sommetsG1
95 dem

SOMMETS
0  Sao-paulo  C  -23.53  -46.63
1  Rio-de-janeiro  C  -22.91  -43.2
2  Salvador  C  -12.97  -38.5
3  Belo-horizonte  C  -19.92  -43.94
4  Fortaleza  C  -3.78  -38.59
5  Brasilia  C  -15.78  -47.91
6  Curitiba  C  -25.42  -49.29
7  Manaus  C  -3.12  -60.02
8  Recife  C  -8.08  -34.92
9  Belem  T  -1.44  -48.5
10  Porto-alegre  C  -30.04  -51.22
11  Goiania  C  -16.72  -49.26
12  Guarulhos  C  -23.46  -46.49
13  Campinas  C  -22.91  -47.08
14  Nova-iguacu  C  -22.74  -43.47
15  Sao-goncalo  C  -22.84  -43.07
16  Sao-luis  C  -2.5  -44.3
17  Maceio  C  -9.65  -35.75
18  Duque-de-caxias  C  -22.77  -43.31
19  Natal  T  -5.8  -35.22
20  Sao-bernardo-do-campo  C  -23.71  -46.54
21  Teresina  C  -5.1  -42.8
22  Campo-grande  C  -20.45  -54.63
23  Osasco  C  -23.53  -46.78
24  Santo-andre  C  -23.65  -46.53
25  Jaboatao  C  -8.11  -35.02
26  Joao-pessoa  C  -7.12  -34.86
27  Contagem  C  -19.91  -44.1
28  Sao-jose-dos-campos  C  -23.2  -45.88
29  Ribeirao-preto  C  -21.17  -47.8
30  Sorocaba  C  -23.49  -47.47
31  Uberlandia  C  -18.9  -48.28
32  Cuiaba  C  -15.61  -56.09
33  Aracaju  C  -10.91  -37.07
34  Niteroi  C  -22.9  -43.13
35  Juiz-de-fora  C  -21.75  -43.36
36  Sao-joao-de-meriti  C  -22.8  -43.35
37  Belford-roxo  C  -22.75  -43.42
38  Feira-de-santana  C  -12.25  -38.97
39  Londrina  T  -23.3  -51.18
40  Joinville  C  -26.32  -48.84
41  Ananindeua  C  -1.38  -48.38
42  Santos  T  -23.95  -46.33
43  Aparecida-de-goiania  C  -16.82  -49.24
44  Campos  C  -21.75  -41.34
45  Diadema  T  -23.69  -46.61
46  Vila-velha  C  -20.32  -40.28
47  Maua  C  -23.66  -46.46
48  Florianopolis  C  -27.6  -48.54
49  Olinda  C  -8  -34.85

DEMANDES
0 1 ( 0 12 1 ) ( 0 28 1 )
0 2 ( 0 3 2 ) ( 0 27 2 )
0 3 ( 0 12 3 ) ( 0 28 3 )
0 4 ( 0 12 4 ) ( 0 27 4 )
0 5 ( 0 13 5 ) ( 0 23 5 )
0 6 ( 0 23 6 ) ( 0 30 6 )
0 7 ( 0 13 7 ) ( 0 29 7 )
0 8 ( 0 33 8 ) ( 0 2 8 )
0 10 ( 0 20 10 ) ( 0 48 10 )
0 11 ( 0 43 11 ) ( 0 24 11 )
0 12 ( 0 24 12 ) ( 0 20 47 12 )
0 13 ( 0 23 13 ) ( 0 24 12 13 )
0 14 ( 0 12 14 ) ( 0 28 14 )
0 15 ( 0 1 15 ) ( 0 34 15 )
0 17 ( 0 27 17 ) ( 0 12 17 )
0 18 ( 0 12 18 ) ( 0 14 18 )
0 20 ( 0 13 20 ) ( 0 30 24 20 )
0 22 ( 0 23 22 ) ( 0 47 22 )
0 23 ( 0 12 23 ) ( 0 20 23 )
0 24 ( 0 23 24 ) ( 0 28 24 )
0 27 ( 0 12 27 ) ( 0 24 27 )
0 28 ( 0 47 28 ) ( 0 23 28 )
0 29 ( 0 23 29 ) ( 0 47 29 )
0 30 ( 0 47 20 30 ) ( 0 23 28 30 )
0 31 ( 0 29 31 ) ( 0 23 13 31 )
0 32 ( 0 13 32 ) ( 0 23 32 )
0 34 ( 0 12 34 ) ( 0 28 34 )
0 35 ( 0 12 35 ) ( 0 23 35 )
0 36 ( 0 37 36 ) ( 0 14 36 )
0 37 ( 0 24 37 ) ( 0 36 37 )
0 40 ( 0 23 40 ) ( 0 20 40 )
0 43 ( 0 31 43 ) ( 0 12 43 )
0 44 ( 0 14 44 ) ( 0 12 37 44 )
0 46 ( 0 28 46 ) ( 0 18 46 )
0 47 ( 0 24 47 ) ( 0 12 47 )
0 48 ( 0 20 48 ) ( 0 24 47 48 )
1 2 ( 1 35 2 ) ( 1 46 2 )
1 3 ( 1 36 3 ) ( 1 34 3 )
1 4 ( 1 34 4 ) ( 1 15 4 )
1 5 ( 1 18 5 ) ( 1 35 5 )
1 6 ( 1 36 6 ) ( 1 37 6 )
1 8 ( 1 2 8 ) ( 1 18 8 )
1 10 ( 1 34 10 ) ( 1 36 10 )
1 11 ( 1 18 11 ) ( 1 14 11 )
1 12 ( 1 28 12 ) ( 1 36 12 )
1 13 ( 1 36 13 ) ( 1 28 13 )
1 14 ( 1 36 37 14 ) ( 1 34 14 )
1 15 ( 1 34 15 ) ( 1 18 15 )
1 18 ( 1 36 18 ) ( 1 37 18 )
1 20 ( 1 24 20 ) ( 1 28 47 20 )
1 23 ( 1 12 23 ) ( 1 24 23 )
1 24 ( 1 47 24 ) ( 1 20 24 )
1 27 ( 1 36 18 27 ) ( 1 15 27 )
1 28 ( 1 36 28 ) ( 1 14 28 )
1 29 ( 1 18 29 ) ( 1 14 37 29 )
1 30 ( 1 23 30 ) ( 1 0 30 )
1 31 ( 1 36 14 31 ) ( 1 18 31 )
1 34 ( 1 15 34 ) ( 1 36 34 )
1 35 ( 1 37 35 ) ( 1 15 34 35 )
1 36 ( 1 18 36 ) ( 1 34 36 )
1 37 ( 1 36 37 ) ( 1 18 37 )
1 40 ( 1 34 40 ) ( 1 18 40 )
1 44 ( 1 34 44 ) ( 1 37 44 )
1 46 ( 1 15 34 46 ) ( 1 36 46 )
1 47 ( 1 36 47 ) ( 1 37 47 )
2 3 ( 2 27 3 ) ( 2 46 44 3 )
2 8 ( 2 17 8 ) ( 2 33 49 8 )
2 33 ( 2 38 33 ) ( 2 49 8 33 )
2 38 ( 2 33 38 ) ( 2 25 38 )
3 5 ( 3 31 5 ) ( 3 43 5 )
3 12 ( 3 47 12 ) ( 3 20 12 )
3 14 ( 3 27 14 ) ( 3 15 14 )
3 15 ( 3 35 15 ) ( 3 1 15 )
3 18 ( 3 35 18 ) ( 3 37 18 )
3 27 ( 3 35 27 ) ( 3 14 27 )
3 35 ( 3 37 35 ) ( 3 15 35 )
5 11 ( 5 43 11 ) ( 5 31 11 )
5 43 ( 5 11 43 ) ( 5 31 43 )
6 40 ( 6 30 40 ) ( 6 23 40 )
8 17 ( 8 25 17 ) ( 8 33 17 )
8 25 ( 8 49 25 ) ( 8 26 25 )
8 26 ( 8 49 26 ) ( 8 17 25 26 )
8 49 ( 8 33 49 ) ( 8 38 25 49 )
12 13 ( 12 0 13 ) ( 12 47 13 )
12 20 ( 12 24 20 ) ( 12 47 24 23 20 )
12 23 ( 12 0 23 ) ( 12 47 24 23 )
12 24 ( 12 13 24 ) ( 12 20 28 24 )
12 28 ( 12 23 28 ) ( 12 13 24 28 )
12 30 ( 12 0 30 ) ( 12 24 30 )
13 20 ( 13 24 20 ) ( 13 12 20 )
13 23 ( 13 0 23 ) ( 13 12 23 )
13 24 ( 13 12 24 ) ( 13 20 24 )
14 15 ( 14 37 15 ) ( 14 36 18 15 )
14 18 ( 14 37 18 ) ( 14 34 18 )
15 18 ( 15 34 18 ) ( 15 37 18 )

EOF