DIMENSIONS
12 sommetsG2
10 sommetsG1
16 dem

SOMMETS
0  Sao-paulo  C  -23.53  -46.63
1  Rio-de-janeiro  C  -22.91  -43.2
2  Salvador  C  -12.97  -38.5
3  Belo-horizonte  C  -19.92  -43.94
4  Fortaleza  T  -3.78  -38.59
5  Brasilia  C  -15.78  -47.91
6  Curitiba  C  -25.42  -49.29
7  Manaus  C  -3.12  -60.02
8  Recife  C  -8.08  -34.92
9  Belem  C  -1.44  -48.5
10  Porto-alegre  T  -30.04  -51.22
11  Goiania  C  -16.72  -49.26

DEMANDES
0 1 ( 0 5 1 ) ( 0 3 11 1 )
0 2 ( 0 1 3 2 ) ( 0 5 2 )
0 3 ( 0 1 3 ) ( 0 6 3 )
0 5 ( 0 1 5 ) ( 0 2 5 )
0 6 ( 0 1 3 6 ) ( 0 5 6 )
0 7 ( 0 11 7 ) ( 0 5 7 )
0 8 ( 0 2 8 ) ( 0 1 8 )
0 9 ( 0 1 9 ) ( 0 3 11 5 9 )
0 11 ( 0 6 11 ) ( 0 1 11 )
1 2 ( 1 3 2 ) ( 1 11 2 )
1 3 ( 1 0 3 ) ( 1 11 5 3 )
1 5 ( 1 11 5 ) ( 1 0 5 )
1 6 ( 1 3 6 ) ( 1 11 6 )
1 11 ( 1 5 11 ) ( 1 6 11 )
3 5 ( 3 0 6 5 ) ( 3 2 5 )
5 11 ( 5 3 11 ) ( 5 0 11 )

EOF