DIMENSIONS
70 sommetsG2
65 sommetsG1
140 dem

SOMMETS
0  Sao-paulo  C  -23.53  -46.63
1  Rio-de-janeiro  C  -22.91  -43.2
2  Salvador  C  -12.97  -38.5
3  Belo-horizonte  C  -19.92  -43.94
4  Fortaleza  C  -3.78  -38.59
5  Brasilia  C  -15.78  -47.91
6  Curitiba  C  -25.42  -49.29
7  Manaus  C  -3.12  -60.02
8  Recife  C  -8.08  -34.92
9  Belem  C  -1.44  -48.5
10  Porto-alegre  C  -30.04  -51.22
11  Goiania  C  -16.72  -49.26
12  Guarulhos  C  -23.46  -46.49
13  Campinas  C  -22.91  -47.08
14  Nova-iguacu  C  -22.74  -43.47
15  Sao-goncalo  C  -22.84  -43.07
16  Sao-luis  C  -2.5  -44.3
17  Maceio  C  -9.65  -35.75
18  Duque-de-caxias  C  -22.77  -43.31
19  Natal  C  -5.8  -35.22
20  Sao-bernardo-do-campo  C  -23.71  -46.54
21  Teresina  C  -5.1  -42.8
22  Campo-grande  C  -20.45  -54.63
23  Osasco  C  -23.53  -46.78
24  Santo-andre  C  -23.65  -46.53
25  Jaboatao  C  -8.11  -35.02
26  Joao-pessoa  C  -7.12  -34.86
27  Contagem  T  -19.91  -44.1
28  Sao-jose-dos-campos  C  -23.2  -45.88
29  Ribeirao-preto  C  -21.17  -47.8
30  Sorocaba  C  -23.49  -47.47
31  Uberlandia  C  -18.9  -48.28
32  Cuiaba  C  -15.61  -56.09
33  Aracaju  C  -10.91  -37.07
34  Niteroi  C  -22.9  -43.13
35  Juiz-de-fora  C  -21.75  -43.36
36  Sao-joao-de-meriti  C  -22.8  -43.35
37  Belford-roxo  C  -22.75  -43.42
38  Feira-de-santana  C  -12.25  -38.97
39  Londrina  C  -23.3  -51.18
40  Joinville  C  -26.32  -48.84
41  Ananindeua  C  -1.38  -48.38
42  Santos  C  -23.95  -46.33
43  Aparecida-de-goiania  C  -16.82  -49.24
44  Campos  C  -21.75  -41.34
45  Diadema  C  -23.69  -46.61
46  Vila-velha  C  -20.32  -40.28
47  Maua  C  -23.66  -46.46
48  Florianopolis  C  -27.6  -48.54
49  Olinda  C  -8  -34.85
50  Sao-jose-do-rio-preto  C  -20.8  -49.39
51  Caxias-do-sul  C  -29.18  -51.17
52  Serra  C  -20.13  -40.32
53  Carapicuiba  C  -23.52  -46.84
54  Campina-grande  T  -7.23  -35.88
55  Betim  T  -19.97  -44.19
56  Piracicaba  C  -22.71  -47.64
57  Cariacica  C  -20.23  -40.37
58  Bauru  T  -22.33  -49.08
59  Macapa  C  0.04  -51.05
60  Canoas  C  -29.92  -51.18
61  Sao-vicente  C  -23.96  -46.39
62  Moji-das-cruzes  C  -23.52  -46.21
63  Jundiai  T  -23.2  -46.88
64  Montes-claros  C  -16.72  -43.86
65  Pelotas  C  -31.76  -52.34
66  Vitoria  C  -20.31  -40.31
67  Anapolis  C  -16.32  -48.96
68  Itaquaquecetuba  C  -23.47  -46.35
69  Porto-velho  C  -8.76  -63.91

DEMANDES
0 1 ( 0 47 1 ) ( 0 24 62 1 )
0 2 ( 0 3 2 ) ( 0 12 2 )
0 3 ( 0 12 3 ) ( 0 68 3 )
0 4 ( 0 12 4 ) ( 0 68 4 )
0 5 ( 0 12 5 ) ( 0 23 5 )
0 6 ( 0 24 6 ) ( 0 20 6 )
0 7 ( 0 13 7 ) ( 0 29 7 )
0 8 ( 0 3 8 ) ( 0 12 8 )
0 9 ( 0 12 9 ) ( 0 23 9 )
0 10 ( 0 60 10 ) ( 0 40 10 )
0 11 ( 0 31 11 ) ( 0 23 43 11 )
0 12 ( 0 47 12 ) ( 0 23 12 )
0 13 ( 0 12 13 ) ( 0 24 13 )
0 14 ( 0 47 14 ) ( 0 20 24 14 )
0 15 ( 0 62 15 ) ( 0 18 15 )
0 16 ( 0 12 16 ) ( 0 23 16 )
0 17 ( 0 3 17 ) ( 0 2 17 )
0 18 ( 0 12 18 ) ( 0 37 18 )
0 19 ( 0 38 19 ) ( 0 12 19 )
0 20 ( 0 45 20 ) ( 0 47 20 )
0 21 ( 0 68 21 ) ( 0 23 21 )
0 22 ( 0 23 22 ) ( 0 56 22 )
0 23 ( 0 45 23 ) ( 0 24 23 )
0 24 ( 0 47 24 ) ( 0 45 20 24 )
0 25 ( 0 3 25 ) ( 0 17 25 )
0 28 ( 0 12 28 ) ( 0 68 28 )
0 29 ( 0 13 29 ) ( 0 53 29 )
0 30 ( 0 45 30 ) ( 0 24 23 30 )
0 31 ( 0 29 31 ) ( 0 56 31 )
0 32 ( 0 53 32 ) ( 0 23 13 32 )
0 33 ( 0 2 33 ) ( 0 68 33 )
0 34 ( 0 1 34 ) ( 0 68 34 )
0 35 ( 0 12 35 ) ( 0 68 35 )
0 36 ( 0 68 36 ) ( 0 62 36 )
0 37 ( 0 68 37 ) ( 0 12 37 )
0 38 ( 0 12 38 ) ( 0 28 38 )
0 39 ( 0 53 39 ) ( 0 23 39 )
0 40 ( 0 47 45 40 ) ( 0 12 40 )
0 42 ( 0 12 42 ) ( 0 23 42 )
0 43 ( 0 29 43 ) ( 0 13 31 43 )
0 44 ( 0 12 44 ) ( 0 68 44 )
0 45 ( 0 47 45 ) ( 0 53 23 45 )
0 46 ( 0 12 46 ) ( 0 28 46 )
0 47 ( 0 45 47 ) ( 0 62 68 47 )
0 48 ( 0 23 48 ) ( 0 47 48 )
0 50 ( 0 56 50 ) ( 0 53 50 )
0 51 ( 0 40 51 ) ( 0 53 51 )
0 52 ( 0 35 52 ) ( 0 12 52 )
0 53 ( 0 23 53 ) ( 0 24 53 )
0 56 ( 0 12 56 ) ( 0 45 23 53 56 )
0 57 ( 0 66 57 ) ( 0 24 57 )
0 60 ( 0 53 60 ) ( 0 20 60 )
0 61 ( 0 20 61 ) ( 0 47 61 )
0 62 ( 0 20 62 ) ( 0 53 62 )
0 64 ( 0 68 64 ) ( 0 23 64 )
0 65 ( 0 60 65 ) ( 0 40 65 )
0 66 ( 0 12 66 ) ( 0 28 66 )
0 67 ( 0 31 67 ) ( 0 29 67 )
0 68 ( 0 47 68 ) ( 0 20 68 )
1 2 ( 1 18 2 ) ( 1 36 2 )
1 3 ( 1 35 3 ) ( 1 18 3 )
1 4 ( 1 34 4 ) ( 1 14 4 )
1 5 ( 1 18 5 ) ( 1 14 5 )
1 6 ( 1 20 6 ) ( 1 36 6 )
1 8 ( 1 17 8 ) ( 1 15 8 )
1 10 ( 1 48 10 ) ( 1 60 10 )
1 11 ( 1 18 11 ) ( 1 14 11 )
1 12 ( 1 62 12 ) ( 1 36 68 12 )
1 13 ( 1 36 13 ) ( 1 28 13 )
1 14 ( 1 18 14 ) ( 1 15 14 )
1 15 ( 1 34 15 ) ( 1 18 37 15 )
1 18 ( 1 36 18 ) ( 1 34 18 )
1 20 ( 1 47 20 ) ( 1 24 20 )
1 23 ( 1 12 23 ) ( 1 0 23 )
1 24 ( 1 36 24 ) ( 1 14 24 )
1 28 ( 1 36 28 ) ( 1 14 28 )
1 29 ( 1 36 14 29 ) ( 1 15 29 )
1 30 ( 1 28 30 ) ( 1 12 30 )
1 31 ( 1 36 37 31 ) ( 1 34 31 )
1 34 ( 1 18 34 ) ( 1 14 34 )
1 35 ( 1 18 35 ) ( 1 34 35 )
1 36 ( 1 18 36 ) ( 1 34 36 )
1 37 ( 1 18 37 ) ( 1 34 37 )
1 39 ( 1 13 39 ) ( 1 30 39 )
1 40 ( 1 34 40 ) ( 1 14 40 )
1 42 ( 1 18 37 42 ) ( 1 28 42 )
1 44 ( 1 34 44 ) ( 1 18 44 )
1 45 ( 1 47 24 45 ) ( 1 62 45 )
1 46 ( 1 34 46 ) ( 1 44 46 )
1 47 ( 1 62 47 ) ( 1 14 28 47 )
1 50 ( 1 36 50 ) ( 1 37 50 )
1 52 ( 1 34 52 ) ( 1 44 52 )
1 53 ( 1 23 53 ) ( 1 28 12 53 )
1 56 ( 1 13 56 ) ( 1 36 56 )
1 57 ( 1 66 57 ) ( 1 44 57 )
1 61 ( 1 42 61 ) ( 1 18 61 )
1 62 ( 1 28 62 ) ( 1 37 62 )
1 66 ( 1 44 66 ) ( 1 18 66 )
1 68 ( 1 62 68 ) ( 1 37 68 )
2 3 ( 2 38 3 ) ( 2 66 3 )
2 4 ( 2 38 4 ) ( 2 17 25 4 )
2 5 ( 2 38 5 ) ( 2 11 5 )
2 8 ( 2 33 8 ) ( 2 25 8 )
2 17 ( 2 33 17 ) ( 2 38 17 )
2 33 ( 2 38 33 ) ( 2 17 33 )
2 38 ( 2 17 38 ) ( 2 26 38 )
3 5 ( 3 31 5 ) ( 3 43 5 )
3 12 ( 3 28 12 ) ( 3 62 68 12 )
3 13 ( 3 12 13 ) ( 3 68 13 )
3 14 ( 3 35 14 ) ( 3 15 14 )
3 15 ( 3 35 15 ) ( 3 18 15 )
3 18 ( 3 35 18 ) ( 3 14 18 )
3 35 ( 3 14 35 ) ( 3 37 35 )
4 8 ( 4 25 8 ) ( 4 26 49 8 )
5 11 ( 5 67 31 43 11 ) ( 5 50 11 )
5 43 ( 5 67 43 ) ( 5 64 43 )
5 67 ( 5 64 67 ) ( 5 50 67 )
6 12 ( 6 0 12 ) ( 6 45 12 )
6 40 ( 6 30 40 ) ( 6 23 40 )
8 17 ( 8 25 17 ) ( 8 49 17 )
8 25 ( 8 49 25 ) ( 8 26 25 )
8 26 ( 8 25 26 ) ( 8 17 26 )
8 49 ( 8 17 49 ) ( 8 33 17 25 49 )
9 41 ( 9 16 41 ) ( 9 19 41 )
10 51 ( 10 48 51 ) ( 10 40 51 )
10 60 ( 10 65 60 ) ( 10 6 60 )
12 13 ( 12 68 13 ) ( 12 24 13 )
12 20 ( 12 24 20 ) ( 12 47 20 )
12 23 ( 12 24 20 23 ) ( 12 68 23 )
12 24 ( 12 47 24 ) ( 12 68 24 )
12 28 ( 12 68 62 28 ) ( 12 47 24 28 )
12 30 ( 12 23 30 ) ( 12 0 23 53 30 )
12 42 ( 12 47 42 ) ( 12 24 42 )
13 20 ( 13 0 20 ) ( 13 53 24 20 )
13 23 ( 13 53 23 ) ( 13 0 23 )
13 24 ( 13 20 24 ) ( 13 47 24 )
13 30 ( 13 23 30 ) ( 13 24 23 53 30 )
14 15 ( 14 37 15 ) ( 14 18 15 )
14 18 ( 14 37 18 ) ( 14 1 18 )
15 18 ( 15 34 18 ) ( 15 36 37 14 18 )

EOF