DIMENSIONS
70 sommetsG2
65 sommetsG1
85 dem

SOMMETS
0  Paris  C  48.86  2.34
1  Marseille  C  43.31  5.37
2  Lyon  C  45.76  4.83
3  Toulouse  C  43.62  1.45
4  Nice  C  43.7  7.27
5  Nantes  C  47.23  -1.57
6  Strasbourg  C  48.58  7.76
7  Montpellier  C  43.61  3.87
8  Bordeaux  C  44.84  -0.58
9  Rennes  C  48.11  -1.68
10  Le-havre  C  49.5  0.12
11  Reims  C  49.25  4.03
12  Lille  C  50.64  3.07
13  Saint-etienne  C  45.43  4.39
14  Toulon  C  43.13  5.92
15  Grenoble  C  45.19  5.72
16  Angers  C  47.48  -0.54
17  Brest  C  48.39  -4.5
18  Le-mans  C  48  0.2
19  Dijon  C  47.33  5.03
20  Aix-en-provence  C  43.53  5.44
21  Clermont-ferrand  C  45.78  3.08
22  Nimes  C  43.84  4.35
23  Amiens  C  49.9  2.3
24  Tours  C  47.38  0.69
25  Limoges  C  45.83  1.25
26  Metz  C  49.12  6.18
27  Villeurbanne  T  45.77  4.88
28  Besancon  C  47.24  6.02
29  Caen  C  49.19  -0.36
30  Orleans  C  47.9  1.9
31  Mulhouse  C  47.76  7.34
32  Perpignan  C  42.7  2.89
33  Boulogne-billancourt  C  48.83  2.24
34  Rouen  C  49.44  1.08
35  Nancy  C  48.69  6.17
36  Roubaix  C  50.69  3.17
37  Tourcoing  C  50.72  3.16
38  Argenteuil  C  48.94  2.24
39  Avignon  C  43.96  4.81
40  Montreuil  C  48.86  2.43
41  Nanterre  C  48.9  2.2
42  Poitiers  C  46.58  0.34
43  Saint-denis  C  48.94  2.36
44  Versailles  C  48.81  2.14
45  Creteil  C  48.79  2.45
46  Pau  C  43.3  -0.39
47  La-rochelle  C  46.17  -1.18
48  Colombes  C  48.93  2.25
49  Asnieres-sur-seine  C  48.91  2.29
50  Calais  C  50.95  1.86
51  Aulnay-sous-bois  C  48.96  2.49
52  Vitry-sur-seine  C  48.79  2.39
53  Rueil-malmaison  C  48.89  2.17
54  Champigny-sur-marne  T  48.82  2.51
55  Beziers  T  43.35  3.21
56  Saint-maur-des-fosses  C  48.8  2.49
57  Dunkerque  C  51.04  2.34
58  Antibes  T  43.6  7.12
59  Saint-nazaire  C  47.28  -2.22
60  Courbevoie  C  48.9  2.25
61  Bourges  C  47.08  2.39
62  Colmar  C  48.08  7.36
63  Valence  T  44.94  4.89
64  Cannes  C  43.56  7.02
65  Villeneuve-d'ascq  C  50.62  3.14
66  Quimper  C  47.99  -4.11
67  Merignac  C  44.87  -0.65
68  Antony  C  48.76  2.3
69  La-seyne-sur-mer  C  43.11  5.87

DEMANDES
0 1 ( 0 52 1 ) ( 0 13 1 )
0 2 ( 0 52 2 ) ( 0 49 2 )
0 3 ( 0 52 3 ) ( 0 30 3 )
0 4 ( 0 52 4 ) ( 0 15 4 )
0 5 ( 0 33 44 5 ) ( 0 16 5 )
0 6 ( 0 51 6 ) ( 0 43 6 )
0 7 ( 0 21 7 ) ( 0 68 7 )
0 8 ( 0 33 8 ) ( 0 44 8 )
0 9 ( 0 44 9 ) ( 0 53 9 )
0 10 ( 0 53 10 ) ( 0 48 10 )
0 11 ( 0 40 11 ) ( 0 51 11 )
0 12 ( 0 43 12 ) ( 0 51 12 )
0 13 ( 0 68 13 ) ( 0 52 40 13 )
0 14 ( 0 45 14 ) ( 0 52 45 13 14 )
0 15 ( 0 40 15 ) ( 0 68 15 )
0 16 ( 0 18 16 ) ( 0 68 16 )
0 17 ( 0 33 17 ) ( 0 44 17 )
0 18 ( 0 53 18 ) ( 0 60 18 )
0 19 ( 0 45 19 ) ( 0 52 19 )
0 20 ( 0 13 20 ) ( 0 45 20 )
0 21 ( 0 52 21 ) ( 0 68 21 )
0 22 ( 0 52 22 ) ( 0 68 22 )
0 23 ( 0 48 23 ) ( 0 38 23 )
0 24 ( 0 33 24 ) ( 0 53 24 )
0 25 ( 0 68 30 25 ) ( 0 44 25 )
0 26 ( 0 45 26 ) ( 0 52 56 26 )
0 28 ( 0 56 28 ) ( 0 52 28 )
0 29 ( 0 53 29 ) ( 0 60 41 29 )
0 30 ( 0 68 30 ) ( 0 33 30 )
0 31 ( 0 45 31 ) ( 0 43 31 )
0 32 ( 0 61 32 ) ( 0 52 32 )
0 33 ( 0 68 33 ) ( 0 41 33 )
0 34 ( 0 60 34 ) ( 0 44 34 )
0 35 ( 0 40 35 ) ( 0 56 35 )
0 36 ( 0 40 36 ) ( 0 38 36 )
0 37 ( 0 43 37 ) ( 0 12 37 )
0 38 ( 0 48 38 ) ( 0 49 38 )
0 39 ( 0 52 39 ) ( 0 56 39 )
0 40 ( 0 52 40 ) ( 0 43 40 )
0 41 ( 0 48 41 ) ( 0 60 49 41 )
0 42 ( 0 68 42 ) ( 0 33 42 )
0 43 ( 0 40 43 ) ( 0 48 43 )
0 44 ( 0 33 44 ) ( 0 49 44 )
0 45 ( 0 52 56 45 ) ( 0 43 45 )
0 46 ( 0 44 46 ) ( 0 49 46 )
0 47 ( 0 68 47 ) ( 0 44 47 )
0 48 ( 0 43 48 ) ( 0 41 48 )
0 49 ( 0 43 49 ) ( 0 41 49 )
0 50 ( 0 49 38 50 ) ( 0 23 50 )
0 51 ( 0 43 51 ) ( 0 56 51 )
0 52 ( 0 43 52 ) ( 0 33 52 )
0 53 ( 0 41 53 ) ( 0 33 53 )
0 56 ( 0 43 56 ) ( 0 49 45 56 )
0 57 ( 0 23 57 ) ( 0 49 57 )
0 59 ( 0 44 59 ) ( 0 18 59 )
0 60 ( 0 49 60 ) ( 0 33 60 )
0 61 ( 0 68 61 ) ( 0 52 61 )
0 62 ( 0 45 62 ) ( 0 40 51 62 )
0 65 ( 0 43 65 ) ( 0 51 65 )
0 67 ( 0 68 67 ) ( 0 30 67 )
0 68 ( 0 52 68 ) ( 0 33 68 )
1 2 ( 1 39 2 ) ( 1 13 2 )
1 3 ( 1 22 3 ) ( 1 39 3 )
1 4 ( 1 64 4 ) ( 1 39 4 )
1 6 ( 1 20 6 ) ( 1 28 6 )
1 7 ( 1 20 7 ) ( 1 22 39 7 )
1 13 ( 1 39 13 ) ( 1 20 13 )
1 14 ( 1 64 14 ) ( 1 20 22 14 )
1 15 ( 1 20 15 ) ( 1 14 15 )
1 20 ( 1 14 20 ) ( 1 69 14 39 20 )
1 21 ( 1 39 21 ) ( 1 22 21 )
1 22 ( 1 39 22 ) ( 1 20 22 )
1 32 ( 1 20 32 ) ( 1 22 32 )
1 39 ( 1 22 39 ) ( 1 14 39 )
1 64 ( 1 20 69 64 ) ( 1 4 64 )
1 69 ( 1 14 69 ) ( 1 64 69 )
2 3 ( 2 13 3 ) ( 2 21 3 )
2 4 ( 2 20 4 ) ( 2 14 4 )
2 7 ( 2 15 7 ) ( 2 22 32 7 )
2 13 ( 2 21 13 ) ( 2 7 13 )
2 15 ( 2 13 15 ) ( 2 22 39 15 )
2 19 ( 2 13 19 ) ( 2 21 19 )
3 7 ( 3 39 7 ) ( 3 46 7 )
5 9 ( 5 16 9 ) ( 5 47 9 )
5 16 ( 5 59 16 ) ( 5 47 16 )

EOF