DIMENSIONS
14 sommetsG2
12 sommetsG1
40 dem

SOMMETS
0  Paris  C  48.86  2.34
1  Marseille  C  43.31  5.37
2  Lyon  C  45.76  4.83
3  Toulouse  C  43.62  1.45
4  Nice  C  43.7  7.27
5  Nantes  T  47.23  -1.57
6  Strasbourg  C  48.58  7.76
7  Montpellier  C  43.61  3.87
8  Bordeaux  C  44.84  -0.58
9  Rennes  C  48.11  -1.68
10  Le-havre  C  49.5  0.12
11  Reims  T  49.25  4.03
12  Lille  C  50.64  3.07
13  Saint-etienne  C  45.43  4.39

DEMANDES
0 1 ( 0 13 1 ) ( 0 2 1 )
0 2 ( 0 13 2 ) ( 0 10 2 )
0 3 ( 0 2 13 3 ) ( 0 1 3 )
0 4 ( 0 2 1 4 ) ( 0 12 4 )
0 6 ( 0 2 13 6 ) ( 0 4 6 )
0 7 ( 0 13 7 ) ( 0 3 7 )
0 8 ( 0 9 8 ) ( 0 12 8 )
0 9 ( 0 10 9 ) ( 0 12 9 )
0 10 ( 0 9 10 ) ( 0 13 10 )
0 12 ( 0 6 12 ) ( 0 3 12 )
0 13 ( 0 7 13 ) ( 0 3 13 )
1 2 ( 1 7 2 ) ( 1 4 13 2 )
1 3 ( 1 4 3 ) ( 1 8 3 )
1 4 ( 1 3 4 ) ( 1 2 3 7 4 )
1 6 ( 1 13 6 ) ( 1 7 6 )
1 7 ( 1 4 7 ) ( 1 3 13 7 )
1 8 ( 1 2 8 ) ( 1 4 8 )
1 9 ( 1 7 9 ) ( 1 13 2 9 )
1 10 ( 1 9 10 ) ( 1 12 10 )
1 12 ( 1 2 12 ) ( 1 0 12 )
1 13 ( 1 2 13 ) ( 1 7 13 )
2 3 ( 2 13 3 ) ( 2 1 3 )
2 4 ( 2 13 4 ) ( 2 1 4 )
2 6 ( 2 13 6 ) ( 2 7 6 )
2 7 ( 2 1 7 ) ( 2 13 3 7 )
2 8 ( 2 13 8 ) ( 2 3 8 )
2 9 ( 2 0 9 ) ( 2 10 9 )
2 10 ( 2 0 10 ) ( 2 7 10 )
2 12 ( 2 0 12 ) ( 2 10 12 )
2 13 ( 2 7 13 ) ( 2 3 13 )
3 4 ( 3 7 4 ) ( 3 1 4 )
3 7 ( 3 1 7 ) ( 3 8 7 )
3 8 ( 3 7 8 ) ( 3 9 8 )
3 9 ( 3 8 9 ) ( 3 0 9 )
3 13 ( 3 2 13 ) ( 3 1 13 )
4 6 ( 4 2 6 ) ( 4 1 6 )
4 7 ( 4 1 7 ) ( 4 13 7 )
4 13 ( 4 6 13 ) ( 4 3 7 13 )
7 13 ( 7 1 13 ) ( 7 0 13 )
9 10 ( 9 12 10 ) ( 9 3 8 10 )

EOF