DIMENSIONS
10 sommetsG2
8 sommetsG1
18 dem

SOMMETS
0  Paris  C  48.86  2.34
1  Marseille  C  43.31  5.37
2  Lyon  C  45.76  4.83
3  Toulouse  T  43.62  1.45
4  Nice  C  43.7  7.27
5  Nantes  C  47.23  -1.57
6  Strasbourg  C  48.58  7.76
7  Montpellier  C  43.61  3.87
8  Bordeaux  T  44.84  -0.58
9  Rennes  C  48.11  -1.68

DEMANDES
0 1 ( 0 2 1 ) ( 0 7 1 )
0 2 ( 0 7 2 ) ( 0 6 2 )
0 4 ( 0 1 4 ) ( 0 5 4 )
0 5 ( 0 9 5 ) ( 0 2 5 )
0 6 ( 0 2 6 ) ( 0 1 6 )
0 7 ( 0 2 7 ) ( 0 6 7 )
0 9 ( 0 7 9 ) ( 0 1 5 9 )
1 2 ( 1 4 2 ) ( 1 2 )
1 4 ( 1 2 4 ) ( 1 0 2 7 4 )
1 5 ( 1 7 5 ) ( 1 0 2 5 )
1 6 ( 1 2 6 ) ( 1 7 9 6 )
1 7 ( 1 0 7 ) ( 1 6 7 )
1 9 ( 1 7 9 ) ( 1 5 9 )
2 4 ( 2 1 4 ) ( 2 6 5 4 )
2 6 ( 2 4 6 ) ( 2 1 6 )
2 7 ( 2 1 7 ) ( 2 4 7 )
4 7 ( 4 2 7 ) ( 4 6 1 7 )
5 9 ( 5 0 9 ) ( 5 2 9 )

EOF