DIMENSIONS
20 sommetsG2
18 sommetsG1
120 dem

SOMMETS
0  Paris  C  48.86  2.34
1  Marseille  C  43.31  5.37
2  Lyon  C  45.76  4.83
3  Toulouse  C  43.62  1.45
4  Nice  C  43.7  7.27
5  Nantes  C  47.23  -1.57
6  Strasbourg  C  48.58  7.76
7  Montpellier  T  43.61  3.87
8  Bordeaux  C  44.84  -0.58
9  Rennes  C  48.11  -1.68
10  Le-havre  C  49.5  0.12
11  Reims  C  49.25  4.03
12  Lille  C  50.64  3.07
13  Saint-etienne  C  45.43  4.39
14  Toulon  C  43.13  5.92
15  Grenoble  C  45.19  5.72
16  Angers  T  47.48  -0.54
17  Brest  C  48.39  -4.5
18  Le-mans  C  48  0.2
19  Dijon  C  47.33  5.03

DEMANDES
0 1 ( 0 13 1 ) ( 0 2 1 )
0 2 ( 0 19 2 ) ( 0 15 2 )
0 3 ( 0 11 3 ) ( 0 18 8 3 )
0 4 ( 0 2 4 ) ( 0 19 4 )
0 5 ( 0 18 5 ) ( 0 10 9 5 )
0 6 ( 0 11 6 ) ( 0 19 6 )
0 8 ( 0 18 8 ) ( 0 5 8 )
0 9 ( 0 18 9 ) ( 0 19 9 )
0 10 ( 0 18 10 ) ( 0 12 10 )
0 11 ( 0 12 11 ) ( 0 19 11 )
0 12 ( 0 10 12 ) ( 0 2 12 )
0 13 ( 0 11 13 ) ( 0 10 13 )
0 14 ( 0 13 14 ) ( 0 1 14 )
0 15 ( 0 19 15 ) ( 0 2 13 15 )
0 17 ( 0 18 5 17 ) ( 0 9 10 17 )
0 18 ( 0 12 18 ) ( 0 10 9 18 )
0 19 ( 0 11 19 ) ( 0 2 19 )
1 2 ( 1 15 2 ) ( 1 14 2 )
1 3 ( 1 14 3 ) ( 1 15 3 )
1 4 ( 1 14 4 ) ( 1 2 15 4 )
1 5 ( 1 13 5 ) ( 1 8 5 )
1 6 ( 1 14 6 ) ( 1 4 6 )
1 8 ( 1 14 8 ) ( 1 13 8 )
1 9 ( 1 5 9 ) ( 1 13 9 )
1 10 ( 1 2 10 ) ( 1 0 10 )
1 11 ( 1 13 11 ) ( 1 19 11 )
1 12 ( 1 2 12 ) ( 1 13 12 )
1 13 ( 1 2 13 ) ( 1 15 13 )
1 14 ( 1 15 14 ) ( 1 2 13 14 )
1 15 ( 1 2 15 ) ( 1 13 15 )
1 17 ( 1 9 17 ) ( 1 8 17 )
1 18 ( 1 13 18 ) ( 1 2 18 )
1 19 ( 1 15 19 ) ( 1 13 19 )
2 3 ( 2 1 3 ) ( 2 13 15 3 )
2 4 ( 2 13 4 ) ( 2 14 4 )
2 5 ( 2 15 5 ) ( 2 0 9 5 )
2 6 ( 2 15 6 ) ( 2 13 6 )
2 8 ( 2 3 8 ) ( 2 18 8 )
2 9 ( 2 18 9 ) ( 2 13 18 5 9 )
2 10 ( 2 0 10 ) ( 2 13 10 )
2 11 ( 2 13 11 ) ( 2 15 11 )
2 12 ( 2 15 11 12 ) ( 2 6 12 )
2 13 ( 2 14 13 ) ( 2 1 15 13 )
2 14 ( 2 1 14 ) ( 2 15 19 14 )
2 15 ( 2 13 19 15 ) ( 2 4 15 )
2 17 ( 2 13 17 ) ( 2 5 9 17 )
2 18 ( 2 19 18 ) ( 2 11 18 )
2 19 ( 2 13 19 ) ( 2 15 19 )
3 4 ( 3 1 4 ) ( 3 14 4 )
3 5 ( 3 8 5 ) ( 3 18 5 )
3 6 ( 3 2 6 ) ( 3 1 6 )
3 8 ( 3 5 8 ) ( 3 13 8 )
3 9 ( 3 5 9 ) ( 3 18 9 )
3 10 ( 3 8 10 ) ( 3 5 9 10 )
3 11 ( 3 13 11 ) ( 3 19 11 )
3 12 ( 3 0 12 ) ( 3 11 12 )
3 13 ( 3 15 2 13 ) ( 3 1 13 )
3 14 ( 3 1 14 ) ( 3 13 14 )
3 15 ( 3 14 15 ) ( 3 19 15 )
3 17 ( 3 5 17 ) ( 3 9 17 )
3 18 ( 3 9 18 ) ( 3 0 18 )
3 19 ( 3 13 19 ) ( 3 2 19 )
4 5 ( 4 15 5 ) ( 4 2 5 )
4 6 ( 4 15 6 ) ( 4 14 6 )
4 8 ( 4 1 8 ) ( 4 14 8 )
4 9 ( 4 2 9 ) ( 4 5 9 )
4 10 ( 4 2 10 ) ( 4 0 10 )
4 11 ( 4 15 11 ) ( 4 2 11 )
4 12 ( 4 19 12 ) ( 4 15 12 )
4 13 ( 4 15 13 ) ( 4 2 13 )
4 14 ( 4 1 14 ) ( 4 2 14 )
4 15 ( 4 14 15 ) ( 4 2 15 )
4 18 ( 4 13 18 ) ( 4 15 18 )
4 19 ( 4 2 19 ) ( 4 13 19 )
5 6 ( 5 0 6 ) ( 5 13 6 )
5 8 ( 5 3 8 ) ( 5 10 9 8 )
5 9 ( 5 18 9 ) ( 5 10 9 )
5 10 ( 5 0 10 ) ( 5 8 10 )
5 11 ( 5 18 11 ) ( 5 12 11 )
5 12 ( 5 18 12 ) ( 5 9 12 )
5 13 ( 5 9 13 ) ( 5 8 13 )
5 15 ( 5 18 15 ) ( 5 9 15 )
5 17 ( 5 9 17 ) ( 5 18 17 )
5 18 ( 5 10 9 18 ) ( 5 12 18 )
5 19 ( 5 0 19 ) ( 5 9 19 )
6 8 ( 6 13 8 ) ( 6 15 8 )
6 9 ( 6 18 9 ) ( 6 11 9 )
6 10 ( 6 11 10 ) ( 6 12 10 )
6 11 ( 6 12 11 ) ( 6 2 11 )
6 12 ( 6 11 12 ) ( 6 19 12 )
6 13 ( 6 19 13 ) ( 6 15 13 )
6 14 ( 6 4 14 ) ( 6 11 14 )
6 15 ( 6 2 15 ) ( 6 13 15 )
6 19 ( 6 15 19 ) ( 6 13 19 )
8 9 ( 8 18 9 ) ( 8 5 10 9 )
8 10 ( 8 5 10 ) ( 8 9 10 )
8 11 ( 8 0 11 ) ( 8 18 11 )
8 13 ( 8 19 13 ) ( 8 0 13 )
8 17 ( 8 5 17 ) ( 8 9 17 )
8 18 ( 8 5 18 ) ( 8 3 18 )
9 10 ( 9 0 18 10 ) ( 9 8 10 )
9 11 ( 9 0 11 ) ( 9 18 11 )
9 12 ( 9 18 12 ) ( 9 5 0 12 )
9 17 ( 9 5 17 ) ( 9 10 17 )
9 18 ( 9 5 18 ) ( 9 8 18 )
10 11 ( 10 0 11 ) ( 10 12 11 )
10 12 ( 10 9 12 ) ( 10 5 12 )
10 18 ( 10 9 18 ) ( 10 0 18 )
11 12 ( 11 10 12 ) ( 11 6 12 )
11 13 ( 11 15 2 13 ) ( 11 6 13 )
11 15 ( 11 19 15 ) ( 11 2 15 )
11 18 ( 11 0 18 ) ( 11 5 18 )
11 19 ( 11 0 19 ) ( 11 12 19 )
12 18 ( 12 0 18 ) ( 12 10 18 )
12 19 ( 12 0 19 ) ( 12 13 19 )
13 14 ( 13 1 14 ) ( 13 2 14 )
13 15 ( 13 2 15 ) ( 13 19 15 )
13 19 ( 13 11 19 ) ( 13 1 19 )
14 15 ( 14 13 15 ) ( 14 1 4 15 )
15 19 ( 15 2 19 ) ( 15 13 19 )

EOF