DIMENSIONS
30 sommetsG2
25 sommetsG1
30 dem

SOMMETS
0  Paris  C  48.86  2.34
1  Marseille  C  43.31  5.37
2  Lyon  C  45.76  4.83
3  Toulouse  C  43.62  1.45
4  Nice  C  43.7  7.27
5  Nantes  T  47.23  -1.57
6  Strasbourg  C  48.58  7.76
7  Montpellier  C  43.61  3.87
8  Bordeaux  C  44.84  -0.58
9  Rennes  C  48.11  -1.68
10  Le-havre  C  49.5  0.12
11  Reims  T  49.25  4.03
12  Lille  C  50.64  3.07
13  Saint-etienne  C  45.43  4.39
14  Toulon  C  43.13  5.92
15  Grenoble  C  45.19  5.72
16  Angers  C  47.48  -0.54
17  Brest  C  48.39  -4.5
18  Le-mans  C  48  0.2
19  Dijon  C  47.33  5.03
20  Aix-en-provence  C  43.53  5.44
21  Clermont-ferrand  C  45.78  3.08
22  Nimes  C  43.84  4.35
23  Amiens  T  49.9  2.3
24  Tours  C  47.38  0.69
25  Limoges  T  45.83  1.25
26  Metz  C  49.12  6.18
27  Villeurbanne  T  45.77  4.88
28  Besancon  C  47.24  6.02
29  Caen  C  49.19  -0.36

DEMANDES
0 1 ( 0 13 1 ) ( 0 21 1 )
0 2 ( 0 13 2 ) ( 0 19 2 )
0 3 ( 0 24 3 ) ( 0 18 3 )
0 4 ( 0 15 4 ) ( 0 28 4 )
0 6 ( 0 19 26 6 ) ( 0 2 6 )
0 7 ( 0 13 7 ) ( 0 19 7 )
0 8 ( 0 24 8 ) ( 0 18 16 8 )
0 9 ( 0 10 9 ) ( 0 24 9 )
0 10 ( 0 29 10 ) ( 0 18 10 )
0 12 ( 0 29 12 ) ( 0 16 10 12 )
0 13 ( 0 21 13 ) ( 0 15 13 )
0 15 ( 0 19 15 ) ( 0 13 15 )
0 16 ( 0 18 16 ) ( 0 24 16 )
0 18 ( 0 24 18 ) ( 0 10 16 18 )
0 19 ( 0 2 19 ) ( 0 21 19 )
0 21 ( 0 13 21 ) ( 0 2 21 )
0 22 ( 0 13 2 22 ) ( 0 19 22 )
0 24 ( 0 10 24 ) ( 0 29 18 24 )
0 26 ( 0 19 26 ) ( 0 28 26 )
0 28 ( 0 19 28 ) ( 0 12 28 )
0 29 ( 0 10 29 ) ( 0 24 29 )
1 2 ( 1 20 2 ) ( 1 15 2 )
1 3 ( 1 20 7 3 ) ( 1 21 13 3 )
1 4 ( 1 14 4 ) ( 1 15 4 )
1 7 ( 1 22 7 ) ( 1 13 7 )
1 14 ( 1 22 14 ) ( 1 4 14 )
1 15 ( 1 20 15 ) ( 1 22 15 )
1 20 ( 1 14 20 ) ( 1 13 20 )
1 22 ( 1 7 22 ) ( 1 14 22 )
2 13 ( 2 15 13 ) ( 2 22 13 )

EOF