DIMENSIONS
40 sommetsG2
35 sommetsG1
60 dem

SOMMETS
0  Paris  C  48.86  2.34
1  Marseille  C  43.31  5.37
2  Lyon  C  45.76  4.83
3  Toulouse  C  43.62  1.45
4  Nice  C  43.7  7.27
5  Nantes  C  47.23  -1.57
6  Strasbourg  C  48.58  7.76
7  Montpellier  T  43.61  3.87
8  Bordeaux  C  44.84  -0.58
9  Rennes  C  48.11  -1.68
10  Le-havre  C  49.5  0.12
11  Reims  C  49.25  4.03
12  Lille  C  50.64  3.07
13  Saint-etienne  C  45.43  4.39
14  Toulon  C  43.13  5.92
15  Grenoble  T  45.19  5.72
16  Angers  C  47.48  -0.54
17  Brest  C  48.39  -4.5
18  Le-mans  C  48  0.2
19  Dijon  C  47.33  5.03
20  Aix-en-provence  C  43.53  5.44
21  Clermont-ferrand  C  45.78  3.08
22  Nimes  C  43.84  4.35
23  Amiens  C  49.9  2.3
24  Tours  C  47.38  0.69
25  Limoges  C  45.83  1.25
26  Metz  C  49.12  6.18
27  Villeurbanne  C  45.77  4.88
28  Besancon  C  47.24  6.02
29  Caen  C  49.19  -0.36
30  Orleans  C  47.9  1.9
31  Mulhouse  T  47.76  7.34
32  Perpignan  C  42.7  2.89
33  Boulogne-billancourt  T  48.83  2.24
34  Rouen  C  49.44  1.08
35  Nancy  C  48.69  6.17
36  Roubaix  T  50.69  3.17
37  Tourcoing  C  50.72  3.16
38  Argenteuil  C  48.94  2.24
39  Avignon  C  43.96  4.81

DEMANDES
0 1 ( 0 13 1 ) ( 0 20 1 )
0 2 ( 0 27 2 ) ( 0 38 2 )
0 3 ( 0 38 30 3 ) ( 0 24 3 )
0 4 ( 0 2 4 ) ( 0 30 4 )
0 5 ( 0 18 5 ) ( 0 38 5 )
0 6 ( 0 11 6 ) ( 0 26 35 6 )
0 8 ( 0 30 8 ) ( 0 38 8 )
0 9 ( 0 38 9 ) ( 0 18 9 )
0 10 ( 0 38 10 ) ( 0 34 10 )
0 11 ( 0 12 11 ) ( 0 34 11 )
0 12 ( 0 38 12 ) ( 0 11 12 )
0 13 ( 0 38 13 ) ( 0 21 13 )
0 14 ( 0 13 14 ) ( 0 20 14 )
0 16 ( 0 29 16 ) ( 0 23 16 )
0 17 ( 0 38 17 ) ( 0 30 17 )
0 18 ( 0 30 18 ) ( 0 38 34 18 )
0 19 ( 0 11 19 ) ( 0 2 19 )
0 20 ( 0 2 20 ) ( 0 27 20 )
0 21 ( 0 38 21 ) ( 0 30 21 )
0 22 ( 0 13 22 ) ( 0 30 21 22 )
0 23 ( 0 34 23 ) ( 0 30 38 23 )
0 24 ( 0 30 24 ) ( 0 34 24 )
0 25 ( 0 30 25 ) ( 0 38 25 )
0 26 ( 0 38 26 ) ( 0 35 26 )
0 27 ( 0 13 27 ) ( 0 21 27 )
0 28 ( 0 19 28 ) ( 0 38 28 )
0 29 ( 0 38 29 ) ( 0 34 29 )
0 30 ( 0 23 30 ) ( 0 34 30 )
0 32 ( 0 21 32 ) ( 0 30 32 )
0 34 ( 0 23 34 ) ( 0 30 34 )
0 35 ( 0 38 35 ) ( 0 26 35 )
0 37 ( 0 12 37 ) ( 0 23 37 )
0 38 ( 0 30 38 ) ( 0 12 23 38 )
0 39 ( 0 21 39 ) ( 0 22 39 )
1 2 ( 1 20 2 ) ( 1 13 2 )
1 3 ( 1 39 3 ) ( 1 20 32 3 )
1 4 ( 1 14 4 ) ( 1 22 4 )
1 5 ( 1 20 25 5 ) ( 1 21 5 )
1 6 ( 1 20 6 ) ( 1 28 6 )
1 8 ( 1 3 8 ) ( 1 39 8 )
1 13 ( 1 20 13 ) ( 1 22 13 )
1 14 ( 1 39 14 ) ( 1 4 14 )
1 19 ( 1 2 19 ) ( 1 39 19 )
1 20 ( 1 39 22 20 ) ( 1 2 20 )
1 21 ( 1 2 21 ) ( 1 14 21 )
1 22 ( 1 39 22 ) ( 1 13 22 )
1 27 ( 1 20 27 ) ( 1 39 27 )
1 32 ( 1 39 22 32 ) ( 1 14 32 )
1 39 ( 1 20 39 ) ( 1 14 22 39 )
2 3 ( 2 13 3 ) ( 2 21 3 )
2 4 ( 2 27 13 4 ) ( 2 20 4 )
2 13 ( 2 19 13 ) ( 2 27 28 13 )
2 19 ( 2 27 19 ) ( 2 28 19 )
2 21 ( 2 39 21 ) ( 2 19 27 21 )
2 22 ( 2 20 39 22 ) ( 2 21 22 )
2 27 ( 2 39 13 27 ) ( 2 20 27 )
3 8 ( 3 21 8 ) ( 3 24 8 )
4 14 ( 4 1 14 ) ( 4 2 14 )
5 9 ( 5 16 9 ) ( 5 18 9 )
5 16 ( 5 18 16 ) ( 5 10 16 )

EOF