DIMENSIONS
40 sommetsG2
35 sommetsG1
140 dem

SOMMETS
0  Paris  C  48.86  2.34
1  Marseille  C  43.31  5.37
2  Lyon  C  45.76  4.83
3  Toulouse  C  43.62  1.45
4  Nice  C  43.7  7.27
5  Nantes  C  47.23  -1.57
6  Strasbourg  C  48.58  7.76
7  Montpellier  T  43.61  3.87
8  Bordeaux  C  44.84  -0.58
9  Rennes  C  48.11  -1.68
10  Le-havre  C  49.5  0.12
11  Reims  C  49.25  4.03
12  Lille  C  50.64  3.07
13  Saint-etienne  C  45.43  4.39
14  Toulon  C  43.13  5.92
15  Grenoble  T  45.19  5.72
16  Angers  C  47.48  -0.54
17  Brest  C  48.39  -4.5
18  Le-mans  C  48  0.2
19  Dijon  C  47.33  5.03
20  Aix-en-provence  C  43.53  5.44
21  Clermont-ferrand  C  45.78  3.08
22  Nimes  C  43.84  4.35
23  Amiens  C  49.9  2.3
24  Tours  C  47.38  0.69
25  Limoges  C  45.83  1.25
26  Metz  C  49.12  6.18
27  Villeurbanne  C  45.77  4.88
28  Besancon  C  47.24  6.02
29  Caen  C  49.19  -0.36
30  Orleans  C  47.9  1.9
31  Mulhouse  T  47.76  7.34
32  Perpignan  C  42.7  2.89
33  Boulogne-billancourt  T  48.83  2.24
34  Rouen  C  49.44  1.08
35  Nancy  C  48.69  6.17
36  Roubaix  T  50.69  3.17
37  Tourcoing  C  50.72  3.16
38  Argenteuil  C  48.94  2.24
39  Avignon  C  43.96  4.81

DEMANDES
0 1 ( 0 13 1 ) ( 0 20 1 )
0 2 ( 0 27 2 ) ( 0 38 2 )
0 3 ( 0 38 30 3 ) ( 0 24 3 )
0 4 ( 0 2 4 ) ( 0 30 4 )
0 5 ( 0 18 5 ) ( 0 38 5 )
0 6 ( 0 11 6 ) ( 0 26 35 6 )
0 8 ( 0 30 8 ) ( 0 38 8 )
0 9 ( 0 38 9 ) ( 0 18 9 )
0 10 ( 0 38 10 ) ( 0 34 10 )
0 11 ( 0 12 11 ) ( 0 34 11 )
0 12 ( 0 38 12 ) ( 0 11 12 )
0 13 ( 0 38 13 ) ( 0 21 13 )
0 14 ( 0 13 14 ) ( 0 20 14 )
0 16 ( 0 29 16 ) ( 0 23 16 )
0 17 ( 0 38 17 ) ( 0 30 17 )
0 18 ( 0 30 18 ) ( 0 38 34 18 )
0 19 ( 0 11 19 ) ( 0 2 19 )
0 20 ( 0 2 20 ) ( 0 27 20 )
0 21 ( 0 38 21 ) ( 0 30 21 )
0 22 ( 0 13 22 ) ( 0 30 21 22 )
0 23 ( 0 34 23 ) ( 0 30 38 23 )
0 24 ( 0 30 24 ) ( 0 34 24 )
0 25 ( 0 30 25 ) ( 0 38 25 )
0 26 ( 0 38 26 ) ( 0 35 26 )
0 27 ( 0 13 27 ) ( 0 21 27 )
0 28 ( 0 19 28 ) ( 0 38 28 )
0 29 ( 0 38 29 ) ( 0 34 29 )
0 30 ( 0 23 30 ) ( 0 34 30 )
0 32 ( 0 21 32 ) ( 0 30 32 )
0 34 ( 0 23 34 ) ( 0 30 34 )
0 35 ( 0 38 35 ) ( 0 26 35 )
0 37 ( 0 12 37 ) ( 0 23 37 )
0 38 ( 0 30 38 ) ( 0 12 23 38 )
0 39 ( 0 21 39 ) ( 0 22 39 )
1 2 ( 1 20 2 ) ( 1 13 2 )
1 3 ( 1 39 3 ) ( 1 20 32 3 )
1 4 ( 1 14 4 ) ( 1 22 4 )
1 5 ( 1 20 25 5 ) ( 1 21 5 )
1 6 ( 1 20 6 ) ( 1 28 6 )
1 8 ( 1 3 8 ) ( 1 39 8 )
1 9 ( 1 16 9 ) ( 1 22 9 )
1 10 ( 1 39 10 ) ( 1 21 10 )
1 11 ( 1 2 11 ) ( 1 39 11 )
1 12 ( 1 2 12 ) ( 1 27 11 12 )
1 13 ( 1 2 13 ) ( 1 14 13 )
1 14 ( 1 20 14 ) ( 1 39 14 )
1 16 ( 1 22 16 ) ( 1 25 16 )
1 17 ( 1 5 17 ) ( 1 39 17 )
1 18 ( 1 20 18 ) ( 1 25 18 )
1 19 ( 1 20 19 ) ( 1 39 19 )
1 20 ( 1 39 20 ) ( 1 22 20 )
1 21 ( 1 39 21 ) ( 1 22 21 )
1 22 ( 1 39 22 ) ( 1 20 22 )
1 23 ( 1 39 23 ) ( 1 0 23 )
1 24 ( 1 22 24 ) ( 1 21 24 )
1 25 ( 1 39 25 ) ( 1 21 25 )
1 26 ( 1 35 26 ) ( 1 2 26 )
1 27 ( 1 20 27 ) ( 1 14 27 )
1 28 ( 1 27 28 ) ( 1 2 28 )
1 29 ( 1 21 29 ) ( 1 18 29 )
1 30 ( 1 39 30 ) ( 1 21 30 )
1 32 ( 1 20 32 ) ( 1 22 32 )
1 34 ( 1 30 34 ) ( 1 20 34 )
1 35 ( 1 28 35 ) ( 1 39 35 )
1 38 ( 1 13 38 ) ( 1 20 0 38 )
1 39 ( 1 22 39 ) ( 1 13 39 )
2 3 ( 2 13 3 ) ( 2 21 3 )
2 4 ( 2 13 4 ) ( 2 39 4 )
2 5 ( 2 16 5 ) ( 2 24 5 )
2 6 ( 2 27 6 ) ( 2 28 6 )
2 8 ( 2 3 8 ) ( 2 24 8 )
2 9 ( 2 24 9 ) ( 2 18 9 )
2 10 ( 2 30 10 ) ( 2 34 10 )
2 11 ( 2 27 11 ) ( 2 19 11 )
2 12 ( 2 37 12 ) ( 2 0 12 )
2 13 ( 2 22 13 ) ( 2 19 13 )
2 14 ( 2 27 20 14 ) ( 2 39 14 )
2 18 ( 2 27 18 ) ( 2 21 18 )
2 19 ( 2 27 19 ) ( 2 28 19 )
2 20 ( 2 39 20 ) ( 2 13 22 20 )
2 21 ( 2 39 21 ) ( 2 28 21 )
2 22 ( 2 27 22 ) ( 2 39 1 22 )
2 23 ( 2 27 23 ) ( 2 38 23 )
2 24 ( 2 27 24 ) ( 2 21 24 )
2 25 ( 2 19 25 ) ( 2 22 25 )
2 26 ( 2 27 26 ) ( 2 13 26 )
2 27 ( 2 13 27 ) ( 2 21 27 )
2 28 ( 2 27 28 ) ( 2 13 28 )
2 30 ( 2 21 30 ) ( 2 19 30 )
2 32 ( 2 21 32 ) ( 2 20 32 )
2 35 ( 2 28 35 ) ( 2 19 35 )
2 39 ( 2 22 39 ) ( 2 20 39 )
3 4 ( 3 20 4 ) ( 3 22 39 4 )
3 5 ( 3 25 5 ) ( 3 16 5 )
3 8 ( 3 25 8 ) ( 3 21 8 )
3 9 ( 3 8 9 ) ( 3 25 16 9 )
3 13 ( 3 39 13 ) ( 3 21 27 13 )
3 14 ( 3 1 14 ) ( 3 13 14 )
3 16 ( 3 8 16 ) ( 3 24 16 )
3 18 ( 3 8 18 ) ( 3 30 18 )
3 20 ( 3 39 20 ) ( 3 14 20 )
3 21 ( 3 25 21 ) ( 3 32 21 )
3 22 ( 3 32 22 ) ( 3 1 22 )
3 24 ( 3 18 24 ) ( 3 21 24 )
3 25 ( 3 8 25 ) ( 3 21 25 )
3 27 ( 3 13 27 ) ( 3 2 27 )
3 32 ( 3 22 32 ) ( 3 8 32 )
4 6 ( 4 28 35 6 ) ( 4 26 6 )
4 13 ( 4 2 13 ) ( 4 20 39 13 )
4 14 ( 4 20 14 ) ( 4 1 14 )
4 20 ( 4 14 20 ) ( 4 39 20 )
4 22 ( 4 39 22 ) ( 4 20 22 )
5 8 ( 5 16 8 ) ( 5 24 8 )
5 9 ( 5 18 9 ) ( 5 29 9 )
5 10 ( 5 9 10 ) ( 5 16 10 )
5 16 ( 5 9 16 ) ( 5 18 16 )
5 18 ( 5 16 18 ) ( 5 29 18 )
5 24 ( 5 18 24 ) ( 5 25 24 )
5 29 ( 5 16 29 ) ( 5 18 29 )
6 26 ( 6 28 26 ) ( 6 19 26 )
6 28 ( 6 26 28 ) ( 6 2 13 28 )
6 35 ( 6 26 35 ) ( 6 19 35 )
9 10 ( 9 29 10 ) ( 9 34 10 )
9 16 ( 9 5 16 ) ( 9 24 16 )
9 18 ( 9 5 18 ) ( 9 29 10 34 18 )
9 29 ( 9 16 29 ) ( 9 18 29 )
10 18 ( 10 34 18 ) ( 10 16 18 )
10 29 ( 10 34 29 ) ( 10 38 29 )
10 34 ( 10 18 34 ) ( 10 23 34 )
11 12 ( 11 37 12 ) ( 11 23 12 )
12 23 ( 12 38 23 ) ( 12 0 23 )
12 37 ( 12 23 37 ) ( 12 38 37 )
13 21 ( 13 22 21 ) ( 13 2 19 21 )
13 27 ( 13 21 27 ) ( 13 20 2 27 )
14 20 ( 14 1 20 ) ( 14 4 20 )
16 18 ( 16 10 18 ) ( 16 30 18 )
16 24 ( 16 18 24 ) ( 16 5 24 )
18 24 ( 18 16 24 ) ( 18 10 24 )
19 28 ( 19 11 28 ) ( 19 26 6 28 )
20 22 ( 20 14 22 ) ( 20 27 22 )

EOF