DIMENSIONS
80 sommetsG2
75 sommetsG1
60 dem

SOMMETS
0  Paris  C  48.86  2.34
1  Marseille  C  43.31  5.37
2  Lyon  C  45.76  4.83
3  Toulouse  C  43.62  1.45
4  Nice  C  43.7  7.27
5  Nantes  C  47.23  -1.57
6  Strasbourg  C  48.58  7.76
7  Montpellier  C  43.61  3.87
8  Bordeaux  C  44.84  -0.58
9  Rennes  C  48.11  -1.68
10  Le-havre  C  49.5  0.12
11  Reims  C  49.25  4.03
12  Lille  C  50.64  3.07
13  Saint-etienne  C  45.43  4.39
14  Toulon  C  43.13  5.92
15  Grenoble  C  45.19  5.72
16  Angers  C  47.48  -0.54
17  Brest  C  48.39  -4.5
18  Le-mans  C  48  0.2
19  Dijon  C  47.33  5.03
20  Aix-en-provence  C  43.53  5.44
21  Clermont-ferrand  C  45.78  3.08
22  Nimes  C  43.84  4.35
23  Amiens  C  49.9  2.3
24  Tours  C  47.38  0.69
25  Limoges  C  45.83  1.25
26  Metz  C  49.12  6.18
27  Villeurbanne  C  45.77  4.88
28  Besancon  C  47.24  6.02
29  Caen  C  49.19  -0.36
30  Orleans  C  47.9  1.9
31  Mulhouse  T  47.76  7.34
32  Perpignan  C  42.7  2.89
33  Boulogne-billancourt  C  48.83  2.24
34  Rouen  C  49.44  1.08
35  Nancy  C  48.69  6.17
36  Roubaix  C  50.69  3.17
37  Tourcoing  C  50.72  3.16
38  Argenteuil  C  48.94  2.24
39  Avignon  C  43.96  4.81
40  Montreuil  C  48.86  2.43
41  Nanterre  C  48.9  2.2
42  Poitiers  C  46.58  0.34
43  Saint-denis  C  48.94  2.36
44  Versailles  C  48.81  2.14
45  Creteil  C  48.79  2.45
46  Pau  C  43.3  -0.39
47  La-rochelle  C  46.17  -1.18
48  Colombes  C  48.93  2.25
49  Asnieres-sur-seine  C  48.91  2.29
50  Calais  C  50.95  1.86
51  Aulnay-sous-bois  C  48.96  2.49
52  Vitry-sur-seine  C  48.79  2.39
53  Rueil-malmaison  C  48.89  2.17
54  Champigny-sur-marne  C  48.82  2.51
55  Beziers  C  43.35  3.21
56  Saint-maur-des-fosses  C  48.8  2.49
57  Dunkerque  C  51.04  2.34
58  Antibes  C  43.6  7.12
59  Saint-nazaire  C  47.28  -2.22
60  Courbevoie  C  48.9  2.25
61  Bourges  C  47.08  2.39
62  Colmar  T  48.08  7.36
63  Valence  T  44.94  4.89
64  Cannes  C  43.56  7.02
65  Villeneuve-d'ascq  C  50.62  3.14
66  Quimper  C  47.99  -4.11
67  Merignac  T  44.87  -0.65
68  Antony  C  48.76  2.3
69  La-seyne-sur-mer  C  43.11  5.87
70  Aubervillers  C  48.92  2.38
71  Troyes  C  48.3  4.08
72  Lorient  T  47.74  -3.37
73  Neuilly-sur-seine  C  48.89  2.27
74  Drancy  C  48.94  2.46
75  Saint-quentin  C  49.85  3.28
76  Pessac  C  44.8  -0.66
77  Chambery  C  45.58  5.91
78  Venissieux  C  45.69  4.86
79  Levallois-perret  C  48.9  2.29

DEMANDES
0 1 ( 0 39 1 ) ( 0 40 1 )
0 2 ( 0 52 2 ) ( 0 54 56 2 )
0 3 ( 0 68 3 ) ( 0 33 3 )
0 4 ( 0 45 56 4 ) ( 0 27 4 )
0 5 ( 0 33 5 ) ( 0 44 5 )
0 6 ( 0 35 6 ) ( 0 74 6 )
0 7 ( 0 52 7 ) ( 0 68 7 )
0 8 ( 0 68 30 8 ) ( 0 42 8 )
0 9 ( 0 44 9 ) ( 0 60 9 )
0 10 ( 0 73 10 ) ( 0 60 10 )
0 11 ( 0 70 74 11 ) ( 0 40 54 11 )
0 12 ( 0 70 12 ) ( 0 74 12 )
0 13 ( 0 45 13 ) ( 0 56 13 )
0 16 ( 0 33 16 ) ( 0 44 16 )
0 18 ( 0 73 18 ) ( 0 53 18 )
0 19 ( 0 45 19 ) ( 0 54 19 )
0 21 ( 0 52 21 ) ( 0 56 21 )
0 23 ( 0 43 23 ) ( 0 79 23 )
0 24 ( 0 68 24 ) ( 0 73 24 )
0 25 ( 0 44 25 ) ( 0 60 25 )
0 26 ( 0 40 26 ) ( 0 54 26 )
0 27 ( 0 56 27 ) ( 0 40 27 )
0 29 ( 0 41 29 ) ( 0 60 29 )
0 30 ( 0 52 30 ) ( 0 44 30 )
0 33 ( 0 79 33 ) ( 0 49 33 )
0 34 ( 0 60 34 ) ( 0 73 34 )
0 36 ( 0 65 36 ) ( 0 70 74 36 )
0 37 ( 0 70 37 ) ( 0 12 37 )
0 38 ( 0 79 38 ) ( 0 73 38 )
0 40 ( 0 70 40 ) ( 0 52 40 )
0 41 ( 0 79 41 ) ( 0 73 48 41 )
0 42 ( 0 68 42 ) ( 0 33 42 )
0 43 ( 0 70 43 ) ( 0 49 43 )
0 44 ( 0 73 60 44 ) ( 0 53 44 )
0 45 ( 0 40 45 ) ( 0 54 56 45 )
0 48 ( 0 49 48 ) ( 0 73 48 )
0 49 ( 0 79 49 ) ( 0 73 49 )
0 50 ( 0 48 50 ) ( 0 38 50 )
0 51 ( 0 40 74 51 ) ( 0 79 51 )
0 52 ( 0 68 52 ) ( 0 49 52 )
0 53 ( 0 73 53 ) ( 0 41 53 )
0 54 ( 0 40 54 ) ( 0 79 54 )
0 56 ( 0 54 56 ) ( 0 70 56 )
0 57 ( 0 23 57 ) ( 0 43 57 )
0 60 ( 0 73 60 ) ( 0 79 60 )
0 61 ( 0 45 61 ) ( 0 40 61 )
0 65 ( 0 70 65 ) ( 0 43 65 )
0 68 ( 0 79 68 ) ( 0 49 68 )
0 70 ( 0 43 70 ) ( 0 79 70 )
0 71 ( 0 56 71 ) ( 0 45 54 71 )
0 73 ( 0 60 73 ) ( 0 33 73 )
0 74 ( 0 70 74 ) ( 0 40 74 )
0 75 ( 0 43 75 ) ( 0 70 51 75 )
0 79 ( 0 49 79 ) ( 0 73 79 )
1 2 ( 1 27 2 ) ( 1 13 2 )
1 4 ( 1 58 4 ) ( 1 69 4 )
1 7 ( 1 22 7 ) ( 1 39 7 )
1 14 ( 1 69 14 ) ( 1 20 14 )
1 20 ( 1 69 20 ) ( 1 14 39 20 )
1 22 ( 1 39 22 ) ( 1 20 22 )

EOF