DIMENSIONS
80 sommetsG2
75 sommetsG1
110 dem

SOMMETS
0  Berlin  C  52.52  13.38
1  Hamburg  C  53.55  10
2  Munchen  C  48.14  11.58
3  Koln  C  50.95  6.97
4  Frankfurt  C  50.12  8.68
5  Dortmund  C  51.51  7.48
6  Stuttgart  C  48.79  9.19
7  Essen  C  51.47  7
8  Dusseldorf  C  51.24  6.79
9  Bremen  C  53.08  8.81
10  Hannover  C  52.4  9.73
11  Duisburg  C  51.43  6.75
12  Nurnberg  C  49.45  11.05
13  Leipzig  C  51.35  12.4
14  Dresden  C  51.05  13.74
15  Bochum  C  51.48  7.2
16  Wuppertal  C  51.26  7.18
17  Bielefeld  C  52.03  8.53
18  Bonn  C  50.73  7.1
19  Mannheim  C  49.5  8.47
20  Karlsruhe  C  49  8.4
21  Gelsenkirchen  C  51.51  7.11
22  Wiesbaden  C  50.08  8.23
23  Munster  C  51.96  7.62
24  Monchengladbach  C  51.2  6.42
25  Augsburg  C  48.36  10.89
26  Chemnitz  C  50.83  12.92
27  Aachen  C  50.77  6.09
28  Braunschweig  C  52.27  10.51
29  Krefeld  C  51.33  6.55
30  Halle  C  51.48  11.96
31  Kiel  T  54.32  10.12
32  Magdeburg  C  52.13  11.62
33  Oberhausen  C  51.47  6.86
34  Lubeck  C  53.87  10.66
35  Freiburg  C  47.99  7.85
36  Hagen  C  51.37  7.46
37  Erfurt  C  50.99  11.03
38  Rostock  C  54.09  12.1
39  Kassel  C  51.32  9.48
40  Mainz  C  50  8.26
41  Hamm  C  51.67  7.8
42  Saarbrucken  C  49.25  6.97
43  Herne  C  51.54  7.21
44  Mulheim  C  51.43  6.86
45  Osnabruck  C  52.28  8.05
46  Solingen  C  51.18  7.06
47  Ludwigshafen  C  49.48  8.44
48  Leverkusen  C  51.04  6.99
49  Oldenburg  C  53.15  8.21
50  Neuss  C  51.2  6.69
51  Heidelberg  C  49.42  8.69
52  Paderborn  C  51.72  8.74
53  Darmstadt  C  49.87  8.64
54  Wurzburg  C  49.8  9.94
55  Potsdam  C  52.4  13.07
56  Regensburg  C  49.02  12.11
57  Recklinghausen  C  51.61  7.19
58  Gottingen  C  51.53  9.92
59  Wolfsburg  C  52.43  10.78
60  Heilbronn  C  49.14  9.22
61  Bottrop  C  51.53  6.93
62  Offenbach  T  50.1  8.77
63  Ulm  T  48.4  9.97
64  Bremerhaven  C  53.55  8.58
65  Pforzheim  C  48.89  8.69
66  Ingolstadt  C  48.77  11.43
67  Remscheid  T  51.18  7.19
68  Furth  C  49.48  10.98
69  Reutlingen  C  48.49  9.21
70  Salzgitter  C  52.17  10.33
71  Koblenz  C  50.35  7.6
72  Siegen  T  50.87  8.01
73  Moers  C  51.45  6.65
74  Gera  C  50.88  12.08
75  Bergisch-gladbach  C  50.98  7.15
76  Hildesheim  C  52.16  9.95
77  Witten  C  51.44  7.34
78  Erlangen  C  49.6  11.01
79  Cottbus  C  51.77  14.33

DEMANDES
0 1 ( 0 32 1 ) ( 0 55 59 1 )
0 2 ( 0 26 2 ) ( 0 55 2 )
0 3 ( 0 75 3 ) ( 0 55 3 )
0 4 ( 0 37 4 ) ( 0 32 4 )
0 5 ( 0 76 5 ) ( 0 59 5 )
0 6 ( 0 30 6 ) ( 0 13 6 )
0 7 ( 0 52 7 ) ( 0 32 7 )
0 8 ( 0 16 8 ) ( 0 32 52 77 8 )
0 9 ( 0 59 9 ) ( 0 28 9 )
0 10 ( 0 59 10 ) ( 0 70 10 )
0 11 ( 0 7 11 ) ( 0 52 11 )
0 12 ( 0 55 12 ) ( 0 78 12 )
0 13 ( 0 26 13 ) ( 0 14 13 )
0 14 ( 0 55 14 ) ( 0 30 14 )
0 15 ( 0 41 15 ) ( 0 55 32 15 )
0 16 ( 0 32 16 ) ( 0 70 16 )
0 17 ( 0 76 17 ) ( 0 55 28 17 )
0 18 ( 0 58 18 ) ( 0 55 18 )
0 19 ( 0 37 19 ) ( 0 53 19 )
0 20 ( 0 55 20 ) ( 0 30 37 20 )
0 21 ( 0 52 21 ) ( 0 32 21 )
0 22 ( 0 4 22 ) ( 0 40 22 )
0 23 ( 0 17 23 ) ( 0 59 76 23 )
0 25 ( 0 74 25 ) ( 0 55 25 )
0 26 ( 0 55 26 ) ( 0 14 26 )
0 28 ( 0 59 28 ) ( 0 32 28 )
0 30 ( 0 13 30 ) ( 0 32 30 )
0 32 ( 0 55 32 ) ( 0 13 32 )
0 34 ( 0 38 34 ) ( 0 59 34 )
0 37 ( 0 30 37 ) ( 0 55 37 )
0 38 ( 0 55 38 ) ( 0 13 38 )
0 39 ( 0 55 39 ) ( 0 32 39 )
0 55 ( 0 13 55 ) ( 0 14 55 )
0 56 ( 0 26 56 ) ( 0 55 56 )
0 58 ( 0 55 58 ) ( 0 32 58 )
0 59 ( 0 55 59 ) ( 0 32 59 )
0 70 ( 0 55 70 ) ( 0 32 70 )
0 74 ( 0 55 74 ) ( 0 30 74 )
0 79 ( 0 14 79 ) ( 0 26 79 )
1 2 ( 1 66 2 ) ( 1 70 2 )
1 3 ( 1 36 3 ) ( 1 41 3 )
1 4 ( 1 10 4 ) ( 1 39 4 )
1 5 ( 1 41 5 ) ( 1 17 5 )
1 6 ( 1 60 6 ) ( 1 10 6 )
1 7 ( 1 23 7 ) ( 1 45 7 )
1 8 ( 1 43 8 ) ( 1 21 8 )
1 9 ( 1 10 9 ) ( 1 49 9 )
1 10 ( 1 76 10 ) ( 1 70 10 )
1 11 ( 1 45 11 ) ( 1 33 11 )
1 12 ( 1 70 12 ) ( 1 28 12 )
1 13 ( 1 32 13 ) ( 1 59 13 )
1 14 ( 1 32 14 ) ( 1 13 14 )
1 15 ( 1 45 15 ) ( 1 5 15 )
1 16 ( 1 77 16 ) ( 1 41 16 )
1 17 ( 1 9 17 ) ( 1 76 17 )
1 23 ( 1 45 23 ) ( 1 49 23 )
1 28 ( 1 59 28 ) ( 1 58 28 )
1 32 ( 1 59 32 ) ( 1 70 32 )
1 34 ( 1 10 34 ) ( 1 70 34 )
1 38 ( 1 70 38 ) ( 1 76 28 38 )
1 39 ( 1 70 39 ) ( 1 59 28 39 )
1 49 ( 1 9 49 ) ( 1 64 49 )
1 59 ( 1 34 59 ) ( 1 10 76 59 )
1 64 ( 1 9 64 ) ( 1 17 64 )
1 70 ( 1 28 70 ) ( 1 76 10 70 )
1 76 ( 1 34 59 76 ) ( 1 39 76 )
2 3 ( 2 53 3 ) ( 2 71 3 )
2 4 ( 2 54 4 ) ( 2 25 53 4 )
2 6 ( 2 25 6 ) ( 2 60 6 )
2 12 ( 2 66 12 ) ( 2 78 12 )
2 13 ( 2 74 13 ) ( 2 78 13 )
2 25 ( 2 56 25 ) ( 2 12 25 )
2 56 ( 2 25 56 ) ( 2 54 56 )
2 66 ( 2 25 66 ) ( 2 56 66 )
3 4 ( 3 71 4 ) ( 3 22 4 )
3 5 ( 3 16 5 ) ( 3 77 5 )
3 7 ( 3 46 7 ) ( 3 44 7 )
3 8 ( 3 48 8 ) ( 3 46 8 )
3 11 ( 3 48 11 ) ( 3 50 11 )
3 15 ( 3 48 15 ) ( 3 21 15 )
3 16 ( 3 75 48 16 ) ( 3 18 16 )
3 18 ( 3 48 18 ) ( 3 75 18 )
3 21 ( 3 7 21 ) ( 3 48 16 21 )
3 22 ( 3 18 22 ) ( 3 48 22 )
3 23 ( 3 77 23 ) ( 3 46 23 )
3 24 ( 3 50 29 24 ) ( 3 11 24 )
3 27 ( 3 48 27 ) ( 3 24 27 )
3 29 ( 3 50 29 ) ( 3 8 29 )
3 33 ( 3 48 33 ) ( 3 11 33 )
3 36 ( 3 48 36 ) ( 3 16 36 )
3 41 ( 3 16 41 ) ( 3 48 41 )
3 43 ( 3 46 43 ) ( 3 48 43 )
3 44 ( 3 48 44 ) ( 3 8 44 )
3 46 ( 3 48 46 ) ( 3 75 16 46 )
3 48 ( 3 46 48 ) ( 3 16 48 )
4 6 ( 4 53 6 ) ( 4 60 6 )
4 19 ( 4 53 47 19 ) ( 4 71 19 )
5 7 ( 5 21 7 ) ( 5 43 7 )
5 8 ( 5 77 8 ) ( 5 15 8 )
5 11 ( 5 15 11 ) ( 5 7 11 )
5 15 ( 5 36 15 ) ( 5 21 15 )
5 16 ( 5 77 16 ) ( 5 36 16 )
7 8 ( 7 33 8 ) ( 7 46 8 )
7 11 ( 7 44 11 ) ( 7 61 33 11 )
7 15 ( 7 57 15 ) ( 7 61 43 15 )
7 16 ( 7 21 16 ) ( 7 46 16 )
8 11 ( 8 73 11 ) ( 8 44 33 11 )
8 15 ( 8 44 15 ) ( 8 33 15 )
8 16 ( 8 7 16 ) ( 8 11 16 )
9 10 ( 9 64 10 ) ( 9 70 10 )

EOF