DIMENSIONS
60 sommetsG2
55 sommetsG1
80 dem

SOMMETS
0  Berlin  C  52.52  13.38
1  Hamburg  C  53.55  10
2  Munchen  C  48.14  11.58
3  Koln  C  50.95  6.97
4  Frankfurt  C  50.12  8.68
5  Dortmund  C  51.51  7.48
6  Stuttgart  C  48.79  9.19
7  Essen  C  51.47  7
8  Dusseldorf  C  51.24  6.79
9  Bremen  C  53.08  8.81
10  Hannover  C  52.4  9.73
11  Duisburg  C  51.43  6.75
12  Nurnberg  C  49.45  11.05
13  Leipzig  C  51.35  12.4
14  Dresden  C  51.05  13.74
15  Bochum  C  51.48  7.2
16  Wuppertal  C  51.26  7.18
17  Bielefeld  C  52.03  8.53
18  Bonn  C  50.73  7.1
19  Mannheim  C  49.5  8.47
20  Karlsruhe  C  49  8.4
21  Gelsenkirchen  C  51.51  7.11
22  Wiesbaden  C  50.08  8.23
23  Munster  T  51.96  7.62
24  Monchengladbach  C  51.2  6.42
25  Augsburg  C  48.36  10.89
26  Chemnitz  C  50.83  12.92
27  Aachen  C  50.77  6.09
28  Braunschweig  C  52.27  10.51
29  Krefeld  C  51.33  6.55
30  Halle  C  51.48  11.96
31  Kiel  C  54.32  10.12
32  Magdeburg  C  52.13  11.62
33  Oberhausen  C  51.47  6.86
34  Lubeck  C  53.87  10.66
35  Freiburg  C  47.99  7.85
36  Hagen  C  51.37  7.46
37  Erfurt  C  50.99  11.03
38  Rostock  C  54.09  12.1
39  Kassel  C  51.32  9.48
40  Mainz  C  50  8.26
41  Hamm  C  51.67  7.8
42  Saarbrucken  C  49.25  6.97
43  Herne  C  51.54  7.21
44  Mulheim  C  51.43  6.86
45  Osnabruck  C  52.28  8.05
46  Solingen  T  51.18  7.06
47  Ludwigshafen  T  49.48  8.44
48  Leverkusen  C  51.04  6.99
49  Oldenburg  C  53.15  8.21
50  Neuss  T  51.2  6.69
51  Heidelberg  C  49.42  8.69
52  Paderborn  C  51.72  8.74
53  Darmstadt  C  49.87  8.64
54  Wurzburg  T  49.8  9.94
55  Potsdam  C  52.4  13.07
56  Regensburg  C  49.02  12.11
57  Recklinghausen  C  51.61  7.19
58  Gottingen  C  51.53  9.92
59  Wolfsburg  C  52.43  10.78

DEMANDES
0 1 ( 0 55 1 ) ( 0 34 1 )
0 2 ( 0 26 56 2 ) ( 0 55 2 )
0 3 ( 0 32 3 ) ( 0 55 3 )
0 4 ( 0 30 37 4 ) ( 0 32 4 )
0 5 ( 0 55 5 ) ( 0 59 5 )
0 6 ( 0 30 6 ) ( 0 37 6 )
0 7 ( 0 15 7 ) ( 0 5 7 )
0 8 ( 0 52 8 ) ( 0 15 8 )
0 9 ( 0 59 9 ) ( 0 1 9 )
0 10 ( 0 28 10 ) ( 0 32 10 )
0 11 ( 0 52 11 ) ( 0 15 11 )
0 12 ( 0 30 12 ) ( 0 26 12 )
0 13 ( 0 55 13 ) ( 0 14 13 )
0 14 ( 0 26 14 ) ( 0 13 14 )
0 15 ( 0 32 15 ) ( 0 55 15 )
0 16 ( 0 36 16 ) ( 0 39 16 )
0 17 ( 0 28 17 ) ( 0 55 32 17 )
0 18 ( 0 39 18 ) ( 0 52 18 )
0 19 ( 0 37 19 ) ( 0 55 19 )
0 20 ( 0 55 20 ) ( 0 51 20 )
0 22 ( 0 55 22 ) ( 0 4 22 )
0 25 ( 0 30 25 ) ( 0 56 25 )
0 26 ( 0 13 26 ) ( 0 32 26 )
0 28 ( 0 55 28 ) ( 0 32 28 )
0 30 ( 0 55 30 ) ( 0 32 30 )
0 31 ( 0 34 31 ) ( 0 32 31 )
0 32 ( 0 13 30 32 ) ( 0 59 32 )
0 34 ( 0 55 34 ) ( 0 30 34 )
0 37 ( 0 30 37 ) ( 0 55 37 )
0 38 ( 0 55 38 ) ( 0 32 38 )
0 39 ( 0 58 39 ) ( 0 32 39 )
0 55 ( 0 13 55 ) ( 0 14 55 )
0 59 ( 0 55 59 ) ( 0 32 59 )
1 2 ( 1 28 37 2 ) ( 1 59 2 )
1 3 ( 1 5 3 ) ( 1 48 3 )
1 4 ( 1 10 4 ) ( 1 17 4 )
1 5 ( 1 41 5 ) ( 1 45 5 )
1 6 ( 1 39 6 ) ( 1 58 6 )
1 7 ( 1 57 7 ) ( 1 45 7 )
1 8 ( 1 43 8 ) ( 1 57 8 )
1 9 ( 1 10 9 ) ( 1 17 9 )
1 10 ( 1 28 10 ) ( 1 59 10 )
1 11 ( 1 45 57 11 ) ( 1 43 21 11 )
1 12 ( 1 37 12 ) ( 1 59 12 )
1 13 ( 1 59 13 ) ( 1 34 13 )
1 15 ( 1 43 15 ) ( 1 57 15 )
1 17 ( 1 10 17 ) ( 1 52 17 )
1 28 ( 1 10 28 ) ( 1 34 28 )
1 31 ( 1 34 31 ) ( 1 38 31 )
1 32 ( 1 28 32 ) ( 1 34 32 )
1 34 ( 1 31 34 ) ( 1 28 59 34 )
1 59 ( 1 28 59 ) ( 1 58 59 )
2 4 ( 2 25 4 ) ( 2 12 4 )
2 6 ( 2 25 6 ) ( 2 56 6 )
2 12 ( 2 37 12 ) ( 2 6 12 )
2 25 ( 2 56 25 ) ( 2 6 25 )
2 56 ( 2 37 12 56 ) ( 2 25 26 56 )
3 4 ( 3 18 4 ) ( 3 22 4 )
3 5 ( 3 48 5 ) ( 3 15 5 )
3 7 ( 3 16 7 ) ( 3 44 33 7 )
3 8 ( 3 18 8 ) ( 3 21 8 )
3 11 ( 3 8 11 ) ( 3 33 11 )
3 15 ( 3 16 15 ) ( 3 7 15 )
3 16 ( 3 48 16 ) ( 3 8 16 )
3 18 ( 3 48 7 18 ) ( 3 11 18 )
3 21 ( 3 7 21 ) ( 3 15 21 )
3 24 ( 3 8 24 ) ( 3 48 11 24 )
3 27 ( 3 24 27 ) ( 3 18 27 )
3 29 ( 3 8 29 ) ( 3 48 29 )
3 33 ( 3 48 33 ) ( 3 7 33 )
3 36 ( 3 15 36 ) ( 3 48 15 43 36 )
4 6 ( 4 53 6 ) ( 4 51 6 )
5 7 ( 5 21 7 ) ( 5 43 7 )
5 8 ( 5 16 8 ) ( 5 43 21 8 )
5 11 ( 5 15 11 ) ( 5 44 11 )
5 15 ( 5 43 15 ) ( 5 36 15 )
7 8 ( 7 44 8 ) ( 7 33 8 )
7 11 ( 7 44 11 ) ( 7 21 11 )
8 11 ( 8 44 11 ) ( 8 33 11 )
9 10 ( 9 49 10 ) ( 9 1 10 )

EOF