DIMENSIONS
90 sommetsG2
85 sommetsG1
150 dem

SOMMETS
0  Berlin  C  52.52  13.38
1  Hamburg  C  53.55  10
2  Munchen  C  48.14  11.58
3  Koln  C  50.95  6.97
4  Frankfurt  C  50.12  8.68
5  Dortmund  C  51.51  7.48
6  Stuttgart  C  48.79  9.19
7  Essen  C  51.47  7
8  Dusseldorf  C  51.24  6.79
9  Bremen  C  53.08  8.81
10  Hannover  C  52.4  9.73
11  Duisburg  C  51.43  6.75
12  Nurnberg  C  49.45  11.05
13  Leipzig  C  51.35  12.4
14  Dresden  C  51.05  13.74
15  Bochum  C  51.48  7.2
16  Wuppertal  C  51.26  7.18
17  Bielefeld  C  52.03  8.53
18  Bonn  C  50.73  7.1
19  Mannheim  C  49.5  8.47
20  Karlsruhe  C  49  8.4
21  Gelsenkirchen  C  51.51  7.11
22  Wiesbaden  C  50.08  8.23
23  Munster  C  51.96  7.62
24  Monchengladbach  C  51.2  6.42
25  Augsburg  C  48.36  10.89
26  Chemnitz  C  50.83  12.92
27  Aachen  C  50.77  6.09
28  Braunschweig  C  52.27  10.51
29  Krefeld  C  51.33  6.55
30  Halle  C  51.48  11.96
31  Kiel  C  54.32  10.12
32  Magdeburg  C  52.13  11.62
33  Oberhausen  C  51.47  6.86
34  Lubeck  C  53.87  10.66
35  Freiburg  T  47.99  7.85
36  Hagen  C  51.37  7.46
37  Erfurt  C  50.99  11.03
38  Rostock  C  54.09  12.1
39  Kassel  C  51.32  9.48
40  Mainz  C  50  8.26
41  Hamm  C  51.67  7.8
42  Saarbrucken  C  49.25  6.97
43  Herne  C  51.54  7.21
44  Mulheim  C  51.43  6.86
45  Osnabruck  C  52.28  8.05
46  Solingen  C  51.18  7.06
47  Ludwigshafen  C  49.48  8.44
48  Leverkusen  C  51.04  6.99
49  Oldenburg  C  53.15  8.21
50  Neuss  C  51.2  6.69
51  Heidelberg  C  49.42  8.69
52  Paderborn  C  51.72  8.74
53  Darmstadt  C  49.87  8.64
54  Wurzburg  C  49.8  9.94
55  Potsdam  C  52.4  13.07
56  Regensburg  C  49.02  12.11
57  Recklinghausen  C  51.61  7.19
58  Gottingen  C  51.53  9.92
59  Wolfsburg  C  52.43  10.78
60  Heilbronn  C  49.14  9.22
61  Bottrop  C  51.53  6.93
62  Offenbach  C  50.1  8.77
63  Ulm  C  48.4  9.97
64  Bremerhaven  C  53.55  8.58
65  Pforzheim  C  48.89  8.69
66  Ingolstadt  C  48.77  11.43
67  Remscheid  C  51.18  7.19
68  Furth  C  49.48  10.98
69  Reutlingen  C  48.49  9.21
70  Salzgitter  T  52.17  10.33
71  Koblenz  T  50.35  7.6
72  Siegen  C  50.87  8.01
73  Moers  C  51.45  6.65
74  Gera  C  50.88  12.08
75  Bergisch-gladbach  T  50.98  7.15
76  Hildesheim  C  52.16  9.95
77  Witten  C  51.44  7.34
78  Erlangen  C  49.6  11.01
79  Cottbus  C  51.77  14.33
80  Trier  C  49.75  6.63
81  Zwickau  C  50.72  12.5
82  Jena  T  50.93  11.58
83  Kaiserslautern  C  49.45  7.75
84  Iserlohn  C  51.39  7.68
85  Schwerin  C  53.63  11.4
86  Gutersloh  C  51.91  8.37
87  Duren  C  50.81  6.49
88  Ratingen  C  51.3  6.85
89  Marl  C  51.68  7.12

DEMANDES
0 1 ( 0 55 1 ) ( 0 85 1 )
0 2 ( 0 81 2 ) ( 0 56 2 )
0 3 ( 0 55 3 ) ( 0 84 3 )
0 4 ( 0 37 4 ) ( 0 58 4 )
0 5 ( 0 52 5 ) ( 0 41 5 )
0 6 ( 0 30 6 ) ( 0 13 6 )
0 7 ( 0 52 15 7 ) ( 0 5 7 )
0 8 ( 0 52 88 8 ) ( 0 67 8 )
0 9 ( 0 32 9 ) ( 0 10 9 )
0 10 ( 0 59 10 ) ( 0 28 10 )
0 11 ( 0 7 11 ) ( 0 52 11 )
0 12 ( 0 55 12 ) ( 0 78 12 )
0 13 ( 0 55 13 ) ( 0 81 13 )
0 14 ( 0 26 14 ) ( 0 13 14 )
0 15 ( 0 52 15 ) ( 0 32 15 )
0 16 ( 0 32 84 16 ) ( 0 36 16 )
0 17 ( 0 28 17 ) ( 0 30 17 )
0 18 ( 0 58 18 ) ( 0 55 18 )
0 19 ( 0 47 19 ) ( 0 51 19 )
0 20 ( 0 37 20 ) ( 0 55 30 20 )
0 21 ( 0 43 21 ) ( 0 41 21 )
0 22 ( 0 4 22 ) ( 0 37 22 )
0 23 ( 0 76 23 ) ( 0 28 23 )
0 24 ( 0 36 24 ) ( 0 84 24 )
0 25 ( 0 13 25 ) ( 0 12 25 )
0 26 ( 0 13 26 ) ( 0 14 26 )
0 27 ( 0 3 27 ) ( 0 87 27 )
0 28 ( 0 55 28 ) ( 0 59 28 )
0 29 ( 0 5 29 ) ( 0 44 29 )
0 30 ( 0 55 30 ) ( 0 13 30 )
0 31 ( 0 34 31 ) ( 0 55 31 )
0 32 ( 0 55 32 ) ( 0 30 32 )
0 33 ( 0 21 33 ) ( 0 43 33 )
0 34 ( 0 55 34 ) ( 0 38 34 )
0 36 ( 0 32 36 ) ( 0 76 36 )
0 37 ( 0 74 37 ) ( 0 13 74 30 37 )
0 38 ( 0 85 38 ) ( 0 13 38 )
0 39 ( 0 58 39 ) ( 0 32 39 )
0 40 ( 0 4 40 ) ( 0 62 40 )
0 41 ( 0 32 41 ) ( 0 55 41 )
0 45 ( 0 59 45 ) ( 0 28 76 45 )
0 49 ( 0 9 49 ) ( 0 55 49 )
0 52 ( 0 76 52 ) ( 0 39 52 )
0 54 ( 0 13 54 ) ( 0 74 54 )
0 55 ( 0 79 55 ) ( 0 13 55 )
0 56 ( 0 26 56 ) ( 0 13 56 )
0 58 ( 0 55 32 58 ) ( 0 59 58 )
0 59 ( 0 32 59 ) ( 0 28 59 )
0 66 ( 0 81 66 ) ( 0 26 66 )
0 68 ( 0 13 68 ) ( 0 78 68 )
0 74 ( 0 26 74 ) ( 0 13 30 74 )
0 76 ( 0 28 76 ) ( 0 32 76 )
0 78 ( 0 13 78 ) ( 0 55 78 )
0 79 ( 0 55 79 ) ( 0 26 79 )
0 81 ( 0 55 81 ) ( 0 13 81 )
0 85 ( 0 34 85 ) ( 0 55 59 85 )
1 2 ( 1 28 2 ) ( 1 78 2 )
1 3 ( 1 67 3 ) ( 1 48 3 )
1 4 ( 1 62 4 ) ( 1 76 58 4 )
1 5 ( 1 41 5 ) ( 1 45 5 )
1 6 ( 1 60 6 ) ( 1 39 6 )
1 7 ( 1 45 7 ) ( 1 43 7 )
1 8 ( 1 57 8 ) ( 1 45 8 )
1 9 ( 1 64 9 ) ( 1 76 9 )
1 10 ( 1 59 10 ) ( 1 64 10 )
1 11 ( 1 45 11 ) ( 1 89 11 )
1 12 ( 1 78 12 ) ( 1 68 12 )
1 13 ( 1 32 13 ) ( 1 30 13 )
1 14 ( 1 30 14 ) ( 1 55 14 )
1 15 ( 1 5 15 ) ( 1 77 15 )
1 16 ( 1 77 16 ) ( 1 41 16 )
1 17 ( 1 9 17 ) ( 1 76 17 )
1 18 ( 1 84 18 ) ( 1 41 18 )
1 21 ( 1 45 21 ) ( 1 23 57 21 )
1 23 ( 1 45 23 ) ( 1 49 23 )
1 28 ( 1 59 28 ) ( 1 10 28 )
1 30 ( 1 34 30 ) ( 1 85 30 )
1 31 ( 1 85 34 31 ) ( 1 10 31 )
1 32 ( 1 59 32 ) ( 1 28 32 )
1 34 ( 1 85 34 ) ( 1 10 34 )
1 37 ( 1 76 37 ) ( 1 59 28 37 )
1 38 ( 1 34 38 ) ( 1 85 38 )
1 39 ( 1 28 39 ) ( 1 52 39 )
1 45 ( 1 9 45 ) ( 1 17 45 )
1 49 ( 1 31 49 ) ( 1 34 49 )
1 59 ( 1 28 59 ) ( 1 10 59 )
1 64 ( 1 76 64 ) ( 1 17 64 )
1 76 ( 1 10 76 ) ( 1 28 76 )
1 85 ( 1 34 85 ) ( 1 31 85 )
2 3 ( 2 22 3 ) ( 2 4 3 )
2 4 ( 2 62 4 ) ( 2 60 4 )
2 6 ( 2 25 6 ) ( 2 68 6 )
2 12 ( 2 66 12 ) ( 2 68 12 )
2 13 ( 2 26 13 ) ( 2 12 13 )
2 14 ( 2 56 14 ) ( 2 26 14 )
2 25 ( 2 56 25 ) ( 2 12 25 )
2 56 ( 2 66 56 ) ( 2 25 56 )
2 66 ( 2 56 66 ) ( 2 12 66 )
3 4 ( 3 18 4 ) ( 3 48 67 4 )
3 5 ( 3 16 5 ) ( 3 48 67 5 )
3 6 ( 3 51 6 ) ( 3 18 6 )
3 7 ( 3 16 7 ) ( 3 8 7 )
3 8 ( 3 48 8 ) ( 3 67 8 )
3 9 ( 3 5 9 ) ( 3 67 9 )
3 11 ( 3 8 11 ) ( 3 44 11 )
3 15 ( 3 46 15 ) ( 3 48 46 16 15 )
3 16 ( 3 46 16 ) ( 3 67 16 )
3 17 ( 3 84 17 ) ( 3 36 17 )
3 18 ( 3 67 18 ) ( 3 8 46 18 )
3 21 ( 3 88 21 ) ( 3 46 67 21 )
3 22 ( 3 18 22 ) ( 3 67 22 )
3 23 ( 3 77 23 ) ( 3 67 23 )
3 24 ( 3 48 24 ) ( 3 8 24 )
3 27 ( 3 24 27 ) ( 3 18 27 )
3 29 ( 3 50 29 ) ( 3 73 29 )
3 33 ( 3 88 33 ) ( 3 48 33 )
3 36 ( 3 48 36 ) ( 3 15 36 )
3 41 ( 3 67 41 ) ( 3 48 16 41 )
3 43 ( 3 46 43 ) ( 3 48 15 43 )
3 44 ( 3 8 44 ) ( 3 46 44 )
3 46 ( 3 67 46 ) ( 3 16 46 )
3 48 ( 3 67 48 ) ( 3 18 48 )
3 50 ( 3 48 50 ) ( 3 8 50 )
4 5 ( 4 84 5 ) ( 4 62 5 )
4 6 ( 4 60 6 ) ( 4 19 47 6 )
4 19 ( 4 47 19 ) ( 4 62 19 )
4 20 ( 4 53 20 ) ( 4 19 20 )
4 22 ( 4 40 22 ) ( 4 53 22 )
5 7 ( 5 77 7 ) ( 5 57 21 7 )
5 8 ( 5 88 8 ) ( 5 15 8 )
5 11 ( 5 15 11 ) ( 5 44 11 )
5 15 ( 5 77 15 ) ( 5 57 15 )
5 16 ( 5 36 16 ) ( 5 15 16 )
5 18 ( 5 67 18 ) ( 5 77 18 )
5 21 ( 5 15 21 ) ( 5 36 21 )
5 23 ( 5 77 23 ) ( 5 36 23 )
6 19 ( 6 51 19 ) ( 6 47 19 )
6 20 ( 6 51 20 ) ( 6 19 20 )
7 8 ( 7 33 8 ) ( 7 11 8 )
7 11 ( 7 44 11 ) ( 7 73 11 )
7 15 ( 7 61 15 ) ( 7 21 57 43 15 )
7 16 ( 7 21 16 ) ( 7 67 16 )
7 18 ( 7 46 67 18 ) ( 7 8 18 )
8 11 ( 8 44 11 ) ( 8 33 11 )
8 15 ( 8 7 15 ) ( 8 43 15 )
8 16 ( 8 88 16 ) ( 8 48 16 )
8 18 ( 8 3 18 ) ( 8 88 18 )
9 10 ( 9 76 10 ) ( 9 64 10 )
11 15 ( 11 44 15 ) ( 11 21 15 )
11 16 ( 11 44 16 ) ( 11 33 16 )

EOF