DIMENSIONS
25 sommetsG2
20 sommetsG1
150 dem

SOMMETS
0  Berlin  C  52.52  13.38
1  Hamburg  C  53.55  10
2  Munchen  C  48.14  11.58
3  Koln  C  50.95  6.97
4  Frankfurt  T  50.12  8.68
5  Dortmund  C  51.51  7.48
6  Stuttgart  C  48.79  9.19
7  Essen  C  51.47  7
8  Dusseldorf  C  51.24  6.79
9  Bremen  T  53.08  8.81
10  Hannover  C  52.4  9.73
11  Duisburg  C  51.43  6.75
12  Nurnberg  C  49.45  11.05
13  Leipzig  C  51.35  12.4
14  Dresden  C  51.05  13.74
15  Bochum  C  51.48  7.2
16  Wuppertal  C  51.26  7.18
17  Bielefeld  C  52.03  8.53
18  Bonn  C  50.73  7.1
19  Mannheim  T  49.5  8.47
20  Karlsruhe  C  49  8.4
21  Gelsenkirchen  T  51.51  7.11
22  Wiesbaden  T  50.08  8.23
23  Munster  C  51.96  7.62
24  Monchengladbach  C  51.2  6.42

DEMANDES
0 1 ( 0 14 1 ) ( 0 10 23 1 )
0 2 ( 0 13 12 2 ) ( 0 20 2 )
0 3 ( 0 16 3 ) ( 0 5 3 )
0 5 ( 0 17 5 ) ( 0 15 5 )
0 6 ( 0 13 6 ) ( 0 20 6 )
0 7 ( 0 15 7 ) ( 0 10 7 )
0 8 ( 0 5 8 ) ( 0 7 8 )
0 10 ( 0 14 10 ) ( 0 23 10 )
0 11 ( 0 15 11 ) ( 0 10 11 )
0 12 ( 0 13 12 ) ( 0 14 12 )
0 13 ( 0 1 10 13 ) ( 0 6 13 )
0 14 ( 0 13 14 ) ( 0 12 14 )
0 15 ( 0 7 15 ) ( 0 13 15 )
0 16 ( 0 10 5 16 ) ( 0 15 16 )
0 17 ( 0 16 17 ) ( 0 7 17 )
0 18 ( 0 16 18 ) ( 0 10 5 18 )
0 20 ( 0 12 20 ) ( 0 14 20 )
0 23 ( 0 17 23 ) ( 0 10 23 )
0 24 ( 0 5 24 ) ( 0 15 24 )
1 2 ( 1 13 12 2 ) ( 1 17 2 )
1 3 ( 1 16 3 ) ( 1 17 3 )
1 5 ( 1 17 5 ) ( 1 7 5 )
1 6 ( 1 20 6 ) ( 1 12 6 )
1 7 ( 1 17 7 ) ( 1 16 7 )
1 8 ( 1 15 8 ) ( 1 7 8 )
1 10 ( 1 17 10 ) ( 1 23 10 )
1 11 ( 1 7 11 ) ( 1 15 11 )
1 12 ( 1 13 12 ) ( 1 2 12 )
1 13 ( 1 0 13 ) ( 1 17 13 )
1 14 ( 1 13 14 ) ( 1 10 14 )
1 15 ( 1 23 15 ) ( 1 16 15 )
1 16 ( 1 5 16 ) ( 1 17 16 )
1 17 ( 1 15 17 ) ( 1 23 15 5 17 )
1 18 ( 1 17 18 ) ( 1 5 18 )
1 20 ( 1 10 20 ) ( 1 17 20 )
1 23 ( 1 17 23 ) ( 1 10 23 )
1 24 ( 1 23 24 ) ( 1 7 24 )
2 3 ( 2 18 3 ) ( 2 6 3 )
2 5 ( 2 6 5 ) ( 2 20 5 )
2 6 ( 2 13 12 6 ) ( 2 5 6 )
2 7 ( 2 16 15 7 ) ( 2 18 7 )
2 8 ( 2 3 8 ) ( 2 12 8 )
2 10 ( 2 12 10 ) ( 2 6 10 )
2 11 ( 2 16 11 ) ( 2 8 11 )
2 12 ( 2 6 12 ) ( 2 13 12 )
2 13 ( 2 12 13 ) ( 2 0 13 )
2 14 ( 2 12 14 ) ( 2 0 14 )
2 15 ( 2 5 15 ) ( 2 16 15 )
2 16 ( 2 18 16 ) ( 2 3 16 )
2 17 ( 2 6 17 ) ( 2 15 17 )
2 18 ( 2 20 18 ) ( 2 15 16 18 )
2 20 ( 2 6 20 ) ( 2 12 20 )
2 23 ( 2 5 23 ) ( 2 17 23 )
2 24 ( 2 12 24 ) ( 2 5 24 )
3 5 ( 3 15 5 ) ( 3 7 5 )
3 6 ( 3 18 6 ) ( 3 8 6 )
3 7 ( 3 16 7 ) ( 3 8 7 )
3 8 ( 3 11 8 ) ( 3 16 8 )
3 10 ( 3 23 10 ) ( 3 18 10 )
3 11 ( 3 8 11 ) ( 3 16 11 )
3 12 ( 3 16 12 ) ( 3 6 12 )
3 13 ( 3 18 13 ) ( 3 5 13 )
3 14 ( 3 13 14 ) ( 3 15 14 )
3 15 ( 3 16 15 ) ( 3 11 15 )
3 16 ( 3 8 16 ) ( 3 18 16 )
3 17 ( 3 15 17 ) ( 3 23 17 )
3 18 ( 3 16 18 ) ( 3 8 18 )
3 20 ( 3 8 20 ) ( 3 18 16 20 )
3 23 ( 3 16 23 ) ( 3 5 23 )
3 24 ( 3 8 24 ) ( 3 11 24 )
5 6 ( 5 20 6 ) ( 5 16 6 )
5 7 ( 5 16 7 ) ( 5 11 7 )
5 8 ( 5 7 8 ) ( 5 11 8 )
5 10 ( 5 17 10 ) ( 5 16 10 )
5 11 ( 5 16 11 ) ( 5 3 8 11 )
5 12 ( 5 23 12 ) ( 5 7 12 )
5 13 ( 5 17 13 ) ( 5 15 13 )
5 15 ( 5 16 15 ) ( 5 7 15 )
5 16 ( 5 15 16 ) ( 5 7 16 )
5 17 ( 5 23 17 ) ( 5 11 17 )
5 18 ( 5 3 18 ) ( 5 7 18 )
5 20 ( 5 16 20 ) ( 5 15 20 )
5 23 ( 5 15 23 ) ( 5 16 23 )
5 24 ( 5 15 24 ) ( 5 7 24 )
6 7 ( 6 15 7 ) ( 6 18 7 )
6 8 ( 6 3 8 ) ( 6 18 8 )
6 10 ( 6 12 10 ) ( 6 5 10 )
6 11 ( 6 18 11 ) ( 6 7 11 )
6 12 ( 6 20 12 ) ( 6 10 12 )
6 13 ( 6 12 13 ) ( 6 20 12 2 13 )
6 14 ( 6 12 10 14 ) ( 6 5 14 )
6 15 ( 6 16 15 ) ( 6 5 15 )
6 16 ( 6 20 16 ) ( 6 15 16 )
6 17 ( 6 20 17 ) ( 6 5 17 )
6 18 ( 6 8 18 ) ( 6 16 15 18 )
6 20 ( 6 12 20 ) ( 6 16 18 20 )
7 8 ( 7 15 11 8 ) ( 7 24 8 )
7 10 ( 7 15 10 ) ( 7 5 17 10 )
7 11 ( 7 15 11 ) ( 7 24 8 11 )
7 12 ( 7 16 12 ) ( 7 18 12 )
7 13 ( 7 5 13 ) ( 7 17 13 )
7 15 ( 7 16 15 ) ( 7 11 15 )
7 16 ( 7 15 16 ) ( 7 11 16 )
7 17 ( 7 5 17 ) ( 7 16 15 17 )
7 18 ( 7 16 3 18 ) ( 7 15 18 )
7 20 ( 7 3 20 ) ( 7 15 20 )
7 23 ( 7 11 23 ) ( 7 8 23 )
7 24 ( 7 8 24 ) ( 7 18 24 )
8 10 ( 8 17 10 ) ( 8 11 10 )
8 11 ( 8 7 11 ) ( 8 16 11 )
8 12 ( 8 18 12 ) ( 8 15 12 )
8 15 ( 8 7 15 ) ( 8 3 15 )
8 16 ( 8 15 16 ) ( 8 5 16 )
8 17 ( 8 5 17 ) ( 8 7 17 )
8 18 ( 8 16 18 ) ( 8 7 18 )
8 20 ( 8 3 20 ) ( 8 16 20 )
8 23 ( 8 5 23 ) ( 8 11 23 )
8 24 ( 8 11 24 ) ( 8 7 24 )
10 11 ( 10 17 11 ) ( 10 5 11 )
10 12 ( 10 17 12 ) ( 10 13 12 )
10 13 ( 10 0 13 ) ( 10 23 13 )
10 14 ( 10 13 14 ) ( 10 0 14 )
10 15 ( 10 17 5 15 ) ( 10 23 15 )
10 16 ( 10 15 16 ) ( 10 7 16 )
10 17 ( 10 1 17 ) ( 10 15 17 )
10 18 ( 10 17 18 ) ( 10 16 18 )
10 23 ( 10 17 23 ) ( 10 15 23 )
11 15 ( 11 16 15 ) ( 11 7 5 15 )
11 16 ( 11 7 16 ) ( 11 15 16 )
11 17 ( 11 15 17 ) ( 11 5 17 )
11 18 ( 11 3 18 ) ( 11 24 18 )
11 20 ( 11 16 18 20 ) ( 11 24 20 )
11 23 ( 11 15 23 ) ( 11 8 23 )
11 24 ( 11 8 24 ) ( 11 7 24 )
12 13 ( 12 14 13 ) ( 12 20 13 )
12 14 ( 12 2 14 ) ( 12 0 14 )
12 20 ( 12 6 20 ) ( 12 3 20 )
13 14 ( 13 12 14 ) ( 13 2 14 )
15 16 ( 15 7 16 ) ( 15 8 16 )
15 17 ( 15 7 11 8 17 ) ( 15 18 17 )
15 18 ( 15 3 18 ) ( 15 8 18 )
15 23 ( 15 7 23 ) ( 15 16 23 )
15 24 ( 15 11 24 ) ( 15 16 8 24 )
16 17 ( 16 23 17 ) ( 16 3 17 )
16 18 ( 16 8 18 ) ( 16 7 3 18 )
16 23 ( 16 7 23 ) ( 16 11 15 23 )
16 24 ( 16 11 24 ) ( 16 7 24 )
17 23 ( 17 15 23 ) ( 17 16 23 )
18 23 ( 18 15 5 23 ) ( 18 8 23 )
18 24 ( 18 8 24 ) ( 18 11 24 )

EOF