DIMENSIONS
18 sommetsG2
16 sommetsG1
80 dem

SOMMETS
0  Berlin  C  52.52  13.38
1  Hamburg  C  53.55  10
2  Munchen  C  48.14  11.58
3  Koln  C  50.95  6.97
4  Frankfurt  C  50.12  8.68
5  Dortmund  C  51.51  7.48
6  Stuttgart  C  48.79  9.19
7  Essen  T  51.47  7
8  Dusseldorf  C  51.24  6.79
9  Bremen  C  53.08  8.81
10  Hannover  C  52.4  9.73
11  Duisburg  C  51.43  6.75
12  Nurnberg  C  49.45  11.05
13  Leipzig  C  51.35  12.4
14  Dresden  C  51.05  13.74
15  Bochum  T  51.48  7.2
16  Wuppertal  C  51.26  7.18
17  Bielefeld  C  52.03  8.53

DEMANDES
0 1 ( 0 13 1 ) ( 0 9 1 )
0 2 ( 0 13 2 ) ( 0 14 2 )
0 3 ( 0 16 3 ) ( 0 13 3 )
0 4 ( 0 10 4 ) ( 0 17 4 )
0 5 ( 0 17 5 ) ( 0 13 5 )
0 6 ( 0 13 6 ) ( 0 12 6 )
0 8 ( 0 16 8 ) ( 0 4 8 )
0 9 ( 0 10 9 ) ( 0 12 9 )
0 10 ( 0 17 10 ) ( 0 9 1 10 )
0 11 ( 0 5 11 ) ( 0 16 11 )
0 12 ( 0 2 12 ) ( 0 10 12 )
0 13 ( 0 10 13 ) ( 0 1 13 )
0 14 ( 0 12 14 ) ( 0 10 14 )
0 16 ( 0 5 16 ) ( 0 10 16 )
0 17 ( 0 1 17 ) ( 0 14 17 )
1 2 ( 1 12 2 ) ( 1 13 2 )
1 3 ( 1 16 3 ) ( 1 9 3 )
1 4 ( 1 10 4 ) ( 1 17 4 )
1 5 ( 1 17 5 ) ( 1 3 5 )
1 6 ( 1 4 6 ) ( 1 17 6 )
1 8 ( 1 5 8 ) ( 1 16 8 )
1 9 ( 1 16 9 ) ( 1 11 9 )
1 10 ( 1 9 10 ) ( 1 17 10 )
1 11 ( 1 9 11 ) ( 1 5 11 )
1 12 ( 1 9 12 ) ( 1 4 12 )
1 13 ( 1 0 13 ) ( 1 9 13 )
1 14 ( 1 13 14 ) ( 1 0 14 )
1 16 ( 1 5 16 ) ( 1 17 16 )
1 17 ( 1 5 17 ) ( 1 16 17 )
2 3 ( 2 16 3 ) ( 2 5 3 )
2 4 ( 2 16 4 ) ( 2 8 4 )
2 5 ( 2 6 5 ) ( 2 17 5 )
2 6 ( 2 12 6 ) ( 2 4 6 )
2 8 ( 2 4 3 8 ) ( 2 16 8 )
2 9 ( 2 12 9 ) ( 2 4 17 9 )
2 10 ( 2 12 10 ) ( 2 6 10 )
2 11 ( 2 4 11 ) ( 2 3 11 )
2 12 ( 2 13 12 ) ( 2 14 12 )
2 13 ( 2 12 13 ) ( 2 10 13 )
2 14 ( 2 12 14 ) ( 2 13 14 )
2 16 ( 2 12 16 ) ( 2 3 16 )
2 17 ( 2 12 5 17 ) ( 2 9 17 )
3 4 ( 3 8 4 ) ( 3 16 5 4 )
3 5 ( 3 8 16 5 ) ( 3 11 5 )
3 6 ( 3 4 6 ) ( 3 8 6 )
3 8 ( 3 11 8 ) ( 3 16 8 )
3 9 ( 3 16 9 ) ( 3 8 9 )
3 10 ( 3 16 10 ) ( 3 8 16 17 10 )
3 11 ( 3 16 8 4 11 ) ( 3 10 11 )
3 12 ( 3 8 12 ) ( 3 11 12 )
3 16 ( 3 8 16 ) ( 3 11 5 16 )
3 17 ( 3 8 17 ) ( 3 11 17 )
4 5 ( 4 17 16 5 ) ( 4 12 8 5 )
4 6 ( 4 3 6 ) ( 4 17 6 )
4 8 ( 4 16 8 ) ( 4 11 8 )
4 9 ( 4 5 9 ) ( 4 3 9 )
4 10 ( 4 17 10 ) ( 4 3 10 )
4 11 ( 4 3 11 ) ( 4 5 11 )
4 12 ( 4 6 12 ) ( 4 17 12 )
4 16 ( 4 5 16 ) ( 4 11 16 )
4 17 ( 4 16 17 ) ( 4 10 17 )
5 6 ( 5 4 6 ) ( 5 3 6 )
5 8 ( 5 16 8 ) ( 5 3 8 )
5 9 ( 5 17 9 ) ( 5 16 9 )
5 10 ( 5 11 10 ) ( 5 3 10 )
5 11 ( 5 17 11 ) ( 5 10 17 3 11 )
5 16 ( 5 3 16 ) ( 5 4 16 )
5 17 ( 5 3 17 ) ( 5 11 16 17 )
6 12 ( 6 4 12 ) ( 6 10 12 )
8 9 ( 8 11 9 ) ( 8 16 9 )
8 11 ( 8 3 16 11 ) ( 8 17 11 )
8 16 ( 8 4 17 5 16 ) ( 8 10 9 16 )
8 17 ( 8 5 17 ) ( 8 3 17 )
9 10 ( 9 1 10 ) ( 9 5 16 10 )
9 11 ( 9 16 11 ) ( 9 5 8 11 )
9 17 ( 9 5 17 ) ( 9 1 17 )
10 17 ( 10 1 17 ) ( 10 5 17 )
11 16 ( 11 3 16 ) ( 11 8 5 16 )
12 13 ( 12 14 13 ) ( 12 0 13 )
13 14 ( 13 0 14 ) ( 13 12 14 )

EOF