DIMENSIONS
45 sommetsG2
40 sommetsG1
45 dem

SOMMETS
0  Berlin  C  52.52  13.38
1  Hamburg  C  53.55  10
2  Munchen  C  48.14  11.58
3  Koln  C  50.95  6.97
4  Frankfurt  C  50.12  8.68
5  Dortmund  C  51.51  7.48
6  Stuttgart  C  48.79  9.19
7  Essen  C  51.47  7
8  Dusseldorf  T  51.24  6.79
9  Bremen  C  53.08  8.81
10  Hannover  C  52.4  9.73
11  Duisburg  C  51.43  6.75
12  Nurnberg  C  49.45  11.05
13  Leipzig  C  51.35  12.4
14  Dresden  C  51.05  13.74
15  Bochum  C  51.48  7.2
16  Wuppertal  C  51.26  7.18
17  Bielefeld  T  52.03  8.53
18  Bonn  C  50.73  7.1
19  Mannheim  C  49.5  8.47
20  Karlsruhe  C  49  8.4
21  Gelsenkirchen  C  51.51  7.11
22  Wiesbaden  C  50.08  8.23
23  Munster  C  51.96  7.62
24  Monchengladbach  C  51.2  6.42
25  Augsburg  C  48.36  10.89
26  Chemnitz  C  50.83  12.92
27  Aachen  C  50.77  6.09
28  Braunschweig  C  52.27  10.51
29  Krefeld  C  51.33  6.55
30  Halle  C  51.48  11.96
31  Kiel  C  54.32  10.12
32  Magdeburg  C  52.13  11.62
33  Oberhausen  C  51.47  6.86
34  Lubeck  C  53.87  10.66
35  Freiburg  T  47.99  7.85
36  Hagen  C  51.37  7.46
37  Erfurt  T  50.99  11.03
38  Rostock  C  54.09  12.1
39  Kassel  C  51.32  9.48
40  Mainz  C  50  8.26
41  Hamm  T  51.67  7.8
42  Saarbrucken  C  49.25  6.97
43  Herne  C  51.54  7.21
44  Mulheim  C  51.43  6.86

DEMANDES
0 1 ( 0 32 1 ) ( 0 28 1 )
0 2 ( 0 26 2 ) ( 0 14 2 )
0 3 ( 0 39 3 ) ( 0 36 16 3 )
0 4 ( 0 30 4 ) ( 0 39 4 )
0 5 ( 0 32 5 ) ( 0 28 5 )
0 6 ( 0 12 6 ) ( 0 26 6 )
0 7 ( 0 32 5 7 ) ( 0 28 7 )
0 9 ( 0 28 9 ) ( 0 34 9 )
0 10 ( 0 28 10 ) ( 0 13 10 )
0 11 ( 0 15 11 ) ( 0 5 11 )
0 12 ( 0 13 30 12 ) ( 0 28 12 )
0 13 ( 0 26 13 ) ( 0 14 13 )
0 14 ( 0 26 14 ) ( 0 38 14 )
0 15 ( 0 5 15 ) ( 0 32 15 )
0 26 ( 0 30 26 ) ( 0 32 26 )
0 28 ( 0 30 32 28 ) ( 0 13 28 )
0 30 ( 0 32 30 ) ( 0 26 30 )
0 31 ( 0 38 31 ) ( 0 1 31 )
0 32 ( 0 30 32 ) ( 0 26 13 32 )
0 34 ( 0 38 34 ) ( 0 32 34 )
0 38 ( 0 13 38 ) ( 0 30 38 )
1 2 ( 1 28 2 ) ( 1 30 2 )
1 3 ( 1 5 3 ) ( 1 16 3 )
1 4 ( 1 10 4 ) ( 1 28 4 )
1 5 ( 1 23 5 ) ( 1 36 5 )
1 7 ( 1 43 7 ) ( 1 15 7 )
1 9 ( 1 31 9 ) ( 1 34 9 )
1 10 ( 1 28 10 ) ( 1 9 10 )
1 13 ( 1 32 13 ) ( 1 28 13 )
1 28 ( 1 34 28 ) ( 1 31 28 )
1 31 ( 1 9 31 ) ( 1 10 28 34 31 )
1 34 ( 1 31 34 ) ( 1 9 34 )
2 6 ( 2 25 6 ) ( 2 12 6 )
2 12 ( 2 25 12 ) ( 2 4 12 )
2 25 ( 2 6 25 ) ( 2 20 25 )
3 4 ( 3 18 40 4 ) ( 3 15 4 )
3 5 ( 3 16 5 ) ( 3 36 5 )
3 7 ( 3 21 7 ) ( 3 18 7 )
3 11 ( 3 33 11 ) ( 3 7 11 )
3 15 ( 3 43 15 ) ( 3 44 7 15 )
3 16 ( 3 18 16 ) ( 3 7 16 )
3 18 ( 3 44 18 ) ( 3 33 18 )
3 21 ( 3 16 21 ) ( 3 44 21 )
3 24 ( 3 29 24 ) ( 3 16 24 )
5 7 ( 5 43 7 ) ( 5 33 7 )

EOF