DIMENSIONS
14 sommetsG2
12 sommetsG1
40 dem

SOMMETS
0  Berlin  C  52.52  13.38
1  Hamburg  C  53.55  10
2  Munchen  C  48.14  11.58
3  Koln  C  50.95  6.97
4  Frankfurt  C  50.12  8.68
5  Dortmund  T  51.51  7.48
6  Stuttgart  C  48.79  9.19
7  Essen  C  51.47  7
8  Dusseldorf  C  51.24  6.79
9  Bremen  C  53.08  8.81
10  Hannover  C  52.4  9.73
11  Duisburg  T  51.43  6.75
12  Nurnberg  C  49.45  11.05
13  Leipzig  C  51.35  12.4

DEMANDES
0 1 ( 0 9 1 ) ( 0 12 1 )
0 2 ( 0 13 2 ) ( 0 6 2 )
0 3 ( 0 7 3 ) ( 0 9 3 )
0 4 ( 0 13 4 ) ( 0 10 4 )
0 6 ( 0 4 6 ) ( 0 9 6 )
0 7 ( 0 13 7 ) ( 0 1 7 )
0 8 ( 0 7 8 ) ( 0 10 8 )
0 9 ( 0 13 9 ) ( 0 12 9 )
0 10 ( 0 13 10 ) ( 0 1 10 )
0 12 ( 0 4 12 ) ( 0 1 12 )
0 13 ( 0 12 13 ) ( 0 1 13 )
1 2 ( 1 10 2 ) ( 1 6 2 )
1 3 ( 1 4 3 ) ( 1 6 3 )
1 4 ( 1 10 4 ) ( 1 8 4 )
1 6 ( 1 9 6 ) ( 1 7 6 )
1 7 ( 1 8 7 ) ( 1 3 7 )
1 8 ( 1 9 8 ) ( 1 10 8 )
1 9 ( 1 4 9 ) ( 1 8 9 )
1 10 ( 1 3 10 ) ( 1 8 10 )
1 12 ( 1 10 12 ) ( 1 9 12 )
1 13 ( 1 10 13 ) ( 1 4 13 )
2 3 ( 2 4 3 ) ( 2 6 3 )
2 4 ( 2 6 4 ) ( 2 10 4 )
2 6 ( 2 12 6 ) ( 2 4 6 )
2 7 ( 2 4 7 ) ( 2 3 7 )
2 10 ( 2 13 10 ) ( 2 9 10 )
2 12 ( 2 6 12 ) ( 2 4 12 )
2 13 ( 2 12 13 ) ( 2 4 13 )
3 4 ( 3 8 4 ) ( 3 7 4 )
3 6 ( 3 4 6 ) ( 3 7 6 )
3 7 ( 3 12 7 ) ( 3 13 7 )
3 8 ( 3 4 8 ) ( 3 6 8 )
3 9 ( 3 7 9 ) ( 3 1 9 )
3 10 ( 3 7 10 ) ( 3 8 10 )
4 6 ( 4 12 6 ) ( 4 7 6 )
4 7 ( 4 6 7 ) ( 4 10 7 )
4 8 ( 4 12 8 ) ( 4 7 9 8 )
6 12 ( 6 4 12 ) ( 6 10 12 )
7 8 ( 7 4 8 ) ( 7 9 8 )
9 10 ( 9 1 10 ) ( 9 7 10 )

EOF