DIMENSIONS
12 sommetsG2
10 sommetsG1
20 dem

SOMMETS
0  London  C  51.52  -0.1
1  Glasgow  C  55.87  -4.27
2  Birmingham  C  52.48  -1.91
3  Liverpool  C  53.42  -2.99
4  Edinburgh  T  55.95  -3.22
5  Sheffield  C  53.39  -1.48
6  Leeds  C  53.81  -1.55
7  Bristol  C  51.46  -2.6
8  Manchester  C  53.48  -2.25
9  Leicester  C  52.64  -1.13
10  Kingston-upon-hull  T  53.75  -0.36
11  Coventry  C  52.42  -1.5

DEMANDES
0 1 ( 0 9 1 ) ( 0 5 1 )
0 2 ( 0 9 2 ) ( 0 7 2 )
0 3 ( 0 9 3 ) ( 0 8 3 )
0 5 ( 0 11 5 ) ( 0 2 6 5 )
0 6 ( 0 5 6 ) ( 0 2 6 )
0 7 ( 0 5 11 7 ) ( 0 3 7 )
0 8 ( 0 11 8 ) ( 0 5 8 )
0 9 ( 0 6 9 ) ( 0 8 9 )
0 11 ( 0 9 11 ) ( 0 5 11 )
1 2 ( 1 3 2 ) ( 1 0 2 )
1 3 ( 1 2 7 3 ) ( 1 3 )
2 3 ( 2 8 3 ) ( 2 11 3 )
2 5 ( 2 11 5 ) ( 2 6 5 )
2 6 ( 2 11 6 ) ( 2 9 6 )
2 7 ( 2 11 7 ) ( 2 9 7 )
2 8 ( 2 3 8 ) ( 2 9 8 )
2 9 ( 2 11 9 ) ( 2 8 9 )
2 11 ( 2 9 11 ) ( 2 5 11 )
3 8 ( 3 6 8 ) ( 3 2 8 )
5 6 ( 5 2 6 ) ( 5 9 3 6 )

EOF