DIMENSIONS
20 sommetsG2
18 sommetsG1
75 dem

SOMMETS
0  London  C  51.52  -0.1
1  Glasgow  C  55.87  -4.27
2  Birmingham  C  52.48  -1.91
3  Liverpool  C  53.42  -2.99
4  Edinburgh  C  55.95  -3.22
5  Sheffield  C  53.39  -1.48
6  Leeds  C  53.81  -1.55
7  Bristol  T  51.46  -2.6
8  Manchester  C  53.48  -2.25
9  Leicester  C  52.64  -1.13
10  Kingston-upon-hull  C  53.75  -0.36
11  Coventry  C  52.42  -1.5
12  Bradford  C  53.8  -1.75
13  Cardiff  C  51.48  -3.18
14  Nottingham  C  52.97  -1.18
15  Stoke-on-trent  C  53.01  -2.19
16  Wolverhampton  T  52.59  -2.15
17  Plymouth  C  50.38  -4.16
18  Belfast  C  54.6  -5.93
19  Derby  C  52.92  -1.5

DEMANDES
0 1 ( 0 9 1 ) ( 0 14 1 )
0 2 ( 0 9 2 ) ( 0 19 2 )
0 3 ( 0 19 3 ) ( 0 15 8 3 )
0 4 ( 0 9 4 ) ( 0 19 4 )
0 5 ( 0 9 5 ) ( 0 19 5 )
0 6 ( 0 5 6 ) ( 0 12 6 )
0 8 ( 0 11 8 ) ( 0 15 8 )
0 9 ( 0 11 9 ) ( 0 14 19 9 )
0 10 ( 0 19 10 ) ( 0 14 9 10 )
0 11 ( 0 2 11 ) ( 0 9 19 11 )
0 12 ( 0 14 12 ) ( 0 9 12 )
0 13 ( 0 2 13 ) ( 0 14 11 13 )
0 14 ( 0 9 14 ) ( 0 19 14 )
0 15 ( 0 11 15 ) ( 0 2 15 )
0 17 ( 0 19 17 ) ( 0 14 17 )
0 18 ( 0 2 18 ) ( 0 11 15 18 )
0 19 ( 0 11 19 ) ( 0 5 19 )
1 2 ( 1 8 2 ) ( 1 3 2 )
1 3 ( 1 15 3 ) ( 1 5 3 )
1 4 ( 1 18 4 ) ( 1 3 4 )
1 5 ( 1 6 5 ) ( 1 8 19 5 )
1 6 ( 1 12 6 ) ( 1 4 6 )
1 8 ( 1 3 8 ) ( 1 4 8 )
1 9 ( 1 8 9 ) ( 1 5 9 )
1 10 ( 1 6 10 ) ( 1 8 12 10 )
1 11 ( 1 8 11 ) ( 1 15 11 )
1 12 ( 1 6 12 ) ( 1 8 12 )
1 13 ( 1 3 13 ) ( 1 8 13 )
1 14 ( 1 12 14 ) ( 1 6 14 )
1 15 ( 1 6 15 ) ( 1 5 15 )
1 18 ( 1 3 18 ) ( 1 6 18 )
2 3 ( 2 11 3 ) ( 2 5 8 3 )
2 4 ( 2 8 4 ) ( 2 15 4 )
2 5 ( 2 14 5 ) ( 2 9 5 )
2 6 ( 2 5 6 ) ( 2 12 6 )
2 8 ( 2 14 8 ) ( 2 6 8 )
2 9 ( 2 11 9 ) ( 2 15 9 )
2 10 ( 2 19 10 ) ( 2 9 10 )
2 11 ( 2 19 11 ) ( 2 15 11 )
2 12 ( 2 19 12 ) ( 2 6 12 )
2 13 ( 2 19 13 ) ( 2 8 13 )
2 14 ( 2 19 14 ) ( 2 11 14 )
2 15 ( 2 19 15 ) ( 2 11 15 )
2 17 ( 2 9 17 ) ( 2 11 15 17 )
2 19 ( 2 15 14 19 ) ( 2 8 19 )
3 5 ( 3 15 5 ) ( 3 12 5 )
3 6 ( 3 12 8 6 ) ( 3 19 14 6 )
3 8 ( 3 15 8 ) ( 3 2 8 )
3 12 ( 3 5 12 ) ( 3 19 12 )
3 15 ( 3 12 15 ) ( 3 5 19 15 )
5 6 ( 5 8 6 ) ( 5 19 14 6 )
5 8 ( 5 6 8 ) ( 5 15 8 )
5 9 ( 5 14 9 ) ( 5 19 9 )
5 10 ( 5 14 10 ) ( 5 19 10 )
5 11 ( 5 14 11 ) ( 5 19 14 9 11 )
5 12 ( 5 19 12 ) ( 5 9 12 )
5 14 ( 5 19 14 ) ( 5 12 14 )
5 15 ( 5 19 15 ) ( 5 8 15 )
5 19 ( 5 9 19 ) ( 5 12 19 )
6 8 ( 6 12 8 ) ( 6 19 8 )
6 9 ( 6 14 9 ) ( 6 5 9 )
6 10 ( 6 5 10 ) ( 6 19 14 10 )
6 11 ( 6 19 11 ) ( 6 5 19 14 11 )
6 12 ( 6 8 12 ) ( 6 14 12 )
6 14 ( 6 12 14 ) ( 6 11 14 )
6 15 ( 6 5 15 ) ( 6 19 15 )
6 19 ( 6 12 19 ) ( 6 5 14 19 )
8 9 ( 8 19 9 ) ( 8 14 9 )
8 11 ( 8 2 11 ) ( 8 15 19 11 )
8 12 ( 8 15 12 ) ( 8 19 5 12 )
8 14 ( 8 12 14 ) ( 8 19 9 14 )
8 15 ( 8 12 15 ) ( 8 19 15 )
8 19 ( 8 5 19 ) ( 8 2 19 )
9 11 ( 9 19 11 ) ( 9 14 11 )
9 14 ( 9 5 14 ) ( 9 2 14 )

EOF