DIMENSIONS
35 sommetsG2
30 sommetsG1
80 dem

SOMMETS
0  London  C  51.52  -0.1
1  Glasgow  C  55.87  -4.27
2  Birmingham  C  52.48  -1.91
3  Liverpool  C  53.42  -2.99
4  Edinburgh  C  55.95  -3.22
5  Sheffield  C  53.39  -1.48
6  Leeds  T  53.81  -1.55
7  Bristol  C  51.46  -2.6
8  Manchester  C  53.48  -2.25
9  Leicester  C  52.64  -1.13
10  Kingston-upon-hull  C  53.75  -0.36
11  Coventry  C  52.42  -1.5
12  Bradford  C  53.8  -1.75
13  Cardiff  T  51.48  -3.18
14  Nottingham  C  52.97  -1.18
15  Stoke-on-trent  C  53.01  -2.19
16  Wolverhampton  C  52.59  -2.15
17  Plymouth  C  50.38  -4.16
18  Belfast  C  54.6  -5.93
19  Derby  C  52.92  -1.5
20  Reading  C  51.45  -0.98
21  Southampton  C  50.91  -1.41
22  Dudley  C  52.5  -2.08
23  Aberdeen  C  57.15  -2.1
24  Newcastle-upon-tyne  C  55  -1.6
25  Preston  C  53.76  -2.73
26  Luton  C  51.9  -0.44
27  Sunderland  T  54.91  -1.39
28  Portsmouth  C  50.81  -1.09
29  Walsall  T  52.6  -1.97
30  Norwich  C  52.65  1.28
31  Swansea  T  51.63  -3.96
32  Bournemouth  C  50.73  -1.88
33  Southend-on-sea  C  51.55  0.71
34  Swindon  C  51.57  -1.78

DEMANDES
0 1 ( 0 19 1 ) ( 0 26 8 1 )
0 2 ( 0 11 2 ) ( 0 20 2 )
0 3 ( 0 11 15 3 ) ( 0 26 3 )
0 4 ( 0 12 4 ) ( 0 26 4 )
0 5 ( 0 9 5 ) ( 0 20 14 5 )
0 7 ( 0 20 7 ) ( 0 34 7 )
0 8 ( 0 11 8 ) ( 0 14 8 )
0 9 ( 0 26 9 ) ( 0 20 9 )
0 10 ( 0 26 10 ) ( 0 9 10 )
0 11 ( 0 26 11 ) ( 0 9 11 )
0 12 ( 0 14 12 ) ( 0 26 5 12 )
0 14 ( 0 9 14 ) ( 0 19 14 )
0 15 ( 0 11 15 ) ( 0 26 15 )
0 16 ( 0 22 16 ) ( 0 26 16 )
0 17 ( 0 20 17 ) ( 0 34 17 )
0 18 ( 0 2 18 ) ( 0 16 18 )
0 19 ( 0 14 19 ) ( 0 26 11 19 )
0 20 ( 0 26 20 ) ( 0 28 20 )
0 21 ( 0 28 21 ) ( 0 26 34 21 )
0 22 ( 0 2 22 ) ( 0 26 22 )
0 23 ( 0 24 23 ) ( 0 10 23 )
0 24 ( 0 26 24 ) ( 0 14 24 )
0 25 ( 0 26 25 ) ( 0 19 25 )
0 26 ( 0 20 26 ) ( 0 28 26 )
0 28 ( 0 20 28 ) ( 0 26 28 )
0 30 ( 0 10 30 ) ( 0 14 30 )
0 32 ( 0 28 32 ) ( 0 20 32 )
0 33 ( 0 20 33 ) ( 0 30 33 )
0 34 ( 0 20 34 ) ( 0 21 34 )
1 2 ( 1 25 2 ) ( 1 8 2 )
1 3 ( 1 25 3 ) ( 1 24 3 )
1 4 ( 1 25 4 ) ( 1 3 4 )
1 5 ( 1 8 5 ) ( 1 24 5 )
1 7 ( 1 3 7 ) ( 1 16 7 )
1 8 ( 1 3 8 ) ( 1 12 8 )
1 12 ( 1 8 12 ) ( 1 3 12 )
1 15 ( 1 25 15 ) ( 1 3 15 )
1 18 ( 1 4 18 ) ( 1 12 18 )
1 23 ( 1 3 23 ) ( 1 8 23 )
1 25 ( 1 8 25 ) ( 1 4 15 25 )
2 3 ( 2 15 3 ) ( 2 16 22 3 )
2 4 ( 2 8 4 ) ( 2 16 4 )
2 5 ( 2 19 5 ) ( 2 16 5 )
2 7 ( 2 34 7 ) ( 2 15 7 )
2 8 ( 2 16 8 ) ( 2 22 8 )
2 9 ( 2 22 9 ) ( 2 16 9 )
2 10 ( 2 14 10 ) ( 2 19 10 )
2 11 ( 2 16 11 ) ( 2 19 11 )
2 12 ( 2 5 12 ) ( 2 22 12 )
2 14 ( 2 16 14 ) ( 2 19 5 14 )
2 15 ( 2 22 15 ) ( 2 9 15 )
2 16 ( 2 22 16 ) ( 2 8 16 )
2 17 ( 2 22 7 17 ) ( 2 11 17 )
2 19 ( 2 22 19 ) ( 2 14 19 )
2 20 ( 2 22 34 20 ) ( 2 9 20 )
2 21 ( 2 34 21 ) ( 2 11 21 )
2 22 ( 2 15 22 ) ( 2 19 22 )
2 25 ( 2 22 25 ) ( 2 3 25 )
2 26 ( 2 11 9 26 ) ( 2 19 26 )
2 28 ( 2 34 28 ) ( 2 20 28 )
2 32 ( 2 22 32 ) ( 2 16 11 32 )
2 34 ( 2 7 34 ) ( 2 15 34 )
3 5 ( 3 8 5 ) ( 3 25 15 5 )
3 8 ( 3 15 8 ) ( 3 16 8 )
3 12 ( 3 19 12 ) ( 3 22 15 12 )
3 15 ( 3 25 15 ) ( 3 16 15 )
3 16 ( 3 22 16 ) ( 3 8 16 )
3 25 ( 3 8 25 ) ( 3 16 25 )
5 8 ( 5 12 8 ) ( 5 15 8 )
5 9 ( 5 14 9 ) ( 5 11 9 )
5 10 ( 5 19 10 ) ( 5 12 10 )
5 11 ( 5 2 11 ) ( 5 22 11 )
5 12 ( 5 19 12 ) ( 5 14 12 )
5 14 ( 5 19 9 14 ) ( 5 12 14 )
5 15 ( 5 12 15 ) ( 5 16 15 )
5 16 ( 5 19 16 ) ( 5 2 16 )
5 19 ( 5 12 19 ) ( 5 8 19 )
8 12 ( 8 15 12 ) ( 8 5 14 12 )
8 15 ( 8 25 15 ) ( 8 12 15 )
8 16 ( 8 2 16 ) ( 8 19 16 )

EOF