DIMENSIONS
35 sommetsG2
30 sommetsG1
130 dem

SOMMETS
0  London  C  51.52  -0.1
1  Glasgow  C  55.87  -4.27
2  Birmingham  C  52.48  -1.91
3  Liverpool  C  53.42  -2.99
4  Edinburgh  C  55.95  -3.22
5  Sheffield  C  53.39  -1.48
6  Leeds  T  53.81  -1.55
7  Bristol  C  51.46  -2.6
8  Manchester  C  53.48  -2.25
9  Leicester  C  52.64  -1.13
10  Kingston-upon-hull  C  53.75  -0.36
11  Coventry  C  52.42  -1.5
12  Bradford  C  53.8  -1.75
13  Cardiff  T  51.48  -3.18
14  Nottingham  C  52.97  -1.18
15  Stoke-on-trent  C  53.01  -2.19
16  Wolverhampton  C  52.59  -2.15
17  Plymouth  C  50.38  -4.16
18  Belfast  C  54.6  -5.93
19  Derby  C  52.92  -1.5
20  Reading  C  51.45  -0.98
21  Southampton  C  50.91  -1.41
22  Dudley  C  52.5  -2.08
23  Aberdeen  C  57.15  -2.1
24  Newcastle-upon-tyne  C  55  -1.6
25  Preston  C  53.76  -2.73
26  Luton  C  51.9  -0.44
27  Sunderland  T  54.91  -1.39
28  Portsmouth  C  50.81  -1.09
29  Walsall  T  52.6  -1.97
30  Norwich  C  52.65  1.28
31  Swansea  T  51.63  -3.96
32  Bournemouth  C  50.73  -1.88
33  Southend-on-sea  C  51.55  0.71
34  Swindon  C  51.57  -1.78

DEMANDES
0 1 ( 0 19 1 ) ( 0 26 8 1 )
0 2 ( 0 11 2 ) ( 0 20 2 )
0 3 ( 0 11 15 3 ) ( 0 26 3 )
0 4 ( 0 12 4 ) ( 0 26 4 )
0 5 ( 0 9 5 ) ( 0 20 14 5 )
0 7 ( 0 20 7 ) ( 0 34 7 )
0 8 ( 0 11 8 ) ( 0 14 8 )
0 9 ( 0 26 9 ) ( 0 20 9 )
0 10 ( 0 26 10 ) ( 0 9 10 )
0 11 ( 0 26 11 ) ( 0 9 11 )
0 12 ( 0 14 12 ) ( 0 26 5 12 )
0 14 ( 0 9 14 ) ( 0 19 14 )
0 15 ( 0 11 15 ) ( 0 26 15 )
0 16 ( 0 22 16 ) ( 0 26 16 )
0 17 ( 0 20 17 ) ( 0 34 17 )
0 18 ( 0 2 18 ) ( 0 16 18 )
0 19 ( 0 14 19 ) ( 0 26 11 19 )
0 20 ( 0 26 20 ) ( 0 28 20 )
0 21 ( 0 28 21 ) ( 0 26 34 21 )
0 22 ( 0 2 22 ) ( 0 26 22 )
0 23 ( 0 24 23 ) ( 0 10 23 )
0 24 ( 0 26 24 ) ( 0 14 24 )
0 25 ( 0 26 25 ) ( 0 19 25 )
0 26 ( 0 20 26 ) ( 0 28 26 )
0 28 ( 0 20 28 ) ( 0 26 28 )
0 30 ( 0 10 30 ) ( 0 14 30 )
0 32 ( 0 28 32 ) ( 0 20 32 )
0 33 ( 0 20 33 ) ( 0 30 33 )
0 34 ( 0 20 34 ) ( 0 21 34 )
1 2 ( 1 25 2 ) ( 1 8 2 )
1 3 ( 1 25 3 ) ( 1 24 3 )
1 4 ( 1 25 4 ) ( 1 3 4 )
1 5 ( 1 8 5 ) ( 1 24 5 )
1 7 ( 1 3 7 ) ( 1 16 7 )
1 8 ( 1 3 8 ) ( 1 12 8 )
1 9 ( 1 19 9 ) ( 1 5 9 )
1 10 ( 1 24 10 ) ( 1 12 10 )
1 11 ( 1 3 11 ) ( 1 16 11 )
1 12 ( 1 25 12 ) ( 1 8 5 12 )
1 14 ( 1 5 14 ) ( 1 8 14 )
1 15 ( 1 25 15 ) ( 1 16 15 )
1 16 ( 1 25 16 ) ( 1 15 16 )
1 18 ( 1 4 18 ) ( 1 3 25 18 )
1 19 ( 1 8 19 ) ( 1 25 19 )
1 22 ( 1 16 22 ) ( 1 25 22 )
1 23 ( 1 18 23 ) ( 1 25 12 23 )
1 24 ( 1 4 12 24 ) ( 1 15 8 24 )
1 25 ( 1 12 25 ) ( 1 15 25 )
2 3 ( 2 16 3 ) ( 2 8 3 )
2 4 ( 2 8 4 ) ( 2 15 4 )
2 5 ( 2 19 5 ) ( 2 16 5 )
2 7 ( 2 22 7 ) ( 2 11 7 )
2 8 ( 2 15 8 ) ( 2 22 8 )
2 9 ( 2 11 9 ) ( 2 19 9 )
2 10 ( 2 19 10 ) ( 2 11 10 )
2 11 ( 2 14 11 ) ( 2 16 22 9 11 )
2 12 ( 2 5 12 ) ( 2 15 12 )
2 14 ( 2 11 14 ) ( 2 22 14 )
2 15 ( 2 16 15 ) ( 2 19 15 )
2 16 ( 2 22 16 ) ( 2 19 16 )
2 17 ( 2 22 17 ) ( 2 15 17 )
2 18 ( 2 22 18 ) ( 2 3 18 )
2 19 ( 2 16 19 ) ( 2 9 19 )
2 20 ( 2 11 20 ) ( 2 22 20 )
2 21 ( 2 34 21 ) ( 2 22 21 )
2 22 ( 2 16 22 ) ( 2 19 11 22 )
2 24 ( 2 22 24 ) ( 2 16 15 24 )
2 25 ( 2 16 25 ) ( 2 8 25 )
2 26 ( 2 22 26 ) ( 2 11 20 26 )
2 28 ( 2 34 28 ) ( 2 22 28 )
2 30 ( 2 11 30 ) ( 2 9 30 )
2 32 ( 2 34 32 ) ( 2 22 32 )
2 33 ( 2 11 33 ) ( 2 20 33 )
2 34 ( 2 22 34 ) ( 2 11 34 )
3 4 ( 3 25 4 ) ( 3 8 4 )
3 5 ( 3 19 5 ) ( 3 15 8 5 )
3 7 ( 3 15 7 ) ( 3 2 7 )
3 8 ( 3 25 8 ) ( 3 15 8 )
3 9 ( 3 15 9 ) ( 3 8 9 )
3 11 ( 3 2 11 ) ( 3 16 11 )
3 12 ( 3 8 12 ) ( 3 15 12 )
3 14 ( 3 25 14 ) ( 3 2 22 14 )
3 15 ( 3 25 8 15 ) ( 3 22 15 )
3 16 ( 3 22 16 ) ( 3 25 16 )
3 19 ( 3 16 19 ) ( 3 5 19 )
3 22 ( 3 16 22 ) ( 3 8 22 )
3 25 ( 3 8 25 ) ( 3 22 25 )
5 7 ( 5 16 7 ) ( 5 19 7 )
5 8 ( 5 19 8 ) ( 5 25 8 )
5 9 ( 5 19 9 ) ( 5 11 9 )
5 10 ( 5 14 10 ) ( 5 19 10 )
5 11 ( 5 19 11 ) ( 5 9 11 )
5 12 ( 5 8 12 ) ( 5 14 12 )
5 14 ( 5 19 14 ) ( 5 15 14 )
5 15 ( 5 19 15 ) ( 5 8 15 )
5 16 ( 5 22 16 ) ( 5 19 16 )
5 19 ( 5 9 19 ) ( 5 12 19 )
5 22 ( 5 16 22 ) ( 5 2 22 )
7 8 ( 7 15 8 ) ( 7 16 8 )
7 9 ( 7 2 9 ) ( 7 16 9 )
7 11 ( 7 34 11 ) ( 7 22 11 )
7 15 ( 7 16 15 ) ( 7 2 11 15 )
7 16 ( 7 22 16 ) ( 7 2 16 )
7 21 ( 7 32 21 ) ( 7 34 21 )
7 22 ( 7 11 22 ) ( 7 15 2 22 )
7 32 ( 7 21 32 ) ( 7 34 21 28 32 )
7 34 ( 7 22 34 ) ( 7 2 34 )
8 9 ( 8 14 9 ) ( 8 5 9 )
8 11 ( 8 15 11 ) ( 8 19 11 )
8 12 ( 8 25 12 ) ( 8 19 12 )
8 14 ( 8 5 14 ) ( 8 15 14 )
8 15 ( 8 16 15 ) ( 8 25 15 )
8 16 ( 8 19 16 ) ( 8 5 16 )
8 19 ( 8 15 19 ) ( 8 5 19 )
8 22 ( 8 15 22 ) ( 8 16 22 )
8 25 ( 8 3 25 ) ( 8 5 25 )
9 10 ( 9 5 10 ) ( 9 11 10 )
9 11 ( 9 19 11 ) ( 9 14 11 )
9 12 ( 9 19 12 ) ( 9 16 12 )
9 14 ( 9 19 14 ) ( 9 11 14 )
9 15 ( 9 11 15 ) ( 9 16 15 )
9 16 ( 9 14 16 ) ( 9 15 16 )
9 19 ( 9 11 19 ) ( 9 22 19 )
10 14 ( 10 5 19 14 ) ( 10 12 14 )
11 14 ( 11 19 14 ) ( 11 2 14 )
11 15 ( 11 2 15 ) ( 11 16 15 )
11 16 ( 11 19 22 16 ) ( 11 34 2 16 )
12 14 ( 12 19 14 ) ( 12 15 14 )
12 15 ( 12 16 15 ) ( 12 8 5 15 )
14 15 ( 14 19 15 ) ( 14 9 15 )

EOF