DIMENSIONS
50 sommetsG2
45 sommetsG1
80 dem

SOMMETS
0  London  C  51.52  -0.1
1  Glasgow  C  55.87  -4.27
2  Birmingham  C  52.48  -1.91
3  Liverpool  C  53.42  -2.99
4  Edinburgh  C  55.95  -3.22
5  Sheffield  C  53.39  -1.48
6  Leeds  C  53.81  -1.55
7  Bristol  C  51.46  -2.6
8  Manchester  C  53.48  -2.25
9  Leicester  T  52.64  -1.13
10  Kingston-upon-hull  C  53.75  -0.36
11  Coventry  C  52.42  -1.5
12  Bradford  C  53.8  -1.75
13  Cardiff  C  51.48  -3.18
14  Nottingham  C  52.97  -1.18
15  Stoke-on-trent  C  53.01  -2.19
16  Wolverhampton  C  52.59  -2.15
17  Plymouth  C  50.38  -4.16
18  Belfast  C  54.6  -5.93
19  Derby  T  52.92  -1.5
20  Reading  C  51.45  -0.98
21  Southampton  C  50.91  -1.41
22  Dudley  C  52.5  -2.08
23  Aberdeen  C  57.15  -2.1
24  Newcastle-upon-tyne  C  55  -1.6
25  Preston  C  53.76  -2.73
26  Luton  C  51.9  -0.44
27  Sunderland  C  54.91  -1.39
28  Portsmouth  C  50.81  -1.09
29  Walsall  C  52.6  -1.97
30  Norwich  C  52.65  1.28
31  Swansea  C  51.63  -3.96
32  Bournemouth  C  50.73  -1.88
33  Southend-on-sea  C  51.55  0.71
34  Swindon  C  51.57  -1.78
35  Dundee  C  56.47  -3
36  Blackpool  C  53.82  -3.06
37  Poole  C  50.72  -1.98
38  Peterborough  C  52.59  -0.25
39  West-bromwich  T  52.53  -1.97
40  Middlesbrough  C  54.58  -1.23
41  Oldbury-smethwick  C  52.51  -2.03
42  Huddersfield  T  53.66  -1.8
43  Bolton  C  53.58  -2.43
44  Stockport  C  53.42  -2.17
45  Ipswich  T  52.07  1.14
46  Motherwell  C  55.79  -4
47  York  C  53.96  -1.11
48  Oxford  C  51.76  -1.26
49  Rotherham  C  53.44  -1.35

DEMANDES
0 1 ( 0 26 1 ) ( 0 44 1 )
0 2 ( 0 11 2 ) ( 0 26 2 )
0 3 ( 0 11 3 ) ( 0 29 3 )
0 4 ( 0 26 5 4 ) ( 0 6 4 )
0 5 ( 0 14 5 ) ( 0 26 5 )
0 6 ( 0 49 6 ) ( 0 26 6 )
0 7 ( 0 48 7 ) ( 0 21 7 )
0 8 ( 0 26 44 8 ) ( 0 14 8 )
0 10 ( 0 14 10 ) ( 0 20 10 )
0 11 ( 0 26 11 ) ( 0 20 11 )
0 12 ( 0 14 12 ) ( 0 26 12 )
0 13 ( 0 7 13 ) ( 0 20 13 )
0 14 ( 0 38 14 ) ( 0 20 14 )
0 15 ( 0 26 15 ) ( 0 29 15 )
0 16 ( 0 2 16 ) ( 0 41 16 )
0 17 ( 0 20 17 ) ( 0 21 17 )
0 18 ( 0 2 41 18 ) ( 0 26 18 )
0 20 ( 0 33 20 ) ( 0 32 20 )
0 21 ( 0 28 21 ) ( 0 26 21 )
0 22 ( 0 41 22 ) ( 0 26 22 )
0 23 ( 0 40 23 ) ( 0 47 23 )
0 24 ( 0 26 24 ) ( 0 40 24 )
0 25 ( 0 43 25 ) ( 0 44 25 )
0 26 ( 0 20 26 ) ( 0 28 26 )
0 27 ( 0 38 27 ) ( 0 26 47 27 )
0 28 ( 0 20 28 ) ( 0 26 28 )
0 29 ( 0 11 29 ) ( 0 41 29 )
0 30 ( 0 33 30 ) ( 0 38 30 )
0 31 ( 0 34 31 ) ( 0 20 7 31 )
0 32 ( 0 28 32 ) ( 0 20 32 )
0 33 ( 0 20 33 ) ( 0 38 26 33 )
0 34 ( 0 20 34 ) ( 0 26 34 )
0 35 ( 0 5 35 ) ( 0 12 35 )
0 36 ( 0 15 36 ) ( 0 26 36 )
0 37 ( 0 32 37 ) ( 0 20 37 )
0 38 ( 0 26 38 ) ( 0 33 38 )
0 40 ( 0 47 40 ) ( 0 49 40 )
0 41 ( 0 2 41 ) ( 0 22 41 )
0 43 ( 0 26 43 ) ( 0 44 43 )
0 44 ( 0 11 44 ) ( 0 15 44 )
0 46 ( 0 49 46 ) ( 0 25 46 )
0 47 ( 0 26 47 ) ( 0 10 47 )
0 48 ( 0 26 48 ) ( 0 28 48 )
0 49 ( 0 38 49 ) ( 0 11 49 )
1 2 ( 1 29 2 ) ( 1 36 2 )
1 3 ( 1 36 3 ) ( 1 43 3 )
1 4 ( 1 35 4 ) ( 1 24 4 )
1 6 ( 1 46 6 ) ( 1 12 6 )
1 8 ( 1 43 8 ) ( 1 46 8 )
1 18 ( 1 46 18 ) ( 1 35 18 )
1 35 ( 1 24 4 35 ) ( 1 25 35 )
1 46 ( 1 4 46 ) ( 1 35 46 )
2 3 ( 2 41 3 ) ( 2 15 3 )
2 5 ( 2 22 5 ) ( 2 29 41 5 )
2 6 ( 2 5 6 ) ( 2 41 6 )
2 7 ( 2 22 7 ) ( 2 29 7 )
2 8 ( 2 44 8 ) ( 2 16 8 )
2 10 ( 2 29 10 ) ( 2 5 49 10 )
2 11 ( 2 29 11 ) ( 2 41 11 )
2 12 ( 2 29 12 ) ( 2 41 12 )
2 13 ( 2 16 13 ) ( 2 29 41 13 )
2 14 ( 2 11 14 ) ( 2 22 29 14 )
2 15 ( 2 29 15 ) ( 2 22 15 )
2 16 ( 2 8 15 16 ) ( 2 44 29 16 )
2 20 ( 2 11 20 ) ( 2 41 20 )
2 21 ( 2 34 21 ) ( 2 48 21 )
2 22 ( 2 16 22 ) ( 2 15 22 )
2 25 ( 2 29 25 ) ( 2 15 25 )
2 26 ( 2 11 26 ) ( 2 22 26 )
2 29 ( 2 22 29 ) ( 2 5 29 )
2 34 ( 2 41 34 ) ( 2 11 34 )
2 41 ( 2 22 41 ) ( 2 11 41 )
2 43 ( 2 8 43 ) ( 2 44 43 )
2 44 ( 2 41 15 44 ) ( 2 22 8 44 )
2 48 ( 2 11 48 ) ( 2 41 48 )
2 49 ( 2 41 49 ) ( 2 22 49 )
3 8 ( 3 25 8 ) ( 3 36 8 )
5 6 ( 5 12 6 ) ( 5 47 6 )
5 8 ( 5 44 8 ) ( 5 43 8 )
6 8 ( 6 12 8 ) ( 6 5 8 )

EOF