DIMENSIONS
60 sommetsG2
55 sommetsG1
150 dem

SOMMETS
0  London  C  51.52  -0.1
1  Glasgow  C  55.87  -4.27
2  Birmingham  C  52.48  -1.91
3  Liverpool  C  53.42  -2.99
4  Edinburgh  C  55.95  -3.22
5  Sheffield  C  53.39  -1.48
6  Leeds  C  53.81  -1.55
7  Bristol  C  51.46  -2.6
8  Manchester  C  53.48  -2.25
9  Leicester  C  52.64  -1.13
10  Kingston-upon-hull  C  53.75  -0.36
11  Coventry  C  52.42  -1.5
12  Bradford  C  53.8  -1.75
13  Cardiff  C  51.48  -3.18
14  Nottingham  C  52.97  -1.18
15  Stoke-on-trent  C  53.01  -2.19
16  Wolverhampton  C  52.59  -2.15
17  Plymouth  C  50.38  -4.16
18  Belfast  C  54.6  -5.93
19  Derby  C  52.92  -1.5
20  Reading  C  51.45  -0.98
21  Southampton  C  50.91  -1.41
22  Dudley  C  52.5  -2.08
23  Aberdeen  T  57.15  -2.1
24  Newcastle-upon-tyne  C  55  -1.6
25  Preston  C  53.76  -2.73
26  Luton  C  51.9  -0.44
27  Sunderland  C  54.91  -1.39
28  Portsmouth  C  50.81  -1.09
29  Walsall  C  52.6  -1.97
30  Norwich  C  52.65  1.28
31  Swansea  C  51.63  -3.96
32  Bournemouth  C  50.73  -1.88
33  Southend-on-sea  C  51.55  0.71
34  Swindon  C  51.57  -1.78
35  Dundee  C  56.47  -3
36  Blackpool  C  53.82  -3.06
37  Poole  C  50.72  -1.98
38  Peterborough  C  52.59  -0.25
39  West-bromwich  C  52.53  -1.97
40  Middlesbrough  C  54.58  -1.23
41  Oldbury-smethwick  C  52.51  -2.03
42  Huddersfield  C  53.66  -1.8
43  Bolton  C  53.58  -2.43
44  Stockport  C  53.42  -2.17
45  Ipswich  C  52.07  1.14
46  Motherwell  T  55.79  -4
47  York  T  53.96  -1.11
48  Oxford  C  51.76  -1.26
49  Rotherham  C  53.44  -1.35
50  Brighton  T  50.83  -0.15
51  Gloucester  C  51.86  -2.24
52  Watford  C  51.66  -0.4
53  Newport  C  51.59  -3
54  Slough  T  51.52  -0.61
55  Basildon  C  51.57  0.46
56  Sutton-coldfield  C  52.56  -1.84
57  Blackburn  C  53.75  -2.49
58  Saint-helens  C  53.46  -2.75
59  Oldham  C  53.55  -2.12

DEMANDES
0 1 ( 0 57 1 ) ( 0 8 1 )
0 2 ( 0 52 2 ) ( 0 26 2 )
0 3 ( 0 52 56 3 ) ( 0 15 3 )
0 4 ( 0 49 4 ) ( 0 6 4 )
0 5 ( 0 9 5 ) ( 0 52 14 5 )
0 6 ( 0 49 6 ) ( 0 9 6 )
0 7 ( 0 34 7 ) ( 0 51 7 )
0 8 ( 0 44 8 ) ( 0 26 8 )
0 9 ( 0 48 9 ) ( 0 11 9 )
0 10 ( 0 26 38 10 ) ( 0 55 10 )
0 11 ( 0 52 26 11 ) ( 0 48 11 )
0 12 ( 0 5 12 ) ( 0 26 12 )
0 13 ( 0 7 13 ) ( 0 20 13 )
0 14 ( 0 9 14 ) ( 0 52 14 )
0 15 ( 0 26 15 ) ( 0 56 15 )
0 16 ( 0 52 16 ) ( 0 41 16 )
0 17 ( 0 20 17 ) ( 0 37 17 )
0 18 ( 0 2 18 ) ( 0 39 18 )
0 19 ( 0 26 19 ) ( 0 9 19 )
0 20 ( 0 26 20 ) ( 0 48 20 )
0 21 ( 0 32 21 ) ( 0 55 21 )
0 22 ( 0 52 22 ) ( 0 2 22 )
0 24 ( 0 38 24 ) ( 0 52 24 )
0 25 ( 0 43 25 ) ( 0 44 25 )
0 26 ( 0 55 26 ) ( 0 20 26 )
0 27 ( 0 38 27 ) ( 0 52 27 )
0 28 ( 0 52 28 ) ( 0 26 28 )
0 29 ( 0 11 56 29 ) ( 0 2 29 )
0 30 ( 0 45 30 ) ( 0 33 30 )
0 31 ( 0 34 31 ) ( 0 53 31 )
0 32 ( 0 52 32 ) ( 0 37 32 )
0 33 ( 0 55 33 ) ( 0 20 33 )
0 34 ( 0 20 34 ) ( 0 52 34 )
0 35 ( 0 49 35 ) ( 0 14 35 )
0 36 ( 0 26 36 ) ( 0 58 36 )
0 37 ( 0 32 37 ) ( 0 48 37 )
0 38 ( 0 26 38 ) ( 0 55 38 )
0 39 ( 0 2 39 ) ( 0 11 39 )
0 40 ( 0 26 40 ) ( 0 14 40 )
0 41 ( 0 39 41 ) ( 0 56 41 )
0 42 ( 0 26 42 ) ( 0 9 42 )
0 43 ( 0 26 43 ) ( 0 44 43 )
0 44 ( 0 9 44 ) ( 0 52 44 )
0 45 ( 0 33 45 ) ( 0 26 45 )
0 48 ( 0 28 48 ) ( 0 55 48 )
0 49 ( 0 26 49 ) ( 0 52 49 )
0 51 ( 0 26 51 ) ( 0 11 51 )
0 52 ( 0 55 52 ) ( 0 20 48 52 )
0 53 ( 0 34 53 ) ( 0 20 7 53 )
0 55 ( 0 20 55 ) ( 0 38 26 55 )
0 56 ( 0 26 56 ) ( 0 48 56 )
0 57 ( 0 26 57 ) ( 0 19 44 57 )
0 58 ( 0 15 58 ) ( 0 11 58 )
0 59 ( 0 26 59 ) ( 0 52 59 )
1 2 ( 1 29 2 ) ( 1 15 2 )
1 3 ( 1 57 3 ) ( 1 58 25 3 )
1 4 ( 1 57 4 ) ( 1 58 25 4 )
1 5 ( 1 42 5 ) ( 1 59 5 )
1 6 ( 1 57 6 ) ( 1 4 6 )
1 7 ( 1 36 7 ) ( 1 58 7 )
1 8 ( 1 57 8 ) ( 1 25 8 )
1 9 ( 1 59 9 ) ( 1 57 9 )
1 12 ( 1 57 42 12 ) ( 1 36 25 12 )
1 15 ( 1 25 15 ) ( 1 58 15 )
1 18 ( 1 4 18 ) ( 1 3 18 )
1 24 ( 1 4 24 ) ( 1 35 24 )
1 25 ( 1 36 25 ) ( 1 57 25 )
1 35 ( 1 24 35 ) ( 1 36 35 )
1 36 ( 1 4 36 ) ( 1 25 43 36 )
2 3 ( 2 39 3 ) ( 2 16 3 )
2 4 ( 2 44 4 ) ( 2 15 4 )
2 5 ( 2 56 5 ) ( 2 22 5 )
2 6 ( 2 5 6 ) ( 2 41 6 )
2 7 ( 2 22 41 7 ) ( 2 34 7 )
2 8 ( 2 29 8 ) ( 2 39 8 )
2 9 ( 2 56 9 ) ( 2 19 9 )
2 10 ( 2 14 10 ) ( 2 56 19 10 )
2 11 ( 2 56 11 ) ( 2 22 11 )
2 12 ( 2 29 12 ) ( 2 41 12 )
2 13 ( 2 22 53 13 ) ( 2 39 13 )
2 14 ( 2 19 14 ) ( 2 39 56 14 )
2 15 ( 2 39 15 ) ( 2 16 15 )
2 16 ( 2 29 16 ) ( 2 15 16 )
2 17 ( 2 53 17 ) ( 2 13 17 )
2 19 ( 2 56 19 ) ( 2 11 19 )
2 20 ( 2 48 20 ) ( 2 11 20 )
2 21 ( 2 34 21 ) ( 2 41 21 )
2 22 ( 2 39 22 ) ( 2 29 22 )
2 24 ( 2 6 24 ) ( 2 39 24 )
2 25 ( 2 29 25 ) ( 2 39 25 )
2 26 ( 2 9 26 ) ( 2 29 26 )
2 27 ( 2 6 27 ) ( 2 12 27 )
2 28 ( 2 48 28 ) ( 2 21 28 )
2 29 ( 2 22 29 ) ( 2 15 29 )
2 31 ( 2 22 31 ) ( 2 39 31 )
2 32 ( 2 34 32 ) ( 2 37 32 )
2 34 ( 2 39 41 34 ) ( 2 51 34 )
2 36 ( 2 29 36 ) ( 2 15 36 )
2 37 ( 2 34 37 ) ( 2 39 41 37 )
2 38 ( 2 11 38 ) ( 2 9 38 )
2 39 ( 2 41 39 ) ( 2 29 39 )
2 40 ( 2 6 40 ) ( 2 56 40 )
2 41 ( 2 39 29 41 ) ( 2 16 41 )
2 42 ( 2 15 42 ) ( 2 22 29 42 )
2 43 ( 2 41 43 ) ( 2 44 43 )
2 44 ( 2 39 44 ) ( 2 41 29 44 )
2 48 ( 2 56 48 ) ( 2 29 48 )
2 49 ( 2 5 49 ) ( 2 39 49 )
2 51 ( 2 22 51 ) ( 2 56 51 )
2 52 ( 2 48 52 ) ( 2 11 26 52 )
2 53 ( 2 39 53 ) ( 2 51 53 )
2 56 ( 2 41 56 ) ( 2 39 22 56 )
2 57 ( 2 15 57 ) ( 2 39 57 )
2 58 ( 2 29 58 ) ( 2 41 58 )
2 59 ( 2 29 59 ) ( 2 44 59 )
3 5 ( 3 44 5 ) ( 3 58 5 )
3 6 ( 3 59 6 ) ( 3 58 8 6 )
3 7 ( 3 58 7 ) ( 3 51 7 )
3 8 ( 3 43 8 ) ( 3 36 25 8 )
3 12 ( 3 43 12 ) ( 3 8 12 )
3 15 ( 3 8 15 ) ( 3 25 15 )
3 16 ( 3 15 16 ) ( 3 22 16 )
3 25 ( 3 58 25 ) ( 3 36 25 )
5 6 ( 5 49 6 ) ( 5 12 42 6 )
5 8 ( 5 44 8 ) ( 5 59 8 )
5 9 ( 5 19 9 ) ( 5 49 9 )
5 10 ( 5 42 10 ) ( 5 12 10 )
5 11 ( 5 19 11 ) ( 5 49 11 )
5 12 ( 5 42 12 ) ( 5 59 12 )
5 14 ( 5 49 14 ) ( 5 19 14 )
5 15 ( 5 49 15 ) ( 5 44 15 )
5 16 ( 5 39 16 ) ( 5 41 16 )
5 19 ( 5 14 19 ) ( 5 42 19 )
6 8 ( 6 59 8 ) ( 6 42 8 )
6 9 ( 6 5 9 ) ( 6 19 9 )
6 10 ( 6 49 10 ) ( 6 14 10 )
6 11 ( 6 19 11 ) ( 6 49 11 )
6 12 ( 6 59 12 ) ( 6 44 42 12 )
6 14 ( 6 9 14 ) ( 6 44 19 14 )
6 15 ( 6 12 15 ) ( 6 5 15 )
6 19 ( 6 5 19 ) ( 6 49 19 )
7 13 ( 7 51 13 ) ( 7 53 31 13 )
7 16 ( 7 51 16 ) ( 7 22 16 )
8 11 ( 8 44 11 ) ( 8 59 11 )
8 12 ( 8 43 12 ) ( 8 59 6 12 )
8 14 ( 8 59 14 ) ( 8 19 14 )
8 15 ( 8 59 15 ) ( 8 43 15 )
8 16 ( 8 15 16 ) ( 8 29 16 )
8 19 ( 8 59 19 ) ( 8 15 19 )
9 11 ( 9 56 11 ) ( 9 39 11 )

EOF