DIMENSIONS
60 sommetsG2
55 sommetsG1
85 dem

SOMMETS
0  London  C  51.52  -0.1
1  Glasgow  C  55.87  -4.27
2  Birmingham  C  52.48  -1.91
3  Liverpool  C  53.42  -2.99
4  Edinburgh  C  55.95  -3.22
5  Sheffield  C  53.39  -1.48
6  Leeds  C  53.81  -1.55
7  Bristol  C  51.46  -2.6
8  Manchester  C  53.48  -2.25
9  Leicester  C  52.64  -1.13
10  Kingston-upon-hull  C  53.75  -0.36
11  Coventry  C  52.42  -1.5
12  Bradford  C  53.8  -1.75
13  Cardiff  C  51.48  -3.18
14  Nottingham  C  52.97  -1.18
15  Stoke-on-trent  C  53.01  -2.19
16  Wolverhampton  C  52.59  -2.15
17  Plymouth  C  50.38  -4.16
18  Belfast  C  54.6  -5.93
19  Derby  C  52.92  -1.5
20  Reading  C  51.45  -0.98
21  Southampton  C  50.91  -1.41
22  Dudley  C  52.5  -2.08
23  Aberdeen  T  57.15  -2.1
24  Newcastle-upon-tyne  C  55  -1.6
25  Preston  C  53.76  -2.73
26  Luton  C  51.9  -0.44
27  Sunderland  C  54.91  -1.39
28  Portsmouth  C  50.81  -1.09
29  Walsall  C  52.6  -1.97
30  Norwich  C  52.65  1.28
31  Swansea  C  51.63  -3.96
32  Bournemouth  C  50.73  -1.88
33  Southend-on-sea  C  51.55  0.71
34  Swindon  C  51.57  -1.78
35  Dundee  C  56.47  -3
36  Blackpool  C  53.82  -3.06
37  Poole  C  50.72  -1.98
38  Peterborough  C  52.59  -0.25
39  West-bromwich  C  52.53  -1.97
40  Middlesbrough  C  54.58  -1.23
41  Oldbury-smethwick  C  52.51  -2.03
42  Huddersfield  C  53.66  -1.8
43  Bolton  C  53.58  -2.43
44  Stockport  C  53.42  -2.17
45  Ipswich  C  52.07  1.14
46  Motherwell  T  55.79  -4
47  York  T  53.96  -1.11
48  Oxford  C  51.76  -1.26
49  Rotherham  C  53.44  -1.35
50  Brighton  T  50.83  -0.15
51  Gloucester  C  51.86  -2.24
52  Watford  C  51.66  -0.4
53  Newport  C  51.59  -3
54  Slough  T  51.52  -0.61
55  Basildon  C  51.57  0.46
56  Sutton-coldfield  C  52.56  -1.84
57  Blackburn  C  53.75  -2.49
58  Saint-helens  C  53.46  -2.75
59  Oldham  C  53.55  -2.12

DEMANDES
0 1 ( 0 26 1 ) ( 0 19 1 )
0 2 ( 0 11 2 ) ( 0 26 2 )
0 3 ( 0 56 3 ) ( 0 15 3 )
0 4 ( 0 14 4 ) ( 0 26 14 5 4 )
0 5 ( 0 14 5 ) ( 0 52 5 )
0 6 ( 0 14 49 6 ) ( 0 9 6 )
0 7 ( 0 20 7 ) ( 0 52 7 )
0 8 ( 0 19 8 ) ( 0 52 8 )
0 9 ( 0 26 9 ) ( 0 52 9 )
0 10 ( 0 38 10 ) ( 0 55 10 )
0 11 ( 0 26 11 ) ( 0 38 11 )
0 12 ( 0 14 12 ) ( 0 26 12 )
0 13 ( 0 34 13 ) ( 0 48 51 13 )
0 14 ( 0 9 14 ) ( 0 52 14 )
0 15 ( 0 56 15 ) ( 0 9 15 )
0 16 ( 0 56 16 ) ( 0 29 16 )
0 17 ( 0 20 17 ) ( 0 37 17 )
0 18 ( 0 39 18 ) ( 0 52 18 )
0 19 ( 0 9 19 ) ( 0 52 26 19 )
0 20 ( 0 52 20 ) ( 0 48 20 )
0 21 ( 0 26 21 ) ( 0 48 21 )
0 22 ( 0 52 22 ) ( 0 39 41 22 )
0 24 ( 0 38 24 ) ( 0 27 24 )
0 25 ( 0 43 25 ) ( 0 26 25 )
0 26 ( 0 20 26 ) ( 0 38 26 )
0 27 ( 0 40 27 ) ( 0 38 27 )
0 28 ( 0 52 28 ) ( 0 20 28 )
0 29 ( 0 52 29 ) ( 0 2 29 )
0 30 ( 0 55 30 ) ( 0 33 30 )
0 31 ( 0 53 31 ) ( 0 7 31 )
0 32 ( 0 21 32 ) ( 0 28 32 )
0 33 ( 0 52 33 ) ( 0 38 33 )
0 34 ( 0 48 34 ) ( 0 26 34 )
0 35 ( 0 49 35 ) ( 0 26 35 )
0 36 ( 0 52 36 ) ( 0 56 36 )
0 37 ( 0 32 37 ) ( 0 28 37 )
0 38 ( 0 26 38 ) ( 0 52 38 )
0 39 ( 0 52 39 ) ( 0 48 39 )
0 40 ( 0 26 40 ) ( 0 52 40 )
0 41 ( 0 26 41 ) ( 0 11 56 41 )
0 42 ( 0 14 42 ) ( 0 5 42 )
0 43 ( 0 26 43 ) ( 0 44 43 )
0 44 ( 0 19 44 ) ( 0 9 44 )
0 45 ( 0 33 45 ) ( 0 52 45 )
0 48 ( 0 52 48 ) ( 0 20 48 )
0 49 ( 0 26 49 ) ( 0 9 49 )
0 51 ( 0 52 51 ) ( 0 20 51 )
0 52 ( 0 21 52 ) ( 0 28 26 52 )
0 53 ( 0 52 48 53 ) ( 0 51 53 )
0 55 ( 0 26 55 ) ( 0 28 55 )
0 56 ( 0 52 56 ) ( 0 11 56 )
0 57 ( 0 44 57 ) ( 0 26 9 57 )
0 58 ( 0 11 58 ) ( 0 56 58 )
0 59 ( 0 9 59 ) ( 0 52 59 )
1 2 ( 1 25 2 ) ( 1 39 2 )
1 3 ( 1 25 3 ) ( 1 36 58 3 )
1 4 ( 1 36 4 ) ( 1 24 4 )
2 3 ( 2 29 3 ) ( 2 16 3 )
2 5 ( 2 56 5 ) ( 2 29 5 )
2 6 ( 2 56 6 ) ( 2 39 6 )
2 7 ( 2 51 7 ) ( 2 41 7 )
2 8 ( 2 39 8 ) ( 2 15 8 )
2 9 ( 2 11 9 ) ( 2 29 9 )
2 10 ( 2 14 10 ) ( 2 39 10 )
2 11 ( 2 56 11 ) ( 2 39 11 )
2 12 ( 2 56 12 ) ( 2 39 12 )
2 13 ( 2 53 13 ) ( 2 51 13 )
2 14 ( 2 19 14 ) ( 2 29 14 )
2 15 ( 2 39 15 ) ( 2 56 15 )
2 16 ( 2 11 16 ) ( 2 44 16 )
2 19 ( 2 56 19 ) ( 2 39 19 )
2 20 ( 2 48 20 ) ( 2 39 20 )
2 21 ( 2 39 21 ) ( 2 56 21 )
2 22 ( 2 56 39 22 ) ( 2 11 22 )
2 25 ( 2 39 25 ) ( 2 43 25 )
2 29 ( 2 41 29 ) ( 2 22 29 )
2 34 ( 2 41 34 ) ( 2 22 34 )
2 39 ( 2 29 39 ) ( 2 22 39 )
2 41 ( 2 39 41 ) ( 2 29 41 )
2 42 ( 2 56 42 ) ( 2 39 42 )
2 44 ( 2 29 44 ) ( 2 41 44 )
2 48 ( 2 11 48 ) ( 2 39 48 )
2 51 ( 2 39 51 ) ( 2 56 51 )
3 8 ( 3 43 8 ) ( 3 25 8 )
5 6 ( 5 49 6 ) ( 5 12 6 )

EOF