DIMENSIONS
65 sommetsG2
60 sommetsG1
90 dem

SOMMETS
0  London  C  51.52  -0.1
1  Glasgow  C  55.87  -4.27
2  Birmingham  C  52.48  -1.91
3  Liverpool  C  53.42  -2.99
4  Edinburgh  C  55.95  -3.22
5  Sheffield  C  53.39  -1.48
6  Leeds  C  53.81  -1.55
7  Bristol  C  51.46  -2.6
8  Manchester  C  53.48  -2.25
9  Leicester  C  52.64  -1.13
10  Kingston-upon-hull  C  53.75  -0.36
11  Coventry  C  52.42  -1.5
12  Bradford  C  53.8  -1.75
13  Cardiff  C  51.48  -3.18
14  Nottingham  C  52.97  -1.18
15  Stoke-on-trent  C  53.01  -2.19
16  Wolverhampton  C  52.59  -2.15
17  Plymouth  C  50.38  -4.16
18  Belfast  C  54.6  -5.93
19  Derby  C  52.92  -1.5
20  Reading  C  51.45  -0.98
21  Southampton  C  50.91  -1.41
22  Dudley  C  52.5  -2.08
23  Aberdeen  C  57.15  -2.1
24  Newcastle-upon-tyne  C  55  -1.6
25  Preston  T  53.76  -2.73
26  Luton  C  51.9  -0.44
27  Sunderland  C  54.91  -1.39
28  Portsmouth  C  50.81  -1.09
29  Walsall  C  52.6  -1.97
30  Norwich  C  52.65  1.28
31  Swansea  C  51.63  -3.96
32  Bournemouth  C  50.73  -1.88
33  Southend-on-sea  C  51.55  0.71
34  Swindon  C  51.57  -1.78
35  Dundee  C  56.47  -3
36  Blackpool  C  53.82  -3.06
37  Poole  C  50.72  -1.98
38  Peterborough  C  52.59  -0.25
39  West-bromwich  C  52.53  -1.97
40  Middlesbrough  C  54.58  -1.23
41  Oldbury-smethwick  C  52.51  -2.03
42  Huddersfield  C  53.66  -1.8
43  Bolton  C  53.58  -2.43
44  Stockport  C  53.42  -2.17
45  Ipswich  C  52.07  1.14
46  Motherwell  C  55.79  -4
47  York  C  53.96  -1.11
48  Oxford  C  51.76  -1.26
49  Rotherham  C  53.44  -1.35
50  Brighton  T  50.83  -0.15
51  Gloucester  T  51.86  -2.24
52  Watford  C  51.66  -0.4
53  Newport  C  51.59  -3
54  Slough  T  51.52  -0.61
55  Basildon  C  51.57  0.46
56  Sutton-coldfield  C  52.56  -1.84
57  Blackburn  C  53.75  -2.49
58  Saint-helens  C  53.46  -2.75
59  Oldham  T  53.55  -2.12
60  Woking-byfleet  C  51.32  -0.57
61  Northampton  C  52.24  -0.9
62  Chelmsford  C  51.73  0.47
63  Colchester  C  51.88  0.9
64  Cambridge  C  52.21  0.13

DEMANDES
0 1 ( 0 26 9 1 ) ( 0 19 1 )
0 2 ( 0 52 2 ) ( 0 61 2 )
0 3 ( 0 29 3 ) ( 0 61 3 )
0 4 ( 0 12 4 ) ( 0 49 4 )
0 5 ( 0 61 5 ) ( 0 52 5 )
0 6 ( 0 5 6 ) ( 0 9 6 )
0 7 ( 0 20 7 ) ( 0 60 7 )
0 8 ( 0 44 8 ) ( 0 9 8 )
0 9 ( 0 26 9 ) ( 0 61 9 )
0 10 ( 0 64 10 ) ( 0 61 10 )
0 11 ( 0 52 11 ) ( 0 9 11 )
0 12 ( 0 14 12 ) ( 0 5 12 )
0 13 ( 0 48 13 ) ( 0 60 20 13 )
0 14 ( 0 26 14 ) ( 0 9 14 )
0 15 ( 0 11 15 ) ( 0 52 15 )
0 16 ( 0 2 41 16 ) ( 0 11 16 )
0 17 ( 0 60 17 ) ( 0 20 17 )
0 18 ( 0 16 18 ) ( 0 29 18 )
0 19 ( 0 26 19 ) ( 0 52 19 )
0 20 ( 0 60 20 ) ( 0 26 20 )
0 21 ( 0 60 20 21 ) ( 0 26 21 )
0 22 ( 0 39 22 ) ( 0 26 22 )
0 23 ( 0 47 23 ) ( 0 24 23 )
0 24 ( 0 47 24 ) ( 0 26 24 )
0 26 ( 0 52 26 ) ( 0 60 26 )
0 27 ( 0 38 40 27 ) ( 0 52 27 )
0 28 ( 0 60 28 ) ( 0 52 28 )
0 29 ( 0 56 29 ) ( 0 26 29 )
0 30 ( 0 45 30 ) ( 0 64 30 )
0 31 ( 0 53 31 ) ( 0 20 31 )
0 32 ( 0 28 32 ) ( 0 20 32 )
0 33 ( 0 55 33 ) ( 0 63 33 )
0 34 ( 0 20 34 ) ( 0 61 34 )
0 35 ( 0 49 35 ) ( 0 26 35 )
0 36 ( 0 61 36 ) ( 0 58 36 )
0 37 ( 0 60 37 ) ( 0 20 37 )
0 38 ( 0 52 38 ) ( 0 61 38 )
0 39 ( 0 52 39 ) ( 0 2 39 )
0 40 ( 0 47 40 ) ( 0 38 40 )
0 41 ( 0 52 41 ) ( 0 2 41 )
0 42 ( 0 14 42 ) ( 0 9 42 )
0 43 ( 0 61 43 ) ( 0 26 43 )
0 44 ( 0 61 44 ) ( 0 26 44 )
0 45 ( 0 63 33 45 ) ( 0 30 45 )
0 46 ( 0 61 46 ) ( 0 14 46 )
0 47 ( 0 26 47 ) ( 0 38 47 )
0 48 ( 0 60 48 ) ( 0 26 48 )
0 49 ( 0 26 49 ) ( 0 14 49 )
0 52 ( 0 60 52 ) ( 0 55 52 )
0 53 ( 0 34 53 ) ( 0 20 53 )
0 55 ( 0 62 55 ) ( 0 52 55 )
0 56 ( 0 11 56 ) ( 0 48 56 )
0 57 ( 0 8 57 ) ( 0 19 57 )
0 58 ( 0 15 58 ) ( 0 52 58 )
0 60 ( 0 52 60 ) ( 0 26 20 60 )
0 61 ( 0 26 61 ) ( 0 60 61 )
0 62 ( 0 55 62 ) ( 0 52 62 )
0 63 ( 0 64 63 ) ( 0 45 63 )
0 64 ( 0 26 64 ) ( 0 62 64 )
1 2 ( 1 39 2 ) ( 1 58 2 )
1 3 ( 1 36 3 ) ( 1 58 3 )
1 4 ( 1 36 4 ) ( 1 24 4 )
1 35 ( 1 23 35 ) ( 1 24 35 )
1 46 ( 1 4 46 ) ( 1 35 46 )
2 3 ( 2 39 3 ) ( 2 29 3 )
2 5 ( 2 56 5 ) ( 2 29 5 )
2 6 ( 2 29 6 ) ( 2 42 6 )
2 7 ( 2 41 7 ) ( 2 22 7 )
2 8 ( 2 39 8 ) ( 2 15 8 )
2 9 ( 2 11 9 ) ( 2 39 9 )
2 10 ( 2 14 10 ) ( 2 19 10 )
2 11 ( 2 41 11 ) ( 2 15 11 )
2 12 ( 2 42 12 ) ( 2 56 12 )
2 13 ( 2 41 53 13 ) ( 2 29 13 )
2 14 ( 2 56 19 14 ) ( 2 39 14 )
2 15 ( 2 16 15 ) ( 2 29 8 15 )
2 16 ( 2 56 16 ) ( 2 22 39 16 )
2 19 ( 2 56 19 ) ( 2 22 19 )
2 20 ( 2 56 48 20 ) ( 2 11 20 )
2 21 ( 2 34 21 ) ( 2 48 21 )
2 22 ( 2 16 22 ) ( 2 11 22 )
2 29 ( 2 39 22 29 ) ( 2 56 41 29 )
2 34 ( 2 39 34 ) ( 2 41 34 )
2 39 ( 2 41 39 ) ( 2 22 39 )
2 41 ( 2 39 41 ) ( 2 29 41 )
2 42 ( 2 29 42 ) ( 2 22 42 )
2 44 ( 2 15 44 ) ( 2 56 44 )
2 48 ( 2 56 11 48 ) ( 2 29 39 48 )
3 8 ( 3 44 8 ) ( 3 58 15 8 )
5 6 ( 5 49 6 ) ( 5 12 6 )

EOF