DIMENSIONS
65 sommetsG2
60 sommetsG1
150 dem

SOMMETS
0  London  C  51.52  -0.1
1  Glasgow  C  55.87  -4.27
2  Birmingham  C  52.48  -1.91
3  Liverpool  C  53.42  -2.99
4  Edinburgh  C  55.95  -3.22
5  Sheffield  C  53.39  -1.48
6  Leeds  C  53.81  -1.55
7  Bristol  C  51.46  -2.6
8  Manchester  C  53.48  -2.25
9  Leicester  C  52.64  -1.13
10  Kingston-upon-hull  C  53.75  -0.36
11  Coventry  C  52.42  -1.5
12  Bradford  C  53.8  -1.75
13  Cardiff  C  51.48  -3.18
14  Nottingham  C  52.97  -1.18
15  Stoke-on-trent  C  53.01  -2.19
16  Wolverhampton  C  52.59  -2.15
17  Plymouth  C  50.38  -4.16
18  Belfast  C  54.6  -5.93
19  Derby  C  52.92  -1.5
20  Reading  C  51.45  -0.98
21  Southampton  C  50.91  -1.41
22  Dudley  C  52.5  -2.08
23  Aberdeen  C  57.15  -2.1
24  Newcastle-upon-tyne  C  55  -1.6
25  Preston  T  53.76  -2.73
26  Luton  C  51.9  -0.44
27  Sunderland  C  54.91  -1.39
28  Portsmouth  C  50.81  -1.09
29  Walsall  C  52.6  -1.97
30  Norwich  C  52.65  1.28
31  Swansea  C  51.63  -3.96
32  Bournemouth  C  50.73  -1.88
33  Southend-on-sea  C  51.55  0.71
34  Swindon  C  51.57  -1.78
35  Dundee  C  56.47  -3
36  Blackpool  C  53.82  -3.06
37  Poole  C  50.72  -1.98
38  Peterborough  C  52.59  -0.25
39  West-bromwich  C  52.53  -1.97
40  Middlesbrough  C  54.58  -1.23
41  Oldbury-smethwick  C  52.51  -2.03
42  Huddersfield  C  53.66  -1.8
43  Bolton  C  53.58  -2.43
44  Stockport  C  53.42  -2.17
45  Ipswich  C  52.07  1.14
46  Motherwell  C  55.79  -4
47  York  C  53.96  -1.11
48  Oxford  C  51.76  -1.26
49  Rotherham  C  53.44  -1.35
50  Brighton  T  50.83  -0.15
51  Gloucester  T  51.86  -2.24
52  Watford  C  51.66  -0.4
53  Newport  C  51.59  -3
54  Slough  T  51.52  -0.61
55  Basildon  C  51.57  0.46
56  Sutton-coldfield  C  52.56  -1.84
57  Blackburn  C  53.75  -2.49
58  Saint-helens  C  53.46  -2.75
59  Oldham  T  53.55  -2.12
60  Woking-byfleet  C  51.32  -0.57
61  Northampton  C  52.24  -0.9
62  Chelmsford  C  51.73  0.47
63  Colchester  C  51.88  0.9
64  Cambridge  C  52.21  0.13

DEMANDES
0 1 ( 0 19 1 ) ( 0 61 1 )
0 2 ( 0 52 2 ) ( 0 26 2 )
0 3 ( 0 11 3 ) ( 0 52 3 )
0 4 ( 0 12 4 ) ( 0 5 4 )
0 5 ( 0 26 5 ) ( 0 9 5 )
0 6 ( 0 26 6 ) ( 0 14 49 6 )
0 7 ( 0 20 7 ) ( 0 52 7 )
0 8 ( 0 61 8 ) ( 0 9 8 )
0 9 ( 0 26 9 ) ( 0 11 9 )
0 10 ( 0 38 10 ) ( 0 64 10 )
0 11 ( 0 52 11 ) ( 0 61 11 )
0 12 ( 0 26 14 12 ) ( 0 9 12 )
0 13 ( 0 20 13 ) ( 0 34 13 )
0 14 ( 0 61 14 ) ( 0 60 14 )
0 15 ( 0 11 15 ) ( 0 52 15 )
0 16 ( 0 2 16 ) ( 0 41 16 )
0 17 ( 0 60 17 ) ( 0 52 20 17 )
0 18 ( 0 16 18 ) ( 0 39 18 )
0 19 ( 0 61 19 ) ( 0 52 19 )
0 20 ( 0 52 20 ) ( 0 64 26 20 )
0 21 ( 0 52 21 ) ( 0 26 60 21 )
0 22 ( 0 2 41 22 ) ( 0 11 22 )
0 23 ( 0 40 23 ) ( 0 27 23 )
0 24 ( 0 40 24 ) ( 0 38 24 )
0 26 ( 0 55 26 ) ( 0 62 26 )
0 27 ( 0 40 27 ) ( 0 38 47 27 )
0 28 ( 0 60 28 ) ( 0 62 28 )
0 29 ( 0 11 29 ) ( 0 2 29 )
0 30 ( 0 63 30 ) ( 0 33 30 )
0 31 ( 0 20 31 ) ( 0 13 31 )
0 32 ( 0 21 32 ) ( 0 26 32 )
0 33 ( 0 55 33 ) ( 0 62 33 )
0 34 ( 0 52 34 ) ( 0 48 34 )
0 35 ( 0 6 35 ) ( 0 26 35 )
0 36 ( 0 15 36 ) ( 0 58 36 )
0 37 ( 0 28 32 37 ) ( 0 20 37 )
0 38 ( 0 26 38 ) ( 0 64 38 )
0 39 ( 0 2 39 ) ( 0 56 39 )
0 40 ( 0 47 40 ) ( 0 38 40 )
0 41 ( 0 52 41 ) ( 0 56 41 )
0 42 ( 0 61 42 ) ( 0 49 42 )
0 43 ( 0 26 43 ) ( 0 44 43 )
0 44 ( 0 61 44 ) ( 0 26 19 44 )
0 45 ( 0 33 45 ) ( 0 64 45 )
0 46 ( 0 9 46 ) ( 0 42 46 )
0 47 ( 0 49 47 ) ( 0 10 47 )
0 48 ( 0 20 48 ) ( 0 61 48 )
0 49 ( 0 14 49 ) ( 0 52 49 )
0 52 ( 0 26 52 ) ( 0 62 55 52 )
0 53 ( 0 34 53 ) ( 0 20 53 )
0 55 ( 0 52 62 55 ) ( 0 26 55 )
0 56 ( 0 52 56 ) ( 0 61 56 )
0 57 ( 0 19 57 ) ( 0 43 57 )
0 58 ( 0 15 58 ) ( 0 11 58 )
0 60 ( 0 52 26 60 ) ( 0 62 60 )
0 61 ( 0 26 61 ) ( 0 64 61 )
0 62 ( 0 55 62 ) ( 0 64 62 )
0 63 ( 0 33 63 ) ( 0 64 63 )
0 64 ( 0 62 64 ) ( 0 38 64 )
1 2 ( 1 29 2 ) ( 1 39 2 )
1 3 ( 1 36 3 ) ( 1 46 3 )
1 4 ( 1 46 4 ) ( 1 36 4 )
1 5 ( 1 12 5 ) ( 1 57 5 )
1 6 ( 1 46 6 ) ( 1 12 6 )
1 7 ( 1 3 7 ) ( 1 57 43 7 )
1 8 ( 1 57 8 ) ( 1 43 8 )
1 9 ( 1 44 9 ) ( 1 46 9 )
1 12 ( 1 46 12 ) ( 1 44 12 )
1 15 ( 1 57 15 ) ( 1 58 15 )
1 18 ( 1 46 18 ) ( 1 36 18 )
1 23 ( 1 24 23 ) ( 1 27 23 )
1 24 ( 1 46 24 ) ( 1 27 24 )
1 35 ( 1 46 35 ) ( 1 36 35 )
1 36 ( 1 4 36 ) ( 1 43 36 )
1 46 ( 1 57 46 ) ( 1 3 46 )
2 3 ( 2 22 3 ) ( 2 41 22 16 3 )
2 4 ( 2 8 4 ) ( 2 44 4 )
2 5 ( 2 56 5 ) ( 2 29 5 )
2 6 ( 2 39 6 ) ( 2 56 5 6 )
2 7 ( 2 41 7 ) ( 2 39 7 )
2 8 ( 2 39 8 ) ( 2 44 8 )
2 9 ( 2 39 9 ) ( 2 29 9 )
2 10 ( 2 19 10 ) ( 2 49 10 )
2 11 ( 2 41 11 ) ( 2 22 11 )
2 12 ( 2 5 12 ) ( 2 29 15 12 )
2 13 ( 2 41 13 ) ( 2 22 13 )
2 14 ( 2 19 14 ) ( 2 29 14 )
2 15 ( 2 39 15 ) ( 2 41 15 )
2 16 ( 2 41 16 ) ( 2 56 16 )
2 17 ( 2 53 17 ) ( 2 7 17 )
2 19 ( 2 41 19 ) ( 2 22 19 )
2 20 ( 2 48 20 ) ( 2 56 20 )
2 21 ( 2 22 21 ) ( 2 16 21 )
2 22 ( 2 41 22 ) ( 2 29 22 )
2 24 ( 2 12 24 ) ( 2 39 24 )
2 26 ( 2 56 26 ) ( 2 48 26 )
2 27 ( 2 6 27 ) ( 2 56 27 )
2 28 ( 2 48 28 ) ( 2 34 28 )
2 29 ( 2 39 29 ) ( 2 56 29 )
2 31 ( 2 39 31 ) ( 2 16 31 )
2 32 ( 2 39 32 ) ( 2 29 32 )
2 34 ( 2 39 34 ) ( 2 41 34 )
2 36 ( 2 39 36 ) ( 2 15 36 )
2 37 ( 2 32 37 ) ( 2 29 41 37 )
2 38 ( 2 11 38 ) ( 2 56 38 )
2 39 ( 2 29 41 39 ) ( 2 16 39 )
2 40 ( 2 29 40 ) ( 2 39 40 )
2 41 ( 2 39 41 ) ( 2 22 41 )
2 42 ( 2 56 42 ) ( 2 39 42 )
2 43 ( 2 15 43 ) ( 2 39 43 )
2 44 ( 2 29 44 ) ( 2 15 44 )
2 47 ( 2 49 47 ) ( 2 29 5 47 )
2 48 ( 2 11 48 ) ( 2 39 48 )
2 49 ( 2 19 49 ) ( 2 5 49 )
2 52 ( 2 11 52 ) ( 2 39 11 61 52 )
2 53 ( 2 41 22 53 ) ( 2 16 53 )
2 56 ( 2 39 56 ) ( 2 29 56 )
2 57 ( 2 29 57 ) ( 2 15 57 )
2 58 ( 2 29 58 ) ( 2 41 58 )
2 61 ( 2 29 61 ) ( 2 41 61 )
3 5 ( 3 8 5 ) ( 3 58 8 44 5 )
3 6 ( 3 58 6 ) ( 3 43 12 6 )
3 7 ( 3 15 7 ) ( 3 13 7 )
3 8 ( 3 58 8 ) ( 3 44 8 )
3 12 ( 3 8 12 ) ( 3 57 12 )
3 15 ( 3 43 44 15 ) ( 3 57 15 )
3 16 ( 3 41 16 ) ( 3 39 16 )
5 6 ( 5 42 6 ) ( 5 14 49 6 )
5 8 ( 5 44 8 ) ( 5 49 8 )
5 9 ( 5 19 9 ) ( 5 49 9 )
5 10 ( 5 49 10 ) ( 5 47 10 )
5 11 ( 5 49 11 ) ( 5 56 11 )
5 12 ( 5 49 42 12 ) ( 5 47 12 )
5 14 ( 5 6 14 ) ( 5 42 14 )
5 15 ( 5 44 15 ) ( 5 6 15 )
5 16 ( 5 29 16 ) ( 5 41 16 )
5 19 ( 5 49 19 ) ( 5 42 19 )
6 8 ( 6 42 8 ) ( 6 12 8 )
6 9 ( 6 49 9 ) ( 6 5 9 )
6 10 ( 6 47 40 10 ) ( 6 19 10 )
6 12 ( 6 44 12 ) ( 6 47 42 12 )
6 14 ( 6 5 14 ) ( 6 47 14 )
6 15 ( 6 42 15 ) ( 6 12 15 )
6 19 ( 6 5 49 19 ) ( 6 12 19 )
7 13 ( 7 31 13 ) ( 7 34 13 )
8 12 ( 8 42 12 ) ( 8 44 12 )
8 14 ( 8 44 14 ) ( 8 5 14 )
8 15 ( 8 57 43 15 ) ( 8 16 15 )
8 16 ( 8 44 15 16 ) ( 8 29 16 )
8 19 ( 8 44 19 ) ( 8 42 19 )

EOF