DIMENSIONS
70 sommetsG2
65 sommetsG1
150 dem

SOMMETS
0  London  C  51.52  -0.1
1  Glasgow  C  55.87  -4.27
2  Birmingham  C  52.48  -1.91
3  Liverpool  C  53.42  -2.99
4  Edinburgh  C  55.95  -3.22
5  Sheffield  C  53.39  -1.48
6  Leeds  C  53.81  -1.55
7  Bristol  C  51.46  -2.6
8  Manchester  C  53.48  -2.25
9  Leicester  C  52.64  -1.13
10  Kingston-upon-hull  C  53.75  -0.36
11  Coventry  C  52.42  -1.5
12  Bradford  C  53.8  -1.75
13  Cardiff  C  51.48  -3.18
14  Nottingham  C  52.97  -1.18
15  Stoke-on-trent  C  53.01  -2.19
16  Wolverhampton  C  52.59  -2.15
17  Plymouth  C  50.38  -4.16
18  Belfast  C  54.6  -5.93
19  Derby  C  52.92  -1.5
20  Reading  C  51.45  -0.98
21  Southampton  C  50.91  -1.41
22  Dudley  C  52.5  -2.08
23  Aberdeen  C  57.15  -2.1
24  Newcastle-upon-tyne  C  55  -1.6
25  Preston  C  53.76  -2.73
26  Luton  C  51.9  -0.44
27  Sunderland  T  54.91  -1.39
28  Portsmouth  C  50.81  -1.09
29  Walsall  C  52.6  -1.97
30  Norwich  C  52.65  1.28
31  Swansea  C  51.63  -3.96
32  Bournemouth  C  50.73  -1.88
33  Southend-on-sea  C  51.55  0.71
34  Swindon  C  51.57  -1.78
35  Dundee  C  56.47  -3
36  Blackpool  C  53.82  -3.06
37  Poole  C  50.72  -1.98
38  Peterborough  C  52.59  -0.25
39  West-bromwich  C  52.53  -1.97
40  Middlesbrough  C  54.58  -1.23
41  Oldbury-smethwick  C  52.51  -2.03
42  Huddersfield  C  53.66  -1.8
43  Bolton  C  53.58  -2.43
44  Stockport  C  53.42  -2.17
45  Ipswich  C  52.07  1.14
46  Motherwell  C  55.79  -4
47  York  C  53.96  -1.11
48  Oxford  C  51.76  -1.26
49  Rotherham  C  53.44  -1.35
50  Brighton  C  50.83  -0.15
51  Gloucester  C  51.86  -2.24
52  Watford  C  51.66  -0.4
53  Newport  C  51.59  -3
54  Slough  T  51.52  -0.61
55  Basildon  T  51.57  0.46
56  Sutton-coldfield  C  52.56  -1.84
57  Blackburn  C  53.75  -2.49
58  Saint-helens  T  53.46  -2.75
59  Oldham  C  53.55  -2.12
60  Woking-byfleet  C  51.32  -0.57
61  Northampton  C  52.24  -0.9
62  Chelmsford  C  51.73  0.47
63  Colchester  T  51.88  0.9
64  Cambridge  C  52.21  0.13
65  Eastbourne  C  50.78  0.27
66  Worthing  C  50.82  -0.38
67  Exeter  C  50.73  -3.54
68  Gillingham  C  51.39  0.55
69  Solihull  C  52.42  -1.78

DEMANDES
0 1 ( 0 26 1 ) ( 0 19 1 )
0 2 ( 0 69 2 ) ( 0 52 2 )
0 3 ( 0 56 3 ) ( 0 69 29 3 )
0 4 ( 0 12 4 ) ( 0 5 4 )
0 5 ( 0 26 5 ) ( 0 9 5 )
0 6 ( 0 49 6 ) ( 0 26 14 6 )
0 7 ( 0 20 7 ) ( 0 60 7 )
0 8 ( 0 44 8 ) ( 0 19 8 )
0 9 ( 0 52 61 9 ) ( 0 38 9 )
0 10 ( 0 26 10 ) ( 0 14 10 )
0 11 ( 0 60 20 11 ) ( 0 26 52 11 )
0 12 ( 0 14 12 ) ( 0 5 12 )
0 13 ( 0 20 13 ) ( 0 52 13 )
0 14 ( 0 26 14 ) ( 0 52 14 )
0 15 ( 0 11 15 ) ( 0 52 15 )
0 16 ( 0 52 69 16 ) ( 0 39 16 )
0 17 ( 0 21 17 ) ( 0 37 17 )
0 18 ( 0 2 18 ) ( 0 16 18 )
0 19 ( 0 26 19 ) ( 0 61 19 )
0 20 ( 0 60 20 ) ( 0 52 48 20 )
0 21 ( 0 28 21 ) ( 0 20 21 )
0 22 ( 0 41 22 ) ( 0 39 22 )
0 23 ( 0 47 23 ) ( 0 26 23 )
0 24 ( 0 47 24 ) ( 0 26 24 )
0 25 ( 0 61 25 ) ( 0 43 25 )
0 26 ( 0 60 26 ) ( 0 64 26 )
0 28 ( 0 60 28 ) ( 0 52 28 )
0 29 ( 0 52 29 ) ( 0 56 29 )
0 30 ( 0 45 30 ) ( 0 68 30 )
0 31 ( 0 20 31 ) ( 0 7 31 )
0 32 ( 0 60 32 ) ( 0 21 32 )
0 33 ( 0 68 33 ) ( 0 64 33 )
0 34 ( 0 48 34 ) ( 0 61 34 )
0 35 ( 0 49 35 ) ( 0 14 5 35 )
0 36 ( 0 61 36 ) ( 0 15 36 )
0 37 ( 0 60 37 ) ( 0 21 37 )
0 38 ( 0 26 38 ) ( 0 64 38 )
0 39 ( 0 69 39 ) ( 0 52 39 )
0 40 ( 0 38 40 ) ( 0 14 40 )
0 41 ( 0 52 41 ) ( 0 11 41 )
0 42 ( 0 9 42 ) ( 0 61 42 )
0 43 ( 0 26 43 ) ( 0 61 8 43 )
0 44 ( 0 69 44 ) ( 0 8 44 )
0 45 ( 0 68 45 ) ( 0 33 62 45 )
0 46 ( 0 26 46 ) ( 0 61 46 )
0 47 ( 0 52 47 ) ( 0 61 47 )
0 48 ( 0 52 48 ) ( 0 20 48 )
0 49 ( 0 14 49 ) ( 0 52 49 )
0 50 ( 0 65 50 ) ( 0 62 50 )
0 51 ( 0 52 51 ) ( 0 34 51 )
0 52 ( 0 26 52 ) ( 0 60 52 )
0 53 ( 0 20 53 ) ( 0 52 53 )
0 56 ( 0 52 56 ) ( 0 61 56 )
0 57 ( 0 8 57 ) ( 0 26 57 )
0 59 ( 0 19 59 ) ( 0 9 59 )
0 60 ( 0 52 60 ) ( 0 26 60 )
0 61 ( 0 20 61 ) ( 0 38 61 )
0 62 ( 0 68 62 ) ( 0 52 62 )
0 64 ( 0 26 64 ) ( 0 68 64 )
0 65 ( 0 68 65 ) ( 0 66 65 )
0 66 ( 0 50 66 ) ( 0 60 66 )
0 67 ( 0 60 67 ) ( 0 20 67 )
0 68 ( 0 33 68 ) ( 0 52 68 )
0 69 ( 0 11 69 ) ( 0 26 69 )
1 2 ( 1 39 2 ) ( 1 15 2 )
1 3 ( 1 46 36 3 ) ( 1 57 43 3 )
1 4 ( 1 23 4 ) ( 1 36 4 )
1 5 ( 1 59 5 ) ( 1 6 5 )
1 6 ( 1 46 6 ) ( 1 4 6 )
1 7 ( 1 3 7 ) ( 1 36 7 )
1 8 ( 1 57 43 8 ) ( 1 36 25 8 )
1 12 ( 1 46 12 ) ( 1 42 12 )
1 15 ( 1 25 15 ) ( 1 36 15 )
1 18 ( 1 46 18 ) ( 1 36 18 )
1 23 ( 1 46 23 ) ( 1 4 23 )
1 25 ( 1 46 25 ) ( 1 36 25 )
1 35 ( 1 24 35 ) ( 1 46 36 35 )
1 46 ( 1 4 46 ) ( 1 35 46 )
2 3 ( 2 39 3 ) ( 2 29 3 )
2 4 ( 2 29 4 ) ( 2 57 4 )
2 5 ( 2 19 5 ) ( 2 69 5 )
2 6 ( 2 39 6 ) ( 2 42 6 )
2 7 ( 2 51 7 ) ( 2 39 41 7 )
2 8 ( 2 29 8 ) ( 2 39 8 )
2 9 ( 2 69 9 ) ( 2 56 69 11 9 )
2 10 ( 2 14 10 ) ( 2 19 10 )
2 11 ( 2 56 11 ) ( 2 41 22 11 )
2 12 ( 2 42 12 ) ( 2 56 12 )
2 13 ( 2 53 13 ) ( 2 22 13 )
2 14 ( 2 56 14 ) ( 2 19 14 )
2 15 ( 2 22 15 ) ( 2 29 39 15 )
2 16 ( 2 56 16 ) ( 2 22 39 16 )
2 17 ( 2 67 17 ) ( 2 51 17 )
2 19 ( 2 56 19 ) ( 2 39 19 )
2 20 ( 2 69 20 ) ( 2 11 20 )
2 21 ( 2 34 21 ) ( 2 39 21 )
2 22 ( 2 41 22 ) ( 2 39 22 )
2 25 ( 2 15 25 ) ( 2 39 25 )
2 26 ( 2 69 26 ) ( 2 39 26 )
2 28 ( 2 34 21 28 ) ( 2 20 28 )
2 29 ( 2 41 22 29 ) ( 2 56 69 29 )
2 31 ( 2 39 31 ) ( 2 29 22 31 )
2 32 ( 2 34 32 ) ( 2 51 32 )
2 34 ( 2 39 34 ) ( 2 29 34 )
2 36 ( 2 39 36 ) ( 2 29 36 )
2 37 ( 2 34 37 ) ( 2 69 37 )
2 38 ( 2 9 38 ) ( 2 69 38 )
2 39 ( 2 56 39 ) ( 2 22 39 )
2 41 ( 2 39 41 ) ( 2 29 41 )
2 42 ( 2 39 42 ) ( 2 41 42 )
2 43 ( 2 15 43 ) ( 2 39 43 )
2 44 ( 2 29 44 ) ( 2 39 44 )
2 47 ( 2 5 47 ) ( 2 29 49 47 )
2 48 ( 2 39 48 ) ( 2 16 48 )
2 49 ( 2 19 49 ) ( 2 5 49 )
2 51 ( 2 41 51 ) ( 2 69 51 )
2 52 ( 2 69 52 ) ( 2 61 52 )
2 53 ( 2 41 53 ) ( 2 22 53 )
2 56 ( 2 39 56 ) ( 2 69 56 )
2 57 ( 2 39 57 ) ( 2 56 57 )
2 59 ( 2 15 59 ) ( 2 41 59 )
2 61 ( 2 56 61 ) ( 2 39 61 )
2 69 ( 2 56 69 ) ( 2 41 69 )
3 5 ( 3 44 5 ) ( 3 8 5 )
3 6 ( 3 43 12 6 ) ( 3 59 6 )
3 8 ( 3 43 8 ) ( 3 44 8 )
3 12 ( 3 8 12 ) ( 3 43 59 12 )
3 15 ( 3 43 15 ) ( 3 8 15 )
3 16 ( 3 29 16 ) ( 3 15 22 16 )
5 6 ( 5 49 6 ) ( 5 12 6 )
5 8 ( 5 44 8 ) ( 5 42 8 )
5 9 ( 5 14 9 ) ( 5 42 9 )
5 10 ( 5 6 10 ) ( 5 9 10 )
5 11 ( 5 14 11 ) ( 5 49 11 )
5 12 ( 5 44 12 ) ( 5 19 49 12 )
5 14 ( 5 49 14 ) ( 5 6 14 )
5 15 ( 5 49 15 ) ( 5 42 15 )
5 16 ( 5 39 16 ) ( 5 41 16 )
5 19 ( 5 49 19 ) ( 5 11 19 )
6 8 ( 6 59 8 ) ( 6 42 8 )
6 9 ( 6 49 9 ) ( 6 19 9 )
6 10 ( 6 47 10 ) ( 6 12 10 )
6 12 ( 6 5 12 ) ( 6 42 59 12 )
6 14 ( 6 42 14 ) ( 6 5 19 14 )
6 15 ( 6 12 15 ) ( 6 44 15 )
6 19 ( 6 5 19 ) ( 6 42 19 )
7 13 ( 7 53 13 ) ( 7 51 13 )
8 12 ( 8 44 12 ) ( 8 43 59 12 )
8 15 ( 8 59 15 ) ( 8 16 15 )
8 16 ( 8 15 16 ) ( 8 44 16 )

EOF