DIMENSIONS
70 sommetsG2
65 sommetsG1
95 dem

SOMMETS
0  London  C  51.52  -0.1
1  Glasgow  C  55.87  -4.27
2  Birmingham  C  52.48  -1.91
3  Liverpool  C  53.42  -2.99
4  Edinburgh  C  55.95  -3.22
5  Sheffield  C  53.39  -1.48
6  Leeds  C  53.81  -1.55
7  Bristol  C  51.46  -2.6
8  Manchester  C  53.48  -2.25
9  Leicester  C  52.64  -1.13
10  Kingston-upon-hull  C  53.75  -0.36
11  Coventry  C  52.42  -1.5
12  Bradford  C  53.8  -1.75
13  Cardiff  C  51.48  -3.18
14  Nottingham  C  52.97  -1.18
15  Stoke-on-trent  C  53.01  -2.19
16  Wolverhampton  C  52.59  -2.15
17  Plymouth  C  50.38  -4.16
18  Belfast  C  54.6  -5.93
19  Derby  C  52.92  -1.5
20  Reading  C  51.45  -0.98
21  Southampton  C  50.91  -1.41
22  Dudley  C  52.5  -2.08
23  Aberdeen  C  57.15  -2.1
24  Newcastle-upon-tyne  C  55  -1.6
25  Preston  C  53.76  -2.73
26  Luton  C  51.9  -0.44
27  Sunderland  T  54.91  -1.39
28  Portsmouth  C  50.81  -1.09
29  Walsall  C  52.6  -1.97
30  Norwich  C  52.65  1.28
31  Swansea  C  51.63  -3.96
32  Bournemouth  C  50.73  -1.88
33  Southend-on-sea  C  51.55  0.71
34  Swindon  C  51.57  -1.78
35  Dundee  C  56.47  -3
36  Blackpool  C  53.82  -3.06
37  Poole  C  50.72  -1.98
38  Peterborough  C  52.59  -0.25
39  West-bromwich  C  52.53  -1.97
40  Middlesbrough  C  54.58  -1.23
41  Oldbury-smethwick  C  52.51  -2.03
42  Huddersfield  C  53.66  -1.8
43  Bolton  C  53.58  -2.43
44  Stockport  C  53.42  -2.17
45  Ipswich  C  52.07  1.14
46  Motherwell  C  55.79  -4
47  York  C  53.96  -1.11
48  Oxford  C  51.76  -1.26
49  Rotherham  C  53.44  -1.35
50  Brighton  C  50.83  -0.15
51  Gloucester  C  51.86  -2.24
52  Watford  C  51.66  -0.4
53  Newport  C  51.59  -3
54  Slough  T  51.52  -0.61
55  Basildon  T  51.57  0.46
56  Sutton-coldfield  C  52.56  -1.84
57  Blackburn  C  53.75  -2.49
58  Saint-helens  T  53.46  -2.75
59  Oldham  C  53.55  -2.12
60  Woking-byfleet  C  51.32  -0.57
61  Northampton  C  52.24  -0.9
62  Chelmsford  C  51.73  0.47
63  Colchester  T  51.88  0.9
64  Cambridge  C  52.21  0.13
65  Eastbourne  C  50.78  0.27
66  Worthing  C  50.82  -0.38
67  Exeter  C  50.73  -3.54
68  Gillingham  C  51.39  0.55
69  Solihull  C  52.42  -1.78

DEMANDES
0 1 ( 0 9 1 ) ( 0 19 1 )
0 2 ( 0 52 2 ) ( 0 26 11 2 )
0 3 ( 0 69 3 ) ( 0 26 3 )
0 4 ( 0 5 4 ) ( 0 26 4 )
0 5 ( 0 14 5 ) ( 0 26 9 5 )
0 6 ( 0 26 6 ) ( 0 9 6 )
0 7 ( 0 34 7 ) ( 0 52 7 )
0 8 ( 0 19 44 8 ) ( 0 9 8 )
0 9 ( 0 61 9 ) ( 0 52 26 9 )
0 10 ( 0 64 10 ) ( 0 52 10 )
0 11 ( 0 26 11 ) ( 0 60 11 )
0 12 ( 0 14 12 ) ( 0 9 12 )
0 13 ( 0 53 13 ) ( 0 48 13 )
0 14 ( 0 26 14 ) ( 0 61 14 )
0 15 ( 0 11 15 ) ( 0 26 15 )
0 16 ( 0 52 16 ) ( 0 39 16 )
0 17 ( 0 20 17 ) ( 0 67 17 )
0 18 ( 0 2 18 ) ( 0 39 18 )
0 19 ( 0 61 19 ) ( 0 52 19 )
0 20 ( 0 26 20 ) ( 0 50 20 )
0 21 ( 0 60 21 ) ( 0 20 21 )
0 22 ( 0 69 22 ) ( 0 41 22 )
0 23 ( 0 38 23 ) ( 0 26 23 )
0 24 ( 0 40 24 ) ( 0 52 24 )
0 25 ( 0 61 25 ) ( 0 43 25 )
0 26 ( 0 52 26 ) ( 0 20 26 )
0 28 ( 0 52 28 ) ( 0 26 60 28 )
0 29 ( 0 11 29 ) ( 0 2 29 )
0 30 ( 0 62 30 ) ( 0 33 30 )
0 31 ( 0 34 31 ) ( 0 20 31 )
0 32 ( 0 60 32 ) ( 0 21 32 )
0 33 ( 0 68 33 ) ( 0 52 62 33 )
0 34 ( 0 52 34 ) ( 0 60 34 )
0 35 ( 0 49 35 ) ( 0 26 35 )
0 36 ( 0 61 36 ) ( 0 11 36 )
0 37 ( 0 28 37 ) ( 0 52 37 )
0 38 ( 0 52 38 ) ( 0 26 64 38 )
0 39 ( 0 69 39 ) ( 0 2 39 )
0 40 ( 0 38 40 ) ( 0 26 40 )
0 41 ( 0 52 41 ) ( 0 69 41 )
0 42 ( 0 14 42 ) ( 0 5 42 )
0 43 ( 0 26 43 ) ( 0 8 43 )
0 44 ( 0 26 44 ) ( 0 9 44 )
0 45 ( 0 68 45 ) ( 0 52 45 )
0 46 ( 0 9 46 ) ( 0 26 46 )
0 47 ( 0 38 47 ) ( 0 61 9 47 )
0 48 ( 0 52 48 ) ( 0 20 48 )
0 49 ( 0 52 49 ) ( 0 61 49 )
0 50 ( 0 66 50 ) ( 0 52 50 )
0 51 ( 0 34 51 ) ( 0 60 51 )
0 52 ( 0 26 52 ) ( 0 60 52 )
0 53 ( 0 60 20 53 ) ( 0 52 51 53 )
0 56 ( 0 52 56 ) ( 0 69 56 )
0 57 ( 0 44 57 ) ( 0 9 57 )
0 59 ( 0 19 59 ) ( 0 61 59 )
0 60 ( 0 62 60 ) ( 0 68 60 )
0 61 ( 0 52 61 ) ( 0 60 61 )
0 62 ( 0 68 62 ) ( 0 33 62 )
0 64 ( 0 52 64 ) ( 0 26 64 )
0 65 ( 0 50 65 ) ( 0 68 65 )
0 66 ( 0 52 66 ) ( 0 60 50 66 )
0 67 ( 0 60 67 ) ( 0 20 67 )
0 68 ( 0 33 68 ) ( 0 50 68 )
0 69 ( 0 11 69 ) ( 0 26 69 )
1 2 ( 1 25 2 ) ( 1 22 2 )
1 3 ( 1 36 3 ) ( 1 46 3 )
1 4 ( 1 36 4 ) ( 1 57 4 )
1 46 ( 1 35 4 46 ) ( 1 23 46 )
2 3 ( 2 29 3 ) ( 2 16 3 )
2 5 ( 2 56 5 ) ( 2 19 5 )
2 6 ( 2 5 6 ) ( 2 56 29 6 )
2 7 ( 2 39 7 ) ( 2 22 7 )
2 8 ( 2 44 8 ) ( 2 16 8 )
2 9 ( 2 11 9 ) ( 2 41 9 )
2 10 ( 2 19 10 ) ( 2 56 14 10 )
2 11 ( 2 69 11 ) ( 2 39 56 11 )
2 12 ( 2 39 12 ) ( 2 22 12 )
2 13 ( 2 53 13 ) ( 2 16 13 )
2 14 ( 2 39 14 ) ( 2 29 14 )
2 15 ( 2 56 15 ) ( 2 16 15 )
2 16 ( 2 39 16 ) ( 2 29 16 )
2 19 ( 2 56 19 ) ( 2 22 29 19 )
2 20 ( 2 56 20 ) ( 2 39 48 20 )
2 21 ( 2 34 21 ) ( 2 22 21 )
2 22 ( 2 16 22 ) ( 2 69 22 )
2 29 ( 2 39 29 ) ( 2 56 29 )
2 34 ( 2 69 34 ) ( 2 56 34 )
2 39 ( 2 41 39 ) ( 2 29 39 )
2 41 ( 2 39 41 ) ( 2 22 41 )
2 42 ( 2 56 42 ) ( 2 39 42 )
2 44 ( 2 41 44 ) ( 2 22 44 )
2 48 ( 2 56 48 ) ( 2 11 48 )
2 51 ( 2 39 51 ) ( 2 22 51 )
3 8 ( 3 43 8 ) ( 3 57 8 )
5 6 ( 5 42 6 ) ( 5 59 6 )

EOF