DIMENSIONS
80 sommetsG2
75 sommetsG1
100 dem

SOMMETS
0  London  C  51.52  -0.1
1  Glasgow  C  55.87  -4.27
2  Birmingham  C  52.48  -1.91
3  Liverpool  C  53.42  -2.99
4  Edinburgh  C  55.95  -3.22
5  Sheffield  C  53.39  -1.48
6  Leeds  C  53.81  -1.55
7  Bristol  C  51.46  -2.6
8  Manchester  C  53.48  -2.25
9  Leicester  C  52.64  -1.13
10  Kingston-upon-hull  C  53.75  -0.36
11  Coventry  C  52.42  -1.5
12  Bradford  C  53.8  -1.75
13  Cardiff  C  51.48  -3.18
14  Nottingham  C  52.97  -1.18
15  Stoke-on-trent  C  53.01  -2.19
16  Wolverhampton  C  52.59  -2.15
17  Plymouth  C  50.38  -4.16
18  Belfast  C  54.6  -5.93
19  Derby  C  52.92  -1.5
20  Reading  C  51.45  -0.98
21  Southampton  C  50.91  -1.41
22  Dudley  C  52.5  -2.08
23  Aberdeen  C  57.15  -2.1
24  Newcastle-upon-tyne  C  55  -1.6
25  Preston  C  53.76  -2.73
26  Luton  C  51.9  -0.44
27  Sunderland  C  54.91  -1.39
28  Portsmouth  C  50.81  -1.09
29  Walsall  C  52.6  -1.97
30  Norwich  C  52.65  1.28
31  Swansea  T  51.63  -3.96
32  Bournemouth  C  50.73  -1.88
33  Southend-on-sea  C  51.55  0.71
34  Swindon  C  51.57  -1.78
35  Dundee  C  56.47  -3
36  Blackpool  C  53.82  -3.06
37  Poole  C  50.72  -1.98
38  Peterborough  C  52.59  -0.25
39  West-bromwich  C  52.53  -1.97
40  Middlesbrough  C  54.58  -1.23
41  Oldbury-smethwick  C  52.51  -2.03
42  Huddersfield  C  53.66  -1.8
43  Bolton  C  53.58  -2.43
44  Stockport  C  53.42  -2.17
45  Ipswich  C  52.07  1.14
46  Motherwell  C  55.79  -4
47  York  C  53.96  -1.11
48  Oxford  C  51.76  -1.26
49  Rotherham  C  53.44  -1.35
50  Brighton  C  50.83  -0.15
51  Gloucester  C  51.86  -2.24
52  Watford  C  51.66  -0.4
53  Newport  C  51.59  -3
54  Slough  C  51.52  -0.61
55  Basildon  C  51.57  0.46
56  Sutton-coldfield  C  52.56  -1.84
57  Blackburn  C  53.75  -2.49
58  Saint-helens  C  53.46  -2.75
59  Oldham  C  53.55  -2.12
60  Woking-byfleet  C  51.32  -0.57
61  Northampton  C  52.24  -0.9
62  Chelmsford  T  51.73  0.47
63  Colchester  T  51.88  0.9
64  Cambridge  C  52.21  0.13
65  Eastbourne  C  50.78  0.27
66  Worthing  C  50.82  -0.38
67  Exeter  T  50.73  -3.54
68  Gillingham  C  51.39  0.55
69  Solihull  C  52.42  -1.78
70  Halifax  C  53.73  -1.88
71  Cheltenham  C  51.9  -2.09
72  Maidstone  T  51.28  0.51
73  Rochdale  C  53.62  -2.16
74  Crawley  C  51.13  -0.2
75  Southport  C  53.66  -3.01
76  Falkirk  C  56.02  -3.79
77  Birkenhead  C  53.39  -3.04
78  Grimsby  C  53.57  -0.11
79  Darlington  C  54.52  -1.57

DEMANDES
0 1 ( 0 26 1 ) ( 0 73 1 )
0 2 ( 0 52 2 ) ( 0 11 2 )
0 3 ( 0 11 3 ) ( 0 52 56 3 )
0 4 ( 0 14 4 ) ( 0 5 4 )
0 5 ( 0 14 5 ) ( 0 26 5 )
0 6 ( 0 49 6 ) ( 0 52 6 )
0 7 ( 0 54 7 ) ( 0 20 7 )
0 8 ( 0 61 8 ) ( 0 26 8 )
0 9 ( 0 26 9 ) ( 0 52 9 )
0 10 ( 0 64 10 ) ( 0 52 10 )
0 11 ( 0 52 11 ) ( 0 26 11 )
0 12 ( 0 5 12 ) ( 0 26 12 )
0 13 ( 0 34 13 ) ( 0 52 34 7 13 )
0 14 ( 0 52 14 ) ( 0 61 9 14 )
0 15 ( 0 52 15 ) ( 0 26 15 )
0 16 ( 0 39 16 ) ( 0 2 22 16 )
0 17 ( 0 20 17 ) ( 0 54 17 )
0 18 ( 0 2 18 ) ( 0 69 18 )
0 19 ( 0 26 19 ) ( 0 61 19 )
0 20 ( 0 60 20 ) ( 0 74 20 )
0 21 ( 0 60 21 ) ( 0 20 21 )
0 22 ( 0 52 22 ) ( 0 69 22 )
0 23 ( 0 40 23 ) ( 0 27 23 )
0 24 ( 0 40 24 ) ( 0 27 24 )
0 25 ( 0 61 25 ) ( 0 26 25 )
0 26 ( 0 54 26 ) ( 0 60 26 )
0 27 ( 0 40 27 ) ( 0 26 47 27 )
0 28 ( 0 60 28 ) ( 0 20 28 )
0 29 ( 0 56 29 ) ( 0 11 29 )
0 30 ( 0 45 30 ) ( 0 55 68 30 )
0 32 ( 0 60 32 ) ( 0 21 32 )
0 33 ( 0 68 33 ) ( 0 52 33 )
0 34 ( 0 54 34 ) ( 0 52 34 )
0 35 ( 0 26 35 ) ( 0 12 35 )
0 36 ( 0 56 36 ) ( 0 9 36 )
0 37 ( 0 21 37 ) ( 0 28 37 )
0 38 ( 0 52 38 ) ( 0 54 38 )
0 39 ( 0 69 39 ) ( 0 11 39 )
0 40 ( 0 49 40 ) ( 0 26 61 40 )
0 41 ( 0 52 41 ) ( 0 69 41 )
0 42 ( 0 14 42 ) ( 0 9 42 )
0 43 ( 0 26 44 43 ) ( 0 19 43 )
0 44 ( 0 26 44 ) ( 0 9 19 44 )
0 45 ( 0 33 45 ) ( 0 74 45 )
0 46 ( 0 73 46 ) ( 0 61 46 )
0 47 ( 0 26 47 ) ( 0 52 47 )
0 48 ( 0 52 48 ) ( 0 74 48 )
0 49 ( 0 61 9 14 49 ) ( 0 38 49 )
0 50 ( 0 74 50 ) ( 0 60 50 )
0 51 ( 0 54 51 ) ( 0 71 51 )
0 52 ( 0 54 52 ) ( 0 74 60 52 )
0 53 ( 0 20 53 ) ( 0 52 34 53 )
0 54 ( 0 52 54 ) ( 0 60 54 )
0 55 ( 0 68 55 ) ( 0 74 55 )
0 56 ( 0 11 56 ) ( 0 26 56 )
0 57 ( 0 44 57 ) ( 0 52 19 57 )
0 58 ( 0 15 58 ) ( 0 11 58 )
0 59 ( 0 19 59 ) ( 0 9 59 )
0 60 ( 0 26 54 60 ) ( 0 74 66 60 )
0 61 ( 0 26 61 ) ( 0 60 61 )
0 64 ( 0 52 64 ) ( 0 26 64 )
0 65 ( 0 68 65 ) ( 0 66 65 )
0 66 ( 0 50 66 ) ( 0 60 66 )
0 68 ( 0 33 68 ) ( 0 65 68 )
0 69 ( 0 61 69 ) ( 0 54 48 69 )
0 70 ( 0 42 70 ) ( 0 9 70 )
0 71 ( 0 54 71 ) ( 0 52 71 )
0 73 ( 0 19 73 ) ( 0 9 73 )
0 74 ( 0 52 74 ) ( 0 60 74 )
0 75 ( 0 58 75 ) ( 0 52 75 )
0 76 ( 0 70 76 ) ( 0 5 76 )
0 77 ( 0 29 77 ) ( 0 15 77 )
0 78 ( 0 64 78 ) ( 0 26 78 )
0 79 ( 0 26 79 ) ( 0 47 79 )
1 2 ( 1 29 2 ) ( 1 15 2 )
1 3 ( 1 77 3 ) ( 1 46 3 )
1 4 ( 1 35 4 ) ( 1 36 4 )
1 46 ( 1 76 46 ) ( 1 35 4 46 )
2 3 ( 2 39 3 ) ( 2 16 3 )
2 5 ( 2 56 5 ) ( 2 69 5 )
2 6 ( 2 56 6 ) ( 2 29 6 )
2 7 ( 2 51 7 ) ( 2 41 7 )
2 8 ( 2 44 8 ) ( 2 56 8 )
2 9 ( 2 56 9 ) ( 2 69 9 )
2 10 ( 2 19 10 ) ( 2 39 10 )
2 11 ( 2 69 11 ) ( 2 39 56 11 )
2 12 ( 2 39 29 12 ) ( 2 70 12 )
2 13 ( 2 53 13 ) ( 2 41 13 )
2 14 ( 2 29 14 ) ( 2 41 19 14 )
2 15 ( 2 39 15 ) ( 2 56 15 )
2 16 ( 2 22 16 ) ( 2 29 16 )
2 19 ( 2 56 19 ) ( 2 39 19 )
2 20 ( 2 48 20 ) ( 2 69 20 )
2 22 ( 2 29 22 ) ( 2 69 22 )
2 29 ( 2 39 29 ) ( 2 56 29 )
2 34 ( 2 22 34 ) ( 2 29 34 )
2 39 ( 2 41 39 ) ( 2 29 39 )
2 41 ( 2 39 41 ) ( 2 22 41 )
2 44 ( 2 39 44 ) ( 2 41 44 )
3 8 ( 3 58 8 ) ( 3 43 8 )

EOF