DIMENSIONS
85 sommetsG2
80 sommetsG1
140 dem

SOMMETS
0  London  C  51.52  -0.1
1  Glasgow  C  55.87  -4.27
2  Birmingham  C  52.48  -1.91
3  Liverpool  C  53.42  -2.99
4  Edinburgh  C  55.95  -3.22
5  Sheffield  C  53.39  -1.48
6  Leeds  C  53.81  -1.55
7  Bristol  C  51.46  -2.6
8  Manchester  C  53.48  -2.25
9  Leicester  C  52.64  -1.13
10  Kingston-upon-hull  C  53.75  -0.36
11  Coventry  C  52.42  -1.5
12  Bradford  C  53.8  -1.75
13  Cardiff  C  51.48  -3.18
14  Nottingham  C  52.97  -1.18
15  Stoke-on-trent  C  53.01  -2.19
16  Wolverhampton  C  52.59  -2.15
17  Plymouth  C  50.38  -4.16
18  Belfast  C  54.6  -5.93
19  Derby  C  52.92  -1.5
20  Reading  C  51.45  -0.98
21  Southampton  C  50.91  -1.41
22  Dudley  C  52.5  -2.08
23  Aberdeen  C  57.15  -2.1
24  Newcastle-upon-tyne  C  55  -1.6
25  Preston  C  53.76  -2.73
26  Luton  C  51.9  -0.44
27  Sunderland  C  54.91  -1.39
28  Portsmouth  C  50.81  -1.09
29  Walsall  C  52.6  -1.97
30  Norwich  C  52.65  1.28
31  Swansea  C  51.63  -3.96
32  Bournemouth  C  50.73  -1.88
33  Southend-on-sea  T  51.55  0.71
34  Swindon  C  51.57  -1.78
35  Dundee  C  56.47  -3
36  Blackpool  C  53.82  -3.06
37  Poole  C  50.72  -1.98
38  Peterborough  C  52.59  -0.25
39  West-bromwich  C  52.53  -1.97
40  Middlesbrough  C  54.58  -1.23
41  Oldbury-smethwick  C  52.51  -2.03
42  Huddersfield  C  53.66  -1.8
43  Bolton  C  53.58  -2.43
44  Stockport  C  53.42  -2.17
45  Ipswich  C  52.07  1.14
46  Motherwell  C  55.79  -4
47  York  C  53.96  -1.11
48  Oxford  C  51.76  -1.26
49  Rotherham  C  53.44  -1.35
50  Brighton  C  50.83  -0.15
51  Gloucester  C  51.86  -2.24
52  Watford  C  51.66  -0.4
53  Newport  C  51.59  -3
54  Slough  C  51.52  -0.61
55  Basildon  C  51.57  0.46
56  Sutton-coldfield  C  52.56  -1.84
57  Blackburn  C  53.75  -2.49
58  Saint-helens  C  53.46  -2.75
59  Oldham  C  53.55  -2.12
60  Woking-byfleet  C  51.32  -0.57
61  Northampton  C  52.24  -0.9
62  Chelmsford  C  51.73  0.47
63  Colchester  C  51.88  0.9
64  Cambridge  C  52.21  0.13
65  Eastbourne  C  50.78  0.27
66  Worthing  T  50.82  -0.38
67  Exeter  T  50.73  -3.54
68  Gillingham  C  51.39  0.55
69  Solihull  C  52.42  -1.78
70  Halifax  C  53.73  -1.88
71  Cheltenham  T  51.9  -2.09
72  Maidstone  C  51.28  0.51
73  Rochdale  C  53.62  -2.16
74  Crawley  C  51.13  -0.2
75  Southport  C  53.66  -3.01
76  Falkirk  C  56.02  -3.79
77  Birkenhead  T  53.39  -3.04
78  Grimsby  C  53.57  -0.11
79  Darlington  C  54.52  -1.57
80  Worcester  C  52.2  -2.24
81  Bath  C  51.39  -2.38
82  Hartlepool  C  54.69  -1.22
83  Wigan  C  53.55  -2.64
84  Hastings  C  50.86  0.57

DEMANDES
0 1 ( 0 26 1 ) ( 0 9 1 )
0 2 ( 0 11 69 2 ) ( 0 29 2 )
0 3 ( 0 39 3 ) ( 0 26 61 3 )
0 4 ( 0 12 4 ) ( 0 14 4 )
0 5 ( 0 14 5 ) ( 0 26 5 )
0 6 ( 0 49 6 ) ( 0 26 6 )
0 7 ( 0 20 7 ) ( 0 81 7 )
0 8 ( 0 44 8 ) ( 0 26 8 )
0 9 ( 0 26 9 ) ( 0 52 9 )
0 10 ( 0 26 10 ) ( 0 54 10 )
0 11 ( 0 20 48 11 ) ( 0 60 52 11 )
0 12 ( 0 5 12 ) ( 0 26 12 )
0 13 ( 0 54 13 ) ( 0 20 13 )
0 14 ( 0 52 14 ) ( 0 64 14 )
0 15 ( 0 26 15 ) ( 0 69 15 )
0 16 ( 0 2 16 ) ( 0 69 16 )
0 17 ( 0 20 17 ) ( 0 54 17 )
0 18 ( 0 69 18 ) ( 0 39 18 )
0 19 ( 0 61 19 ) ( 0 52 19 )
0 20 ( 0 54 20 ) ( 0 74 20 )
0 21 ( 0 28 21 ) ( 0 20 21 )
0 22 ( 0 69 22 ) ( 0 39 22 )
0 23 ( 0 47 23 ) ( 0 82 27 23 )
0 24 ( 0 49 24 ) ( 0 26 14 24 )
0 25 ( 0 43 25 ) ( 0 26 25 )
0 26 ( 0 60 54 26 ) ( 0 64 26 )
0 27 ( 0 40 27 ) ( 0 47 27 )
0 28 ( 0 54 28 ) ( 0 52 60 28 )
0 29 ( 0 56 29 ) ( 0 69 29 )
0 30 ( 0 63 30 ) ( 0 45 30 )
0 31 ( 0 34 31 ) ( 0 54 31 )
0 32 ( 0 21 32 ) ( 0 54 32 )
0 34 ( 0 54 34 ) ( 0 52 34 )
0 35 ( 0 6 35 ) ( 0 49 35 )
0 36 ( 0 83 36 ) ( 0 61 36 )
0 37 ( 0 32 37 ) ( 0 28 37 )
0 38 ( 0 64 38 ) ( 0 60 54 38 )
0 39 ( 0 69 39 ) ( 0 52 11 39 )
0 40 ( 0 14 40 ) ( 0 52 61 40 )
0 41 ( 0 52 41 ) ( 0 2 41 )
0 42 ( 0 26 42 ) ( 0 52 42 )
0 43 ( 0 61 43 ) ( 0 26 43 )
0 44 ( 0 9 44 ) ( 0 14 44 )
0 45 ( 0 63 45 ) ( 0 68 45 )
0 46 ( 0 19 46 ) ( 0 73 46 )
0 47 ( 0 52 26 47 ) ( 0 9 47 )
0 48 ( 0 20 48 ) ( 0 60 54 48 )
0 49 ( 0 26 49 ) ( 0 52 49 )
0 50 ( 0 60 50 ) ( 0 54 50 )
0 51 ( 0 54 51 ) ( 0 52 51 )
0 52 ( 0 26 52 ) ( 0 74 52 )
0 53 ( 0 34 53 ) ( 0 54 53 )
0 54 ( 0 52 54 ) ( 0 26 54 )
0 55 ( 0 68 55 ) ( 0 52 55 )
0 56 ( 0 52 56 ) ( 0 11 56 )
0 57 ( 0 44 57 ) ( 0 8 57 )
0 58 ( 0 11 15 58 ) ( 0 56 29 58 )
0 59 ( 0 19 59 ) ( 0 9 59 )
0 60 ( 0 74 54 60 ) ( 0 20 60 )
0 61 ( 0 54 61 ) ( 0 20 61 )
0 62 ( 0 52 62 ) ( 0 63 62 )
0 63 ( 0 72 63 ) ( 0 45 63 )
0 64 ( 0 52 64 ) ( 0 62 64 )
0 65 ( 0 50 65 ) ( 0 68 65 )
0 68 ( 0 62 68 ) ( 0 74 68 )
0 69 ( 0 52 69 ) ( 0 11 69 )
0 70 ( 0 26 70 ) ( 0 42 70 )
0 72 ( 0 68 72 ) ( 0 52 72 )
0 73 ( 0 26 19 73 ) ( 0 11 73 )
0 74 ( 0 52 74 ) ( 0 54 74 )
0 75 ( 0 58 75 ) ( 0 11 75 )
0 76 ( 0 70 76 ) ( 0 26 76 )
0 78 ( 0 26 78 ) ( 0 52 78 )
0 79 ( 0 26 79 ) ( 0 49 79 )
0 80 ( 0 52 80 ) ( 0 48 80 )
0 81 ( 0 34 81 ) ( 0 74 81 )
0 82 ( 0 40 82 ) ( 0 47 82 )
0 83 ( 0 61 83 ) ( 0 15 83 )
0 84 ( 0 65 84 ) ( 0 68 84 )
1 2 ( 1 29 2 ) ( 1 39 2 )
1 3 ( 1 75 3 ) ( 1 36 3 )
1 4 ( 1 76 4 ) ( 1 36 25 4 )
1 5 ( 1 70 5 ) ( 1 42 5 )
1 6 ( 1 76 6 ) ( 1 12 70 6 )
1 8 ( 1 36 8 ) ( 1 44 8 )
1 18 ( 1 46 18 ) ( 1 76 18 )
1 35 ( 1 76 35 ) ( 1 46 35 )
1 46 ( 1 76 46 ) ( 1 4 46 )
1 76 ( 1 35 23 76 ) ( 1 75 76 )
2 3 ( 2 29 3 ) ( 2 16 3 )
2 4 ( 2 29 57 4 ) ( 2 44 4 )
2 5 ( 2 29 5 ) ( 2 56 19 5 )
2 6 ( 2 29 6 ) ( 2 39 6 )
2 7 ( 2 80 51 7 ) ( 2 22 7 )
2 8 ( 2 29 8 ) ( 2 39 8 )
2 9 ( 2 69 9 ) ( 2 56 11 9 )
2 10 ( 2 29 10 ) ( 2 49 10 )
2 11 ( 2 69 11 ) ( 2 56 11 )
2 12 ( 2 29 12 ) ( 2 70 12 )
2 13 ( 2 80 13 ) ( 2 53 13 )
2 14 ( 2 11 14 ) ( 2 22 14 )
2 15 ( 2 69 15 ) ( 2 16 22 15 )
2 16 ( 2 39 16 ) ( 2 22 16 )
2 19 ( 2 69 19 ) ( 2 41 29 19 )
2 20 ( 2 48 20 ) ( 2 69 20 )
2 21 ( 2 34 21 ) ( 2 39 21 )
2 22 ( 2 16 22 ) ( 2 41 29 22 )
2 25 ( 2 29 25 ) ( 2 15 25 )
2 26 ( 2 69 26 ) ( 2 61 26 )
2 28 ( 2 69 28 ) ( 2 48 28 )
2 29 ( 2 56 29 ) ( 2 22 29 )
2 32 ( 2 69 32 ) ( 2 37 32 )
2 34 ( 2 39 34 ) ( 2 41 34 )
2 38 ( 2 11 38 ) ( 2 69 38 )
2 39 ( 2 41 39 ) ( 2 56 39 )
2 41 ( 2 22 41 ) ( 2 29 41 )
2 42 ( 2 29 42 ) ( 2 41 39 42 )
2 43 ( 2 15 43 ) ( 2 39 29 43 )
2 44 ( 2 56 44 ) ( 2 41 44 )
2 48 ( 2 56 48 ) ( 2 11 48 )
2 49 ( 2 19 49 ) ( 2 5 49 )
2 51 ( 2 39 51 ) ( 2 41 51 )
2 56 ( 2 39 56 ) ( 2 16 41 56 )
2 58 ( 2 29 58 ) ( 2 15 58 )
2 59 ( 2 29 59 ) ( 2 15 59 )
2 61 ( 2 11 61 ) ( 2 69 61 )
2 69 ( 2 56 69 ) ( 2 41 69 )
2 73 ( 2 15 73 ) ( 2 8 73 )
2 80 ( 2 41 80 ) ( 2 29 80 )
3 5 ( 3 44 5 ) ( 3 58 5 )
3 6 ( 3 73 6 ) ( 3 58 6 )
3 8 ( 3 83 8 ) ( 3 43 8 )
3 15 ( 3 58 15 ) ( 3 43 15 )
5 6 ( 5 49 6 ) ( 5 12 42 6 )
5 8 ( 5 59 8 ) ( 5 70 8 )
5 9 ( 5 14 9 ) ( 5 19 9 )
5 11 ( 5 19 11 ) ( 5 14 11 )
5 12 ( 5 42 12 ) ( 5 59 73 12 )
6 8 ( 6 12 8 ) ( 6 73 8 )
6 12 ( 6 5 12 ) ( 6 59 12 )

EOF