DIMENSIONS
10 sommetsG2
8 sommetsG1
25 dem

SOMMETS
0  New-york  C  40.67  -73.94
1  Los-angeles  C  34.11  -118.41
2  Chicago  C  41.84  -87.68
3  Houston  T  29.77  -95.39
4  Philadelphia  C  40.01  -75.13
5  Phoenix  C  33.54  -112.07
6  San-diego  C  32.81  -117.14
7  San-antonio  C  29.46  -98.51
8  Dallas  T  32.79  -96.77
9  Detroit  C  42.38  -83.1

DEMANDES
0 1 ( 0 9 1 ) ( 0 6 1 )
0 2 ( 0 9 2 ) ( 0 5 2 )
0 4 ( 0 2 4 ) ( 0 7 2 9 4 )
0 5 ( 0 4 5 ) ( 0 2 5 )
0 6 ( 0 9 2 6 ) ( 0 7 6 )
0 7 ( 0 9 7 ) ( 0 6 7 )
0 9 ( 0 2 9 ) ( 0 7 2 4 9 )
1 2 ( 1 6 2 ) ( 1 7 2 )
1 4 ( 1 2 9 4 ) ( 1 7 5 6 4 )
1 5 ( 1 6 5 ) ( 1 2 5 )
1 6 ( 1 7 6 ) ( 1 5 4 6 )
1 7 ( 1 5 6 7 ) ( 1 2 7 )
1 9 ( 1 0 9 ) ( 1 2 5 9 )
2 4 ( 2 7 4 ) ( 2 5 4 )
2 5 ( 2 7 5 ) ( 2 6 5 )
2 6 ( 2 1 6 ) ( 2 4 6 )
2 7 ( 2 9 7 ) ( 2 4 7 )
2 9 ( 2 4 9 ) ( 2 0 9 )
4 5 ( 4 7 5 ) ( 4 1 5 )
4 7 ( 4 0 7 ) ( 4 2 7 )
4 9 ( 4 7 2 9 ) ( 4 6 9 )
5 6 ( 5 1 7 6 ) ( 5 2 6 )
5 7 ( 5 6 7 ) ( 5 1 7 )
6 7 ( 6 5 7 ) ( 6 1 7 )
7 9 ( 7 2 9 ) ( 7 5 9 )

EOF