DIMENSIONS
55 sommetsG2
50 sommetsG1
150 dem

SOMMETS
0  New-york  C  40.67  -73.94
1  Los-angeles  C  34.11  -118.41
2  Chicago  C  41.84  -87.68
3  Houston  C  29.77  -95.39
4  Philadelphia  C  40.01  -75.13
5  Phoenix  C  33.54  -112.07
6  San-diego  C  32.81  -117.14
7  San-antonio  C  29.46  -98.51
8  Dallas  C  32.79  -96.77
9  Detroit  C  42.38  -83.1
10  San-jose  T  37.3  -121.85
11  Jacksonville  C  30.33  -81.66
12  Indianapolis  C  39.78  -86.15
13  San-francisco  C  37.77  -122.45
14  Columbus  C  39.99  -82.99
15  Austin  C  30.31  -97.75
16  Memphis  C  35.11  -90.01
17  Baltimore  C  39.3  -76.61
18  Fort-worth  C  32.75  -97.34
19  El-paso  C  31.85  -106.44
20  Charlotte  C  35.2  -80.83
21  Milwaukee  T  43.06  -87.97
22  Boston  C  42.34  -71.02
23  Seattle  C  47.62  -122.35
24  Denver  C  39.77  -104.87
25  Washington  C  38.91  -77.02
26  Nashville  C  36.17  -86.78
27  Portland  C  45.54  -122.66
28  Las-vegas  C  36.21  -115.22
29  Oklahoma-city  C  35.47  -97.51
30  Tucson  C  32.2  -110.89
31  Long-beach  C  33.79  -118.16
32  Albuquerque  C  35.12  -106.62
33  New-orleans  C  30.07  -89.93
34  Cleveland  C  41.48  -81.68
35  Fresno  C  36.78  -119.79
36  Sacramento  C  38.57  -121.47
37  Virginia-beach  C  36.74  -76.04
38  Kansas-city  C  39.12  -94.55
39  Mesa  C  33.42  -111.74
40  Atlanta  C  33.76  -84.42
41  Omaha  C  41.26  -96.01
42  Oakland  C  37.77  -122.22
43  Tulsa  T  36.13  -95.92
44  Honolulu  C  21.32  -157.8
45  Miami  C  25.78  -80.21
46  Minneapolis  T  44.96  -93.27
47  Colorado-springs  C  38.86  -104.76
48  Arlington  C  32.69  -97.13
49  Wichita  C  37.69  -97.34
50  Santa-ana  T  33.74  -117.88
51  Anaheim  C  33.84  -117.87
52  Saint-louis  C  38.64  -90.24
53  Raleigh  C  35.82  -78.66
54  Pittsburgh  C  40.44  -79.98

DEMANDES
0 1 ( 0 49 1 ) ( 0 14 1 )
0 2 ( 0 34 2 ) ( 0 17 2 )
0 3 ( 0 17 3 ) ( 0 4 3 )
0 4 ( 0 17 4 ) ( 0 25 4 )
0 5 ( 0 14 5 ) ( 0 4 5 )
0 6 ( 0 5 6 ) ( 0 32 6 )
0 7 ( 0 25 7 ) ( 0 26 7 )
0 8 ( 0 16 8 ) ( 0 4 17 8 )
0 9 ( 0 4 34 9 ) ( 0 17 9 )
0 11 ( 0 37 11 ) ( 0 20 11 )
0 12 ( 0 54 12 ) ( 0 4 12 )
0 13 ( 0 42 13 ) ( 0 14 13 )
0 14 ( 0 4 14 ) ( 0 17 54 14 )
0 15 ( 0 17 25 15 ) ( 0 26 15 )
0 16 ( 0 26 16 ) ( 0 25 16 )
0 17 ( 0 4 17 ) ( 0 54 17 )
0 18 ( 0 26 18 ) ( 0 16 8 18 )
0 19 ( 0 16 19 ) ( 0 4 26 19 )
0 20 ( 0 4 20 ) ( 0 25 20 )
0 22 ( 0 17 22 ) ( 0 25 22 )
0 23 ( 0 2 23 ) ( 0 54 23 )
0 24 ( 0 12 24 ) ( 0 54 14 24 )
0 25 ( 0 4 54 25 ) ( 0 53 25 )
0 26 ( 0 4 26 ) ( 0 25 26 )
0 27 ( 0 34 27 ) ( 0 9 27 )
0 28 ( 0 52 28 ) ( 0 49 28 )
0 29 ( 0 4 29 ) ( 0 54 29 )
0 30 ( 0 4 30 ) ( 0 17 30 )
0 31 ( 0 52 31 ) ( 0 32 31 )
0 32 ( 0 52 32 ) ( 0 54 32 )
0 33 ( 0 4 33 ) ( 0 20 40 33 )
0 34 ( 0 54 34 ) ( 0 25 34 )
0 35 ( 0 14 12 35 ) ( 0 54 12 38 35 )
0 37 ( 0 4 37 ) ( 0 53 37 )
0 38 ( 0 14 38 ) ( 0 12 38 )
0 39 ( 0 29 39 ) ( 0 32 39 )
0 40 ( 0 25 40 ) ( 0 20 40 )
0 41 ( 0 2 41 ) ( 0 14 41 )
0 45 ( 0 4 45 ) ( 0 17 45 )
0 47 ( 0 12 47 ) ( 0 38 47 )
0 48 ( 0 16 48 ) ( 0 26 48 )
0 49 ( 0 14 49 ) ( 0 4 49 )
0 52 ( 0 14 52 ) ( 0 54 52 )
0 53 ( 0 4 53 ) ( 0 25 53 )
0 54 ( 0 4 54 ) ( 0 17 54 )
1 2 ( 1 38 2 ) ( 1 28 2 )
1 3 ( 1 19 3 ) ( 1 39 3 )
1 4 ( 1 52 4 ) ( 1 17 4 )
1 5 ( 1 51 5 ) ( 1 6 5 )
1 6 ( 1 28 6 ) ( 1 42 6 )
1 7 ( 1 30 7 ) ( 1 51 7 )
1 8 ( 1 51 8 ) ( 1 31 8 )
1 13 ( 1 35 13 ) ( 1 31 42 13 )
1 15 ( 1 51 15 ) ( 1 30 15 )
1 18 ( 1 5 18 ) ( 1 31 18 )
1 19 ( 1 5 19 ) ( 1 31 19 )
1 23 ( 1 27 23 ) ( 1 31 23 )
1 24 ( 1 28 24 ) ( 1 47 24 )
1 27 ( 1 35 27 ) ( 1 36 27 )
1 28 ( 1 31 28 ) ( 1 6 28 )
1 29 ( 1 51 29 ) ( 1 5 29 )
1 30 ( 1 6 30 ) ( 1 5 30 )
1 31 ( 1 51 31 ) ( 1 42 31 )
1 32 ( 1 51 32 ) ( 1 31 32 )
1 35 ( 1 31 35 ) ( 1 51 35 )
1 36 ( 1 31 35 36 ) ( 1 51 36 )
1 39 ( 1 31 39 ) ( 1 28 39 )
1 42 ( 1 13 42 ) ( 1 36 42 )
1 47 ( 1 51 47 ) ( 1 31 47 )
1 51 ( 1 6 51 ) ( 1 35 31 51 )
2 3 ( 2 52 3 ) ( 2 8 3 )
2 4 ( 2 54 4 ) ( 2 9 4 )
2 5 ( 2 32 5 ) ( 2 38 5 )
2 6 ( 2 32 6 ) ( 2 5 6 )
2 7 ( 2 52 8 7 ) ( 2 48 7 )
2 8 ( 2 52 8 ) ( 2 18 8 )
2 9 ( 2 34 9 ) ( 2 12 14 9 )
2 11 ( 2 40 11 ) ( 2 52 11 )
2 12 ( 2 14 12 ) ( 2 52 12 )
2 14 ( 2 12 14 ) ( 2 34 14 )
2 15 ( 2 8 15 ) ( 2 18 15 )
2 16 ( 2 26 16 ) ( 2 38 16 )
2 17 ( 2 54 17 ) ( 2 14 25 17 )
2 18 ( 2 52 18 ) ( 2 8 18 )
2 20 ( 2 12 20 ) ( 2 26 20 )
2 25 ( 2 54 25 ) ( 2 34 25 )
2 26 ( 2 52 26 ) ( 2 12 14 26 )
2 29 ( 2 52 29 ) ( 2 49 29 )
2 33 ( 2 16 33 ) ( 2 14 33 )
2 34 ( 2 14 34 ) ( 2 12 34 )
2 37 ( 2 34 54 37 ) ( 2 53 37 )
2 38 ( 2 52 38 ) ( 2 12 38 )
2 40 ( 2 20 40 ) ( 2 14 26 40 )
2 41 ( 2 38 41 ) ( 2 12 41 )
2 49 ( 2 38 49 ) ( 2 52 49 )
2 52 ( 2 38 52 ) ( 2 14 52 )
2 54 ( 2 34 54 ) ( 2 14 54 )
3 4 ( 3 26 4 ) ( 3 33 4 )
3 5 ( 3 8 5 ) ( 3 18 8 19 5 )
3 7 ( 3 48 7 ) ( 3 18 7 )
3 8 ( 3 7 8 ) ( 3 29 8 )
3 11 ( 3 33 11 ) ( 3 26 11 )
3 12 ( 3 16 12 ) ( 3 26 12 )
3 15 ( 3 7 15 ) ( 3 8 15 )
3 16 ( 3 8 16 ) ( 3 48 16 )
3 18 ( 3 8 15 18 ) ( 3 29 18 )
3 29 ( 3 7 18 29 ) ( 3 49 29 )
3 33 ( 3 15 33 ) ( 3 8 33 )
3 48 ( 3 8 48 ) ( 3 18 48 )
4 9 ( 4 17 54 9 ) ( 4 25 9 )
4 14 ( 4 17 14 ) ( 4 0 14 )
4 17 ( 4 25 17 ) ( 4 37 17 )
4 20 ( 4 0 20 ) ( 4 54 20 )
4 22 ( 4 17 22 ) ( 4 54 22 )
4 25 ( 4 17 25 ) ( 4 0 25 )
4 37 ( 4 17 37 ) ( 4 53 37 )
5 6 ( 5 39 6 ) ( 5 51 6 )
5 19 ( 5 30 19 ) ( 5 39 47 19 )
5 28 ( 5 30 28 ) ( 5 6 51 28 )
5 30 ( 5 19 30 ) ( 5 32 30 )
5 32 ( 5 30 32 ) ( 5 19 32 )
5 39 ( 5 28 39 ) ( 5 32 39 )
6 13 ( 6 31 13 ) ( 6 1 13 )
6 28 ( 6 51 28 ) ( 6 1 28 )
6 31 ( 6 1 31 ) ( 6 35 31 )
6 35 ( 6 1 35 ) ( 6 51 31 35 )
6 51 ( 6 31 51 ) ( 6 1 51 )
7 8 ( 7 15 8 ) ( 7 18 8 )
7 15 ( 7 3 15 ) ( 7 18 15 )
7 18 ( 7 48 18 ) ( 7 8 18 )
7 48 ( 7 15 48 ) ( 7 18 48 )
8 15 ( 8 48 15 ) ( 8 18 15 )
8 18 ( 8 48 18 ) ( 8 29 18 )
8 29 ( 8 49 29 ) ( 8 48 15 29 )
8 48 ( 8 15 48 ) ( 8 3 48 )
9 12 ( 9 34 12 ) ( 9 2 12 )
9 14 ( 9 34 14 ) ( 9 25 14 )
9 34 ( 9 54 34 ) ( 9 2 34 )
12 14 ( 12 9 14 ) ( 12 34 14 )
13 36 ( 13 42 36 ) ( 13 31 36 )
13 42 ( 13 36 42 ) ( 13 1 42 )
14 34 ( 14 9 34 ) ( 14 54 34 )
15 18 ( 15 48 18 ) ( 15 8 18 )
17 25 ( 17 37 54 25 ) ( 17 53 20 25 )
18 48 ( 18 8 48 ) ( 18 15 48 )
23 27 ( 23 36 27 ) ( 23 42 13 27 )
24 47 ( 24 49 47 ) ( 24 29 47 )
30 39 ( 30 5 39 ) ( 30 28 39 )
31 51 ( 31 35 51 ) ( 31 28 51 )
36 42 ( 36 35 42 ) ( 36 51 1 31 42 )

EOF