DIMENSIONS
50 sommetsG2
45 sommetsG1
70 dem

SOMMETS
0  New-york  C  40.67  -73.94
1  Los-angeles  C  34.11  -118.41
2  Chicago  C  41.84  -87.68
3  Houston  C  29.77  -95.39
4  Philadelphia  C  40.01  -75.13
5  Phoenix  C  33.54  -112.07
6  San-diego  C  32.81  -117.14
7  San-antonio  C  29.46  -98.51
8  Dallas  C  32.79  -96.77
9  Detroit  T  42.38  -83.1
10  San-jose  C  37.3  -121.85
11  Jacksonville  C  30.33  -81.66
12  Indianapolis  C  39.78  -86.15
13  San-francisco  C  37.77  -122.45
14  Columbus  C  39.99  -82.99
15  Austin  C  30.31  -97.75
16  Memphis  C  35.11  -90.01
17  Baltimore  C  39.3  -76.61
18  Fort-worth  C  32.75  -97.34
19  El-paso  T  31.85  -106.44
20  Charlotte  C  35.2  -80.83
21  Milwaukee  C  43.06  -87.97
22  Boston  C  42.34  -71.02
23  Seattle  C  47.62  -122.35
24  Denver  C  39.77  -104.87
25  Washington  C  38.91  -77.02
26  Nashville  C  36.17  -86.78
27  Portland  C  45.54  -122.66
28  Las-vegas  C  36.21  -115.22
29  Oklahoma-city  C  35.47  -97.51
30  Tucson  C  32.2  -110.89
31  Long-beach  C  33.79  -118.16
32  Albuquerque  C  35.12  -106.62
33  New-orleans  C  30.07  -89.93
34  Cleveland  C  41.48  -81.68
35  Fresno  C  36.78  -119.79
36  Sacramento  C  38.57  -121.47
37  Virginia-beach  C  36.74  -76.04
38  Kansas-city  C  39.12  -94.55
39  Mesa  T  33.42  -111.74
40  Atlanta  C  33.76  -84.42
41  Omaha  C  41.26  -96.01
42  Oakland  T  37.77  -122.22
43  Tulsa  C  36.13  -95.92
44  Honolulu  C  21.32  -157.8
45  Miami  T  25.78  -80.21
46  Minneapolis  C  44.96  -93.27
47  Colorado-springs  C  38.86  -104.76
48  Arlington  C  32.69  -97.13
49  Wichita  C  37.69  -97.34

DEMANDES
0 1 ( 0 49 1 ) ( 0 38 1 )
0 2 ( 0 34 2 ) ( 0 4 2 )
0 3 ( 0 25 3 ) ( 0 20 3 )
0 4 ( 0 20 4 ) ( 0 14 4 )
0 5 ( 0 4 5 ) ( 0 14 12 5 )
0 6 ( 0 32 6 ) ( 0 43 6 )
0 7 ( 0 25 7 ) ( 0 26 7 )
0 8 ( 0 16 8 ) ( 0 4 8 )
0 11 ( 0 37 11 ) ( 0 4 11 )
0 12 ( 0 4 12 ) ( 0 25 12 )
0 14 ( 0 25 14 ) ( 0 37 14 )
0 15 ( 0 17 15 ) ( 0 16 15 )
0 16 ( 0 4 16 ) ( 0 17 26 16 )
0 17 ( 0 4 17 ) ( 0 25 17 )
0 18 ( 0 16 8 18 ) ( 0 48 18 )
0 20 ( 0 4 20 ) ( 0 25 20 )
0 21 ( 0 2 21 ) ( 0 25 12 21 )
0 22 ( 0 25 22 ) ( 0 34 22 )
0 25 ( 0 4 25 ) ( 0 22 25 )
0 26 ( 0 4 26 ) ( 0 17 26 )
0 29 ( 0 4 29 ) ( 0 17 29 )
0 33 ( 0 40 33 ) ( 0 25 33 )
0 34 ( 0 14 34 ) ( 0 17 4 34 )
0 37 ( 0 4 37 ) ( 0 17 37 )
0 38 ( 0 14 38 ) ( 0 4 38 )
0 40 ( 0 20 40 ) ( 0 37 40 )
0 41 ( 0 14 41 ) ( 0 12 41 )
0 46 ( 0 34 46 ) ( 0 4 21 46 )
1 2 ( 1 38 2 ) ( 1 47 2 )
1 3 ( 1 30 3 ) ( 1 5 7 3 )
1 5 ( 1 31 30 5 ) ( 1 35 5 )
1 6 ( 1 5 6 ) ( 1 10 35 6 )
1 7 ( 1 30 7 ) ( 1 5 7 )
1 8 ( 1 18 8 ) ( 1 48 8 )
1 10 ( 1 36 10 ) ( 1 6 10 )
1 13 ( 1 35 13 ) ( 1 31 13 )
1 28 ( 1 6 28 ) ( 1 5 28 )
1 30 ( 1 31 30 ) ( 1 6 5 30 )
1 31 ( 1 35 31 ) ( 1 28 31 )
1 35 ( 1 6 35 ) ( 1 31 28 35 )
1 36 ( 1 35 36 ) ( 1 31 36 )
2 3 ( 2 16 3 ) ( 2 12 3 )
2 4 ( 2 14 4 ) ( 2 12 4 )
2 8 ( 2 43 8 ) ( 2 38 8 )
2 12 ( 2 21 12 ) ( 2 14 12 )
2 14 ( 2 26 14 ) ( 2 12 21 14 )
2 16 ( 2 12 16 ) ( 2 21 16 )
2 21 ( 2 12 21 ) ( 2 14 21 )
2 26 ( 2 12 26 ) ( 2 14 26 )
2 34 ( 2 21 12 34 ) ( 2 26 34 )
3 7 ( 3 18 7 ) ( 3 8 7 )
3 8 ( 3 7 8 ) ( 3 48 15 8 )
3 15 ( 3 7 15 ) ( 3 8 15 )
3 18 ( 3 48 18 ) ( 3 8 18 )
3 48 ( 3 18 48 ) ( 3 29 48 )
4 17 ( 4 25 17 ) ( 4 0 17 )
4 25 ( 4 17 25 ) ( 4 0 17 37 25 )
5 6 ( 5 31 6 ) ( 5 1 6 )
5 30 ( 5 28 30 ) ( 5 6 30 )
6 31 ( 6 35 31 ) ( 6 10 1 31 )
7 8 ( 7 29 18 8 ) ( 7 43 8 )
7 15 ( 7 18 48 15 ) ( 7 29 15 )
8 15 ( 8 7 3 15 ) ( 8 43 15 )
8 18 ( 8 15 18 ) ( 8 29 43 18 )
8 29 ( 8 48 29 ) ( 8 49 29 )
8 48 ( 8 15 48 ) ( 8 29 48 )
10 13 ( 10 36 13 ) ( 10 1 13 )
10 36 ( 10 13 36 ) ( 10 1 36 )
13 36 ( 13 10 36 ) ( 13 1 36 )
17 25 ( 17 4 0 25 ) ( 17 14 25 )

EOF