DIMENSIONS
55 sommetsG2
50 sommetsG1
100 dem

SOMMETS
0  New-york  C  40.67  -73.94
1  Los-angeles  C  34.11  -118.41
2  Chicago  C  41.84  -87.68
3  Houston  C  29.77  -95.39
4  Philadelphia  C  40.01  -75.13
5  Phoenix  C  33.54  -112.07
6  San-diego  C  32.81  -117.14
7  San-antonio  C  29.46  -98.51
8  Dallas  C  32.79  -96.77
9  Detroit  C  42.38  -83.1
10  San-jose  T  37.3  -121.85
11  Jacksonville  C  30.33  -81.66
12  Indianapolis  C  39.78  -86.15
13  San-francisco  C  37.77  -122.45
14  Columbus  C  39.99  -82.99
15  Austin  C  30.31  -97.75
16  Memphis  C  35.11  -90.01
17  Baltimore  C  39.3  -76.61
18  Fort-worth  C  32.75  -97.34
19  El-paso  C  31.85  -106.44
20  Charlotte  C  35.2  -80.83
21  Milwaukee  T  43.06  -87.97
22  Boston  C  42.34  -71.02
23  Seattle  C  47.62  -122.35
24  Denver  C  39.77  -104.87
25  Washington  C  38.91  -77.02
26  Nashville  C  36.17  -86.78
27  Portland  C  45.54  -122.66
28  Las-vegas  C  36.21  -115.22
29  Oklahoma-city  C  35.47  -97.51
30  Tucson  C  32.2  -110.89
31  Long-beach  C  33.79  -118.16
32  Albuquerque  C  35.12  -106.62
33  New-orleans  C  30.07  -89.93
34  Cleveland  C  41.48  -81.68
35  Fresno  C  36.78  -119.79
36  Sacramento  C  38.57  -121.47
37  Virginia-beach  C  36.74  -76.04
38  Kansas-city  C  39.12  -94.55
39  Mesa  C  33.42  -111.74
40  Atlanta  C  33.76  -84.42
41  Omaha  C  41.26  -96.01
42  Oakland  C  37.77  -122.22
43  Tulsa  T  36.13  -95.92
44  Honolulu  C  21.32  -157.8
45  Miami  C  25.78  -80.21
46  Minneapolis  T  44.96  -93.27
47  Colorado-springs  C  38.86  -104.76
48  Arlington  C  32.69  -97.13
49  Wichita  C  37.69  -97.34
50  Santa-ana  T  33.74  -117.88
51  Anaheim  C  33.84  -117.87
52  Saint-louis  C  38.64  -90.24
53  Raleigh  C  35.82  -78.66
54  Pittsburgh  C  40.44  -79.98

DEMANDES
0 1 ( 0 49 1 ) ( 0 14 1 )
0 2 ( 0 34 2 ) ( 0 17 2 )
0 3 ( 0 17 3 ) ( 0 4 3 )
0 4 ( 0 17 4 ) ( 0 25 4 )
0 5 ( 0 14 5 ) ( 0 4 5 )
0 6 ( 0 5 6 ) ( 0 32 6 )
0 7 ( 0 25 7 ) ( 0 26 7 )
0 8 ( 0 16 8 ) ( 0 4 17 8 )
0 9 ( 0 4 34 9 ) ( 0 17 9 )
0 11 ( 0 37 11 ) ( 0 20 11 )
0 12 ( 0 54 12 ) ( 0 4 12 )
0 14 ( 0 54 14 ) ( 0 34 14 )
0 15 ( 0 4 15 ) ( 0 17 15 )
0 16 ( 0 17 16 ) ( 0 14 16 )
0 17 ( 0 25 17 ) ( 0 34 17 )
0 18 ( 0 4 18 ) ( 0 54 18 )
0 19 ( 0 17 19 ) ( 0 16 19 )
0 20 ( 0 4 20 ) ( 0 37 20 )
0 22 ( 0 4 22 ) ( 0 17 22 )
0 24 ( 0 54 24 ) ( 0 38 24 )
0 25 ( 0 37 25 ) ( 0 53 25 )
0 26 ( 0 17 26 ) ( 0 25 26 )
0 29 ( 0 4 17 29 ) ( 0 52 29 )
0 33 ( 0 40 33 ) ( 0 4 33 )
0 34 ( 0 4 34 ) ( 0 14 34 )
0 37 ( 0 4 37 ) ( 0 25 37 )
0 38 ( 0 14 38 ) ( 0 54 38 )
0 40 ( 0 25 40 ) ( 0 17 40 )
0 41 ( 0 54 14 41 ) ( 0 9 41 )
0 45 ( 0 53 45 ) ( 0 11 45 )
0 48 ( 0 8 48 ) ( 0 4 48 )
0 49 ( 0 52 49 ) ( 0 54 49 )
0 52 ( 0 14 52 ) ( 0 54 52 )
0 53 ( 0 4 53 ) ( 0 37 53 )
0 54 ( 0 17 54 ) ( 0 25 54 )
1 2 ( 1 38 2 ) ( 1 47 2 )
1 3 ( 1 19 3 ) ( 1 15 3 )
1 5 ( 1 51 5 ) ( 1 39 5 )
1 6 ( 1 51 6 ) ( 1 28 6 )
1 7 ( 1 30 7 ) ( 1 5 7 )
1 8 ( 1 18 8 ) ( 1 48 8 )
1 13 ( 1 35 13 ) ( 1 31 13 )
1 19 ( 1 51 19 ) ( 1 30 19 )
1 23 ( 1 27 23 ) ( 1 36 23 )
1 27 ( 1 36 27 ) ( 1 31 27 )
1 28 ( 1 6 28 ) ( 1 42 28 )
1 30 ( 1 51 30 ) ( 1 31 30 )
1 31 ( 1 51 31 ) ( 1 35 31 )
1 32 ( 1 51 5 32 ) ( 1 28 32 )
1 35 ( 1 31 35 ) ( 1 36 35 )
1 36 ( 1 35 36 ) ( 1 31 36 )
1 39 ( 1 51 39 ) ( 1 31 39 )
1 42 ( 1 13 42 ) ( 1 31 42 )
1 51 ( 1 31 51 ) ( 1 42 51 )
2 3 ( 2 16 3 ) ( 2 8 3 )
2 4 ( 2 54 4 ) ( 2 34 4 )
2 7 ( 2 52 7 ) ( 2 18 7 )
2 8 ( 2 48 8 ) ( 2 16 8 )
2 9 ( 2 12 9 ) ( 2 26 9 )
2 11 ( 2 12 11 ) ( 2 26 11 )
2 12 ( 2 52 12 ) ( 2 9 14 12 )
2 14 ( 2 12 14 ) ( 2 54 14 )
2 16 ( 2 52 16 ) ( 2 26 16 )
2 20 ( 2 9 20 ) ( 2 34 20 )
2 26 ( 2 52 26 ) ( 2 16 26 )
2 34 ( 2 9 34 ) ( 2 14 34 )
2 38 ( 2 26 38 ) ( 2 9 38 )
2 52 ( 2 38 52 ) ( 2 12 16 52 )
3 7 ( 3 48 7 ) ( 3 18 7 )
3 8 ( 3 18 8 ) ( 3 7 8 )
3 15 ( 3 8 15 ) ( 3 18 15 )
3 16 ( 3 8 16 ) ( 3 48 18 16 )
3 18 ( 3 8 18 ) ( 3 7 18 )
3 29 ( 3 8 29 ) ( 3 48 29 )
3 33 ( 3 7 33 ) ( 3 48 15 33 )
3 48 ( 3 18 48 ) ( 3 15 48 )
4 17 ( 4 37 17 ) ( 4 54 17 )
4 22 ( 4 0 22 ) ( 4 25 22 )
4 25 ( 4 54 25 ) ( 4 53 37 25 )
4 37 ( 4 25 17 37 ) ( 4 0 37 )
5 6 ( 5 39 6 ) ( 5 31 6 )
5 28 ( 5 51 28 ) ( 5 31 35 28 )
5 30 ( 5 28 30 ) ( 5 31 30 )
5 39 ( 5 28 39 ) ( 5 6 39 )
6 31 ( 6 35 31 ) ( 6 39 31 )
6 51 ( 6 31 51 ) ( 6 35 51 )
7 8 ( 7 18 8 ) ( 7 3 8 )
7 15 ( 7 3 15 ) ( 7 48 15 )
7 18 ( 7 48 15 18 ) ( 7 29 18 )
8 15 ( 8 18 15 ) ( 8 3 15 )
8 18 ( 8 15 48 18 ) ( 8 29 49 18 )
8 29 ( 8 48 15 29 ) ( 8 7 29 )
8 48 ( 8 15 48 ) ( 8 3 48 )
9 14 ( 9 34 54 14 ) ( 9 2 14 )
9 34 ( 9 14 34 ) ( 9 2 12 34 )
13 36 ( 13 42 36 ) ( 13 1 36 )
13 42 ( 13 1 42 ) ( 13 31 6 42 )
17 25 ( 17 0 25 ) ( 17 53 25 )
18 48 ( 18 29 48 ) ( 18 3 48 )
24 47 ( 24 19 47 ) ( 24 49 47 )

EOF