DIMENSIONS
70 sommetsG2
65 sommetsG1
110 dem

SOMMETS
0  New-york  C  40.67  -73.94
1  Los-angeles  C  34.11  -118.41
2  Chicago  C  41.84  -87.68
3  Houston  C  29.77  -95.39
4  Philadelphia  C  40.01  -75.13
5  Phoenix  C  33.54  -112.07
6  San-diego  C  32.81  -117.14
7  San-antonio  C  29.46  -98.51
8  Dallas  C  32.79  -96.77
9  Detroit  C  42.38  -83.1
10  San-jose  C  37.3  -121.85
11  Jacksonville  C  30.33  -81.66
12  Indianapolis  C  39.78  -86.15
13  San-francisco  C  37.77  -122.45
14  Columbus  C  39.99  -82.99
15  Austin  C  30.31  -97.75
16  Memphis  C  35.11  -90.01
17  Baltimore  C  39.3  -76.61
18  Fort-worth  C  32.75  -97.34
19  El-paso  C  31.85  -106.44
20  Charlotte  C  35.2  -80.83
21  Milwaukee  C  43.06  -87.97
22  Boston  C  42.34  -71.02
23  Seattle  C  47.62  -122.35
24  Denver  C  39.77  -104.87
25  Washington  C  38.91  -77.02
26  Nashville  C  36.17  -86.78
27  Portland  T  45.54  -122.66
28  Las-vegas  C  36.21  -115.22
29  Oklahoma-city  C  35.47  -97.51
30  Tucson  C  32.2  -110.89
31  Long-beach  C  33.79  -118.16
32  Albuquerque  C  35.12  -106.62
33  New-orleans  C  30.07  -89.93
34  Cleveland  C  41.48  -81.68
35  Fresno  C  36.78  -119.79
36  Sacramento  C  38.57  -121.47
37  Virginia-beach  C  36.74  -76.04
38  Kansas-city  C  39.12  -94.55
39  Mesa  C  33.42  -111.74
40  Atlanta  C  33.76  -84.42
41  Omaha  C  41.26  -96.01
42  Oakland  C  37.77  -122.22
43  Tulsa  C  36.13  -95.92
44  Honolulu  C  21.32  -157.8
45  Miami  C  25.78  -80.21
46  Minneapolis  C  44.96  -93.27
47  Colorado-springs  C  38.86  -104.76
48  Arlington  C  32.69  -97.13
49  Wichita  C  37.69  -97.34
50  Santa-ana  C  33.74  -117.88
51  Anaheim  C  33.84  -117.87
52  Saint-louis  C  38.64  -90.24
53  Raleigh  C  35.82  -78.66
54  Pittsburgh  T  40.44  -79.98
55  Tampa  T  27.96  -82.48
56  Cincinnati  C  39.14  -84.51
57  Toledo  C  41.66  -83.58
58  Aurora  T  39.71  -104.73
59  Riverside  C  33.94  -117.4
60  Buffalo  C  42.89  -78.86
61  Corpus-christi  C  27.71  -97.29
62  Newark  C  40.72  -74.17
63  Saint-paul  T  44.95  -93.1
64  Bakersfield  C  35.36  -119
65  Stockton  C  37.97  -121.31
66  Anchorage  C  61.18  -149.19
67  Lexington-fayette  C  38.04  -84.46
68  Saint-petersburg  C  27.76  -82.64
69  Louisville  C  38.22  -85.74

DEMANDES
0 1 ( 0 62 1 ) ( 0 14 52 1 )
0 2 ( 0 4 2 ) ( 0 14 2 )
0 3 ( 0 17 3 ) ( 0 25 3 )
0 4 ( 0 62 4 ) ( 0 17 37 4 )
0 5 ( 0 69 5 ) ( 0 62 43 5 )
0 6 ( 0 69 6 ) ( 0 32 6 )
0 7 ( 0 17 7 ) ( 0 3 7 )
0 8 ( 0 16 8 ) ( 0 17 8 )
0 9 ( 0 62 9 ) ( 0 17 9 )
0 11 ( 0 62 11 ) ( 0 4 17 11 )
0 12 ( 0 62 12 ) ( 0 56 12 )
0 14 ( 0 62 14 ) ( 0 4 14 )
0 15 ( 0 17 15 ) ( 0 25 15 )
0 16 ( 0 62 16 ) ( 0 17 16 )
0 17 ( 0 25 17 ) ( 0 53 37 17 )
0 18 ( 0 8 18 ) ( 0 17 26 18 )
0 20 ( 0 4 20 ) ( 0 62 20 )
0 21 ( 0 34 57 21 ) ( 0 17 21 )
0 22 ( 0 4 22 ) ( 0 17 22 )
0 25 ( 0 62 17 25 ) ( 0 60 25 )
0 26 ( 0 4 26 ) ( 0 62 26 )
0 29 ( 0 69 29 ) ( 0 67 29 )
0 33 ( 0 17 33 ) ( 0 4 17 25 33 )
0 34 ( 0 4 34 ) ( 0 17 34 )
0 37 ( 0 62 37 ) ( 0 25 37 )
0 38 ( 0 14 38 ) ( 0 12 38 )
0 40 ( 0 17 40 ) ( 0 20 40 )
0 41 ( 0 34 41 ) ( 0 57 41 )
0 43 ( 0 67 43 ) ( 0 62 43 )
0 45 ( 0 37 45 ) ( 0 4 45 )
0 46 ( 0 34 46 ) ( 0 60 46 )
0 52 ( 0 56 52 ) ( 0 69 52 )
0 53 ( 0 4 53 ) ( 0 25 17 53 )
0 56 ( 0 4 56 ) ( 0 9 56 )
0 57 ( 0 34 57 ) ( 0 62 9 57 )
0 60 ( 0 4 60 ) ( 0 37 60 )
0 62 ( 0 25 62 ) ( 0 37 62 )
0 67 ( 0 62 67 ) ( 0 25 67 )
0 68 ( 0 37 68 ) ( 0 62 68 )
0 69 ( 0 62 69 ) ( 0 17 69 )
1 2 ( 1 38 2 ) ( 1 47 2 )
1 3 ( 1 19 3 ) ( 1 59 3 )
1 5 ( 1 59 5 ) ( 1 50 5 )
1 6 ( 1 51 6 ) ( 1 64 6 )
1 7 ( 1 59 7 ) ( 1 30 7 )
1 8 ( 1 18 8 ) ( 1 59 8 )
1 10 ( 1 35 10 ) ( 1 31 10 )
1 13 ( 1 42 13 ) ( 1 35 13 )
1 19 ( 1 59 19 ) ( 1 30 19 )
1 28 ( 1 51 28 ) ( 1 59 28 )
1 30 ( 1 50 30 ) ( 1 6 30 )
1 31 ( 1 51 31 ) ( 1 59 50 31 )
1 35 ( 1 64 35 ) ( 1 59 35 )
1 36 ( 1 10 36 ) ( 1 31 36 )
1 39 ( 1 59 39 ) ( 1 5 39 )
1 42 ( 1 64 42 ) ( 1 65 42 )
1 50 ( 1 59 50 ) ( 1 6 50 )
1 51 ( 1 31 51 ) ( 1 50 31 59 51 )
1 59 ( 1 50 59 ) ( 1 64 59 )
1 64 ( 1 31 51 64 ) ( 1 59 64 )
1 65 ( 1 35 65 ) ( 1 10 65 )
2 3 ( 2 52 3 ) ( 2 16 3 )
2 4 ( 2 17 4 ) ( 2 57 9 4 )
2 7 ( 2 52 7 ) ( 2 48 18 7 )
2 8 ( 2 18 8 ) ( 2 38 8 )
2 9 ( 2 57 9 ) ( 2 21 9 )
2 12 ( 2 21 12 ) ( 2 69 12 )
2 14 ( 2 12 14 ) ( 2 9 14 )
2 16 ( 2 52 16 ) ( 2 26 16 )
2 21 ( 2 12 21 ) ( 2 52 21 )
2 26 ( 2 12 26 ) ( 2 52 26 )
2 34 ( 2 57 34 ) ( 2 14 34 )
2 38 ( 2 41 38 ) ( 2 46 38 )
2 46 ( 2 12 46 ) ( 2 38 46 )
2 52 ( 2 21 52 ) ( 2 12 52 )
2 56 ( 2 67 56 ) ( 2 21 56 )
2 57 ( 2 12 57 ) ( 2 21 57 )
2 69 ( 2 56 67 69 ) ( 2 21 69 )
3 7 ( 3 15 7 ) ( 3 48 7 )
3 8 ( 3 15 8 ) ( 3 7 48 8 )
3 15 ( 3 7 15 ) ( 3 48 15 )
3 18 ( 3 7 15 18 ) ( 3 61 8 18 )
3 48 ( 3 8 48 ) ( 3 15 48 )
3 61 ( 3 15 61 ) ( 3 18 61 )
4 17 ( 4 0 17 ) ( 4 62 37 17 )
4 25 ( 4 17 25 ) ( 4 0 17 37 25 )
4 62 ( 4 17 62 ) ( 4 60 62 )
5 6 ( 5 39 6 ) ( 5 59 6 )
5 30 ( 5 28 30 ) ( 5 32 39 30 )
5 39 ( 5 30 39 ) ( 5 28 39 )
6 31 ( 6 51 50 31 ) ( 6 59 31 )
6 50 ( 6 51 50 ) ( 6 59 50 )
6 51 ( 6 1 51 ) ( 6 35 51 )
6 59 ( 6 50 59 ) ( 6 51 59 )
7 8 ( 7 15 8 ) ( 7 48 8 )
7 15 ( 7 61 15 ) ( 7 3 15 )
8 15 ( 8 48 15 ) ( 8 7 15 )
8 18 ( 8 15 18 ) ( 8 3 18 )
8 29 ( 8 48 29 ) ( 8 18 29 )
8 48 ( 8 18 48 ) ( 8 3 48 )
9 14 ( 9 34 14 ) ( 9 56 14 )
9 34 ( 9 14 34 ) ( 9 56 14 57 34 )
9 57 ( 9 12 57 ) ( 9 26 57 )
10 13 ( 10 42 65 13 ) ( 10 1 13 )
10 36 ( 10 65 36 ) ( 10 42 36 )
10 42 ( 10 65 42 ) ( 10 35 42 )
10 65 ( 10 13 35 65 ) ( 10 64 65 )
13 36 ( 13 42 36 ) ( 13 65 36 )
13 42 ( 13 10 42 ) ( 13 65 42 )
17 25 ( 17 0 25 ) ( 17 37 4 25 )

EOF