DIMENSIONS
95 sommetsG2
90 sommetsG1
140 dem

SOMMETS
0  New-york  C  40.67  -73.94
1  Los-angeles  C  34.11  -118.41
2  Chicago  C  41.84  -87.68
3  Houston  C  29.77  -95.39
4  Philadelphia  C  40.01  -75.13
5  Phoenix  C  33.54  -112.07
6  San-diego  C  32.81  -117.14
7  San-antonio  C  29.46  -98.51
8  Dallas  C  32.79  -96.77
9  Detroit  C  42.38  -83.1
10  San-jose  C  37.3  -121.85
11  Jacksonville  C  30.33  -81.66
12  Indianapolis  C  39.78  -86.15
13  San-francisco  C  37.77  -122.45
14  Columbus  C  39.99  -82.99
15  Austin  C  30.31  -97.75
16  Memphis  C  35.11  -90.01
17  Baltimore  C  39.3  -76.61
18  Fort-worth  C  32.75  -97.34
19  El-paso  C  31.85  -106.44
20  Charlotte  C  35.2  -80.83
21  Milwaukee  C  43.06  -87.97
22  Boston  C  42.34  -71.02
23  Seattle  C  47.62  -122.35
24  Denver  C  39.77  -104.87
25  Washington  C  38.91  -77.02
26  Nashville  C  36.17  -86.78
27  Portland  C  45.54  -122.66
28  Las-vegas  C  36.21  -115.22
29  Oklahoma-city  C  35.47  -97.51
30  Tucson  C  32.2  -110.89
31  Long-beach  C  33.79  -118.16
32  Albuquerque  C  35.12  -106.62
33  New-orleans  C  30.07  -89.93
34  Cleveland  C  41.48  -81.68
35  Fresno  C  36.78  -119.79
36  Sacramento  C  38.57  -121.47
37  Virginia-beach  T  36.74  -76.04
38  Kansas-city  C  39.12  -94.55
39  Mesa  C  33.42  -111.74
40  Atlanta  C  33.76  -84.42
41  Omaha  C  41.26  -96.01
42  Oakland  C  37.77  -122.22
43  Tulsa  C  36.13  -95.92
44  Honolulu  C  21.32  -157.8
45  Miami  C  25.78  -80.21
46  Minneapolis  C  44.96  -93.27
47  Colorado-springs  C  38.86  -104.76
48  Arlington  C  32.69  -97.13
49  Wichita  C  37.69  -97.34
50  Santa-ana  C  33.74  -117.88
51  Anaheim  C  33.84  -117.87
52  Saint-louis  C  38.64  -90.24
53  Raleigh  C  35.82  -78.66
54  Pittsburgh  C  40.44  -79.98
55  Tampa  C  27.96  -82.48
56  Cincinnati  C  39.14  -84.51
57  Toledo  C  41.66  -83.58
58  Aurora  C  39.71  -104.73
59  Riverside  C  33.94  -117.4
60  Buffalo  C  42.89  -78.86
61  Corpus-christi  C  27.71  -97.29
62  Newark  C  40.72  -74.17
63  Saint-paul  C  44.95  -93.1
64  Bakersfield  C  35.36  -119
65  Stockton  C  37.97  -121.31
66  Anchorage  C  61.18  -149.19
67  Lexington-fayette  C  38.04  -84.46
68  Saint-petersburg  C  27.76  -82.64
69  Louisville  C  38.22  -85.74
70  Plano  C  33.05  -96.75
71  Norfolk  C  36.92  -76.24
72  Jersey-city  C  40.71  -74.06
73  Lincoln  C  40.82  -96.69
74  Glendale  T  33.58  -112.2
75  Birmingham  T  33.53  -86.8
76  Greensboro  C  36.08  -79.83
77  Hialeah  C  25.86  -80.3
78  Fort-wayne  C  41.07  -85.14
79  Baton-rouge  T  30.45  -91.13
80  Henderson  C  36.03  -115
81  Scottsdale  C  33.69  -111.87
82  Madison  C  43.08  -89.39
83  Chandler  C  33.3  -111.87
84  Garland  C  32.91  -96.63
85  Chesapeake  C  36.68  -76.31
86  Rochester  T  43.17  -77.62
87  Akron  C  41.08  -81.52
88  Modesto  C  37.66  -120.99
89  Lubbock  C  33.58  -101.88
90  Paradise  C  36.08  -115.13
91  Orlando  C  28.5  -81.37
92  Fremont  C  37.53  -122
93  Chula-vista  C  32.63  -117.04
94  Laredo  C  27.53  -99.49

DEMANDES
0 1 ( 0 52 1 ) ( 0 72 1 )
0 2 ( 0 34 2 ) ( 0 72 2 )
0 3 ( 0 17 3 ) ( 0 25 3 )
0 4 ( 0 72 4 ) ( 0 17 4 )
0 5 ( 0 62 5 ) ( 0 67 5 )
0 6 ( 0 81 6 ) ( 0 5 6 )
0 7 ( 0 26 7 ) ( 0 4 3 7 )
0 8 ( 0 17 8 ) ( 0 25 8 )
0 9 ( 0 34 9 ) ( 0 62 60 9 )
0 11 ( 0 85 11 ) ( 0 72 62 11 )
0 12 ( 0 54 12 ) ( 0 62 12 )
0 14 ( 0 54 14 ) ( 0 72 4 14 )
0 15 ( 0 72 15 ) ( 0 62 15 )
0 16 ( 0 4 16 ) ( 0 72 16 )
0 17 ( 0 4 17 ) ( 0 71 17 )
0 18 ( 0 26 16 18 ) ( 0 8 18 )
0 19 ( 0 62 19 ) ( 0 67 89 19 )
0 20 ( 0 4 20 ) ( 0 62 20 )
0 21 ( 0 57 21 ) ( 0 87 21 )
0 22 ( 0 72 22 ) ( 0 17 22 )
0 24 ( 0 72 24 ) ( 0 12 24 )
0 25 ( 0 17 25 ) ( 0 4 62 25 )
0 26 ( 0 4 26 ) ( 0 72 26 )
0 29 ( 0 62 29 ) ( 0 43 29 )
0 33 ( 0 76 33 ) ( 0 72 25 33 )
0 34 ( 0 62 34 ) ( 0 72 34 )
0 38 ( 0 14 38 ) ( 0 54 38 )
0 40 ( 0 4 40 ) ( 0 25 40 )
0 41 ( 0 62 41 ) ( 0 87 41 )
0 43 ( 0 69 43 ) ( 0 62 43 )
0 45 ( 0 85 45 ) ( 0 71 45 )
0 46 ( 0 62 46 ) ( 0 34 46 )
0 52 ( 0 54 52 ) ( 0 17 52 )
0 53 ( 0 4 53 ) ( 0 25 53 )
0 54 ( 0 62 54 ) ( 0 72 54 )
0 55 ( 0 71 55 ) ( 0 85 55 )
0 56 ( 0 62 56 ) ( 0 54 56 )
0 57 ( 0 62 57 ) ( 0 54 57 )
0 60 ( 0 62 60 ) ( 0 17 60 )
0 62 ( 0 25 4 62 ) ( 0 71 4 72 62 )
0 67 ( 0 72 67 ) ( 0 62 67 )
0 68 ( 0 72 68 ) ( 0 62 68 )
0 69 ( 0 4 69 ) ( 0 17 69 )
0 71 ( 0 72 71 ) ( 0 4 71 )
0 72 ( 0 62 4 72 ) ( 0 17 72 )
0 76 ( 0 25 76 ) ( 0 62 76 )
0 78 ( 0 62 54 78 ) ( 0 9 78 )
0 85 ( 0 71 85 ) ( 0 62 85 )
0 87 ( 0 62 87 ) ( 0 72 87 )
0 91 ( 0 71 91 ) ( 0 53 91 )
1 2 ( 1 38 2 ) ( 1 51 2 )
1 3 ( 1 19 3 ) ( 1 59 3 )
1 5 ( 1 50 5 ) ( 1 31 5 )
1 6 ( 1 31 6 ) ( 1 93 6 )
1 7 ( 1 59 7 ) ( 1 30 7 )
1 8 ( 1 59 8 ) ( 1 83 8 )
1 10 ( 1 92 10 ) ( 1 31 10 )
1 13 ( 1 10 13 ) ( 1 64 13 )
1 19 ( 1 51 59 19 ) ( 1 31 19 )
1 27 ( 1 64 27 ) ( 1 36 27 )
1 28 ( 1 80 28 ) ( 1 31 28 )
1 30 ( 1 51 30 ) ( 1 50 30 )
1 31 ( 1 51 31 ) ( 1 50 31 )
1 35 ( 1 50 35 ) ( 1 59 31 35 )
1 36 ( 1 65 36 ) ( 1 10 36 )
1 39 ( 1 59 5 39 ) ( 1 83 39 )
1 42 ( 1 10 92 42 ) ( 1 64 42 )
1 50 ( 1 31 59 50 ) ( 1 64 50 )
1 51 ( 1 59 51 ) ( 1 64 51 )
1 59 ( 1 50 59 ) ( 1 6 59 )
1 64 ( 1 31 64 ) ( 1 50 51 64 )
1 65 ( 1 35 65 ) ( 1 10 65 )
1 80 ( 1 90 80 ) ( 1 31 80 )
1 88 ( 1 64 88 ) ( 1 35 65 88 )
1 90 ( 1 51 90 ) ( 1 59 90 )
1 92 ( 1 10 92 ) ( 1 64 92 )
1 93 ( 1 50 93 ) ( 1 51 93 )
2 3 ( 2 84 3 ) ( 2 21 3 )
2 4 ( 2 87 4 ) ( 2 78 4 )
2 7 ( 2 15 7 ) ( 2 84 7 )
2 8 ( 2 84 8 ) ( 2 52 70 8 )
2 9 ( 2 14 9 ) ( 2 78 14 57 9 )
2 12 ( 2 69 12 ) ( 2 82 12 )
2 14 ( 2 78 14 ) ( 2 56 14 )
2 16 ( 2 26 16 ) ( 2 69 16 )
2 20 ( 2 12 20 ) ( 2 69 56 20 )
2 21 ( 2 82 21 ) ( 2 78 12 21 )
2 26 ( 2 56 26 ) ( 2 78 12 26 )
2 34 ( 2 57 34 ) ( 2 9 34 )
2 38 ( 2 21 38 ) ( 2 82 52 38 )
2 46 ( 2 63 46 ) ( 2 82 46 )
2 52 ( 2 12 52 ) ( 2 78 52 )
2 56 ( 2 12 56 ) ( 2 78 56 )
2 57 ( 2 78 57 ) ( 2 21 57 )
2 67 ( 2 56 67 ) ( 2 69 67 )
2 69 ( 2 12 69 ) ( 2 78 69 )
2 78 ( 2 56 78 ) ( 2 82 78 )
2 82 ( 2 21 82 ) ( 2 52 82 )
3 7 ( 3 15 7 ) ( 3 18 7 )
3 8 ( 3 48 8 ) ( 3 18 70 8 )
3 15 ( 3 7 15 ) ( 3 61 15 )
3 18 ( 3 84 18 ) ( 3 15 18 )
3 48 ( 3 84 48 ) ( 3 70 48 )
3 61 ( 3 15 61 ) ( 3 48 61 )
4 17 ( 4 62 17 ) ( 4 72 17 )
4 25 ( 4 17 25 ) ( 4 62 25 )
4 62 ( 4 0 62 ) ( 4 17 62 )
4 72 ( 4 62 72 ) ( 4 0 72 )
5 6 ( 5 83 6 ) ( 5 39 6 )
5 30 ( 5 83 30 ) ( 5 39 30 )
5 39 ( 5 83 39 ) ( 5 81 39 )
5 81 ( 5 80 81 ) ( 5 28 81 )
5 83 ( 5 39 83 ) ( 5 81 83 )
6 31 ( 6 93 31 ) ( 6 51 1 31 )
6 50 ( 6 51 59 50 ) ( 6 64 50 )
6 51 ( 6 59 51 ) ( 6 93 31 50 51 )
6 59 ( 6 93 59 ) ( 6 50 59 )
6 93 ( 6 59 93 ) ( 6 50 93 )
7 8 ( 7 48 8 ) ( 7 18 8 )
7 15 ( 7 48 8 18 15 ) ( 7 84 70 15 )
7 18 ( 7 15 18 ) ( 7 48 18 )
8 15 ( 8 48 84 15 ) ( 8 18 70 15 )
8 18 ( 8 48 18 ) ( 8 84 18 )
8 29 ( 8 84 29 ) ( 8 48 29 )
8 48 ( 8 15 48 ) ( 8 29 48 )
8 70 ( 8 84 70 ) ( 8 48 70 )
8 84 ( 8 70 84 ) ( 8 15 84 )
9 14 ( 9 34 14 ) ( 9 57 34 87 14 )
9 34 ( 9 57 34 ) ( 9 54 34 )
9 57 ( 9 34 57 ) ( 9 14 57 )
10 13 ( 10 65 13 ) ( 10 36 13 )
10 36 ( 10 65 36 ) ( 10 42 36 )
10 42 ( 10 65 13 42 ) ( 10 36 42 )
10 65 ( 10 92 65 ) ( 10 88 65 )
10 88 ( 10 42 88 ) ( 10 13 88 )
10 92 ( 10 42 92 ) ( 10 13 92 )
13 36 ( 13 92 36 ) ( 13 64 36 )
13 42 ( 13 92 42 ) ( 13 10 65 42 )
17 25 ( 17 4 25 ) ( 17 85 25 )
18 48 ( 18 8 48 ) ( 18 15 48 )

EOF