DIMENSIONS
35 sommetsG2
30 sommetsG1
130 dem

SOMMETS
0  Sao-paulo  C  -23.53  -46.63
1  Rio-de-janeiro  C  -22.91  -43.2
2  Salvador  C  -12.97  -38.5
3  Belo-horizonte  C  -19.92  -43.94
4  Fortaleza  C  -3.78  -38.59
5  Brasilia  C  -15.78  -47.91
6  Curitiba  T  -25.42  -49.29
7  Manaus  C  -3.12  -60.02
8  Recife  C  -8.08  -34.92
9  Belem  C  -1.44  -48.5
10  Porto-alegre  C  -30.04  -51.22
11  Goiania  C  -16.72  -49.26
12  Guarulhos  C  -23.46  -46.49
13  Campinas  T  -22.91  -47.08
14  Nova-iguacu  C  -22.74  -43.47
15  Sao-goncalo  C  -22.84  -43.07
16  Sao-luis  C  -2.5  -44.3
17  Maceio  C  -9.65  -35.75
18  Duque-de-caxias  C  -22.77  -43.31
19  Natal  C  -5.8  -35.22
20  Sao-bernardo-do-campo  C  -23.71  -46.54
21  Teresina  C  -5.1  -42.8
22  Campo-grande  C  -20.45  -54.63
23  Osasco  C  -23.53  -46.78
24  Santo-andre  C  -23.65  -46.53
25  Jaboatao  C  -8.11  -35.02
26  Joao-pessoa  C  -7.12  -34.86
27  Contagem  T  -19.91  -44.1
28  Sao-jose-dos-campos  C  -23.2  -45.88
29  Ribeirao-preto  T  -21.17  -47.8
30  Sorocaba  C  -23.49  -47.47
31  Uberlandia  T  -18.9  -48.28
32  Cuiaba  C  -15.61  -56.09
33  Aracaju  C  -10.91  -37.07
34  Niteroi  C  -22.9  -43.13

DEMANDES
0 1 ( 0 12 1 ) ( 0 14 1 )
0 2 ( 0 3 2 ) ( 0 12 2 )
0 3 ( 0 12 28 3 ) ( 0 23 20 3 )
0 4 ( 0 23 4 ) ( 0 20 24 4 )
0 5 ( 0 23 12 5 ) ( 0 24 20 5 )
0 7 ( 0 12 7 ) ( 0 11 7 )
0 8 ( 0 3 8 ) ( 0 2 8 )
0 9 ( 0 23 9 ) ( 0 24 9 )
0 10 ( 0 24 10 ) ( 0 12 10 )
0 11 ( 0 23 11 ) ( 0 24 11 )
0 12 ( 0 23 12 ) ( 0 20 12 )
0 14 ( 0 12 14 ) ( 0 20 14 )
0 15 ( 0 12 15 ) ( 0 34 15 )
0 16 ( 0 23 16 ) ( 0 21 16 )
0 17 ( 0 3 17 ) ( 0 33 17 )
0 18 ( 0 12 18 ) ( 0 14 18 )
0 19 ( 0 12 19 ) ( 0 2 19 )
0 20 ( 0 24 20 ) ( 0 23 20 )
0 21 ( 0 12 21 ) ( 0 28 21 )
0 22 ( 0 30 22 ) ( 0 24 22 )
0 23 ( 0 20 23 ) ( 0 30 23 )
0 24 ( 0 20 24 ) ( 0 23 24 )
0 25 ( 0 3 25 ) ( 0 12 25 )
0 26 ( 0 3 33 26 ) ( 0 28 26 )
0 28 ( 0 23 28 ) ( 0 30 12 28 )
0 30 ( 0 24 30 ) ( 0 12 30 )
0 32 ( 0 12 32 ) ( 0 28 32 )
0 33 ( 0 3 33 ) ( 0 12 33 )
0 34 ( 0 1 34 ) ( 0 18 34 )
1 2 ( 1 15 2 ) ( 1 18 2 )
1 3 ( 1 34 3 ) ( 1 14 3 )
1 4 ( 1 34 18 4 ) ( 1 3 4 )
1 5 ( 1 18 5 ) ( 1 14 5 )
1 7 ( 1 14 7 ) ( 1 11 7 )
1 8 ( 1 33 8 ) ( 1 18 8 )
1 9 ( 1 3 9 ) ( 1 28 9 )
1 10 ( 1 14 20 10 ) ( 1 12 10 )
1 11 ( 1 14 11 ) ( 1 34 18 11 )
1 12 ( 1 34 12 ) ( 1 24 12 )
1 14 ( 1 34 14 ) ( 1 15 14 )
1 15 ( 1 18 34 15 ) ( 1 28 15 )
1 16 ( 1 18 16 ) ( 1 3 16 )
1 17 ( 1 15 17 ) ( 1 34 17 )
1 18 ( 1 14 28 18 ) ( 1 3 18 )
1 19 ( 1 15 19 ) ( 1 18 19 )
1 20 ( 1 14 20 ) ( 1 28 24 20 )
1 21 ( 1 34 15 21 ) ( 1 14 34 18 21 )
1 22 ( 1 14 22 ) ( 1 18 22 )
1 23 ( 1 12 23 ) ( 1 28 23 )
1 24 ( 1 14 24 ) ( 1 18 24 )
1 25 ( 1 17 25 ) ( 1 15 25 )
1 26 ( 1 15 33 26 ) ( 1 25 26 )
1 28 ( 1 34 28 ) ( 1 15 28 )
1 30 ( 1 28 30 ) ( 1 23 30 )
1 32 ( 1 18 32 ) ( 1 28 32 )
1 33 ( 1 15 34 33 ) ( 1 14 33 )
1 34 ( 1 15 34 ) ( 1 18 34 )
2 3 ( 2 14 3 ) ( 2 18 3 )
2 4 ( 2 33 4 ) ( 2 17 4 )
2 5 ( 2 11 5 ) ( 2 33 5 )
2 8 ( 2 25 8 ) ( 2 26 8 )
2 9 ( 2 33 21 9 ) ( 2 17 9 )
2 11 ( 2 5 11 ) ( 2 33 11 )
2 14 ( 2 15 18 14 ) ( 2 1 14 )
2 15 ( 2 34 15 ) ( 2 1 15 )
2 17 ( 2 25 17 ) ( 2 4 17 )
2 19 ( 2 26 19 ) ( 2 25 17 19 )
2 21 ( 2 17 21 ) ( 2 4 21 )
2 25 ( 2 17 25 ) ( 2 8 33 25 )
2 26 ( 2 33 26 ) ( 2 25 26 )
2 33 ( 2 8 17 33 ) ( 2 26 33 )
3 4 ( 3 2 4 ) ( 3 33 4 )
3 5 ( 3 14 5 ) ( 3 18 5 )
3 10 ( 3 12 10 ) ( 3 24 10 )
3 11 ( 3 12 11 ) ( 3 15 11 )
3 12 ( 3 28 12 ) ( 3 24 12 )
3 14 ( 3 34 14 ) ( 3 18 15 14 )
3 15 ( 3 18 15 ) ( 3 28 15 )
3 18 ( 3 34 1 18 ) ( 3 28 18 )
3 20 ( 3 24 20 ) ( 3 12 20 )
3 23 ( 3 0 23 ) ( 3 12 23 )
3 24 ( 3 12 24 ) ( 3 28 24 )
3 28 ( 3 14 28 ) ( 3 0 28 )
3 30 ( 3 23 30 ) ( 3 12 30 )
3 34 ( 3 15 34 ) ( 3 18 34 )
4 5 ( 4 21 5 ) ( 4 2 5 )
4 8 ( 4 25 8 ) ( 4 33 26 8 )
4 9 ( 4 16 9 ) ( 4 26 9 )
4 16 ( 4 21 16 ) ( 4 19 16 )
4 17 ( 4 19 17 ) ( 4 8 26 17 )
4 19 ( 4 25 19 ) ( 4 8 19 )
4 21 ( 4 16 21 ) ( 4 8 26 21 )
4 25 ( 4 17 33 25 ) ( 4 19 21 25 )
4 26 ( 4 19 26 ) ( 4 25 8 26 )
5 11 ( 5 3 11 ) ( 5 30 11 )
5 12 ( 5 24 12 ) ( 5 20 12 )
5 14 ( 5 1 14 ) ( 5 34 15 14 )
5 15 ( 5 14 15 ) ( 5 1 15 )
8 17 ( 8 33 17 ) ( 8 19 17 )
8 19 ( 8 25 19 ) ( 8 17 19 )
8 25 ( 8 26 25 ) ( 8 17 25 )
8 26 ( 8 25 26 ) ( 8 19 26 )
9 16 ( 9 21 16 ) ( 9 26 16 )
12 14 ( 12 24 14 ) ( 12 18 14 )
12 15 ( 12 28 15 ) ( 12 14 15 )
12 18 ( 12 28 18 ) ( 12 0 18 )
12 20 ( 12 23 20 ) ( 12 28 20 )
12 23 ( 12 0 23 ) ( 12 20 23 )
12 24 ( 12 20 24 ) ( 12 28 24 )
12 28 ( 12 24 28 ) ( 12 23 28 )
12 30 ( 12 23 30 ) ( 12 24 30 )
14 15 ( 14 18 15 ) ( 14 28 15 )
14 18 ( 14 34 18 ) ( 14 3 15 18 )
14 34 ( 14 18 34 ) ( 14 1 34 )
15 18 ( 15 34 18 ) ( 15 1 18 )
15 34 ( 15 18 34 ) ( 15 20 1 34 )
17 25 ( 17 8 25 ) ( 17 33 25 )
17 33 ( 17 25 33 ) ( 17 8 33 )
18 34 ( 18 14 34 ) ( 18 28 1 34 )
19 26 ( 19 17 26 ) ( 19 4 26 )
20 23 ( 20 0 23 ) ( 20 28 0 12 23 )
20 24 ( 20 0 24 ) ( 20 23 24 )
20 28 ( 20 12 28 ) ( 20 23 28 )
20 30 ( 20 23 30 ) ( 20 12 30 )
23 24 ( 23 30 24 ) ( 23 28 24 )
23 28 ( 23 12 28 ) ( 23 0 28 )
23 30 ( 23 20 30 ) ( 23 28 30 )
24 28 ( 24 20 28 ) ( 24 12 0 28 )
24 30 ( 24 20 30 ) ( 24 12 30 )
25 26 ( 25 17 8 26 ) ( 25 4 26 )

EOF