DIMENSIONS
80 sommetsG2
75 sommetsG1
150 dem

SOMMETS
0  Sao-paulo  C  -23.53  -46.63
1  Rio-de-janeiro  C  -22.91  -43.2
2  Salvador  C  -12.97  -38.5
3  Belo-horizonte  C  -19.92  -43.94
4  Fortaleza  C  -3.78  -38.59
5  Brasilia  C  -15.78  -47.91
6  Curitiba  C  -25.42  -49.29
7  Manaus  C  -3.12  -60.02
8  Recife  C  -8.08  -34.92
9  Belem  C  -1.44  -48.5
10  Porto-alegre  C  -30.04  -51.22
11  Goiania  C  -16.72  -49.26
12  Guarulhos  C  -23.46  -46.49
13  Campinas  C  -22.91  -47.08
14  Nova-iguacu  C  -22.74  -43.47
15  Sao-goncalo  C  -22.84  -43.07
16  Sao-luis  C  -2.5  -44.3
17  Maceio  C  -9.65  -35.75
18  Duque-de-caxias  C  -22.77  -43.31
19  Natal  C  -5.8  -35.22
20  Sao-bernardo-do-campo  C  -23.71  -46.54
21  Teresina  C  -5.1  -42.8
22  Campo-grande  C  -20.45  -54.63
23  Osasco  C  -23.53  -46.78
24  Santo-andre  C  -23.65  -46.53
25  Jaboatao  C  -8.11  -35.02
26  Joao-pessoa  C  -7.12  -34.86
27  Contagem  C  -19.91  -44.1
28  Sao-jose-dos-campos  C  -23.2  -45.88
29  Ribeirao-preto  C  -21.17  -47.8
30  Sorocaba  C  -23.49  -47.47
31  Uberlandia  T  -18.9  -48.28
32  Cuiaba  C  -15.61  -56.09
33  Aracaju  C  -10.91  -37.07
34  Niteroi  C  -22.9  -43.13
35  Juiz-de-fora  C  -21.75  -43.36
36  Sao-joao-de-meriti  C  -22.8  -43.35
37  Belford-roxo  C  -22.75  -43.42
38  Feira-de-santana  C  -12.25  -38.97
39  Londrina  C  -23.3  -51.18
40  Joinville  C  -26.32  -48.84
41  Ananindeua  C  -1.38  -48.38
42  Santos  C  -23.95  -46.33
43  Aparecida-de-goiania  C  -16.82  -49.24
44  Campos  C  -21.75  -41.34
45  Diadema  C  -23.69  -46.61
46  Vila-velha  C  -20.32  -40.28
47  Maua  C  -23.66  -46.46
48  Florianopolis  C  -27.6  -48.54
49  Olinda  C  -8  -34.85
50  Sao-jose-do-rio-preto  C  -20.8  -49.39
51  Caxias-do-sul  C  -29.18  -51.17
52  Serra  C  -20.13  -40.32
53  Carapicuiba  C  -23.52  -46.84
54  Campina-grande  C  -7.23  -35.88
55  Betim  C  -19.97  -44.19
56  Piracicaba  C  -22.71  -47.64
57  Cariacica  C  -20.23  -40.37
58  Bauru  C  -22.33  -49.08
59  Macapa  C  0.04  -51.05
60  Canoas  C  -29.92  -51.18
61  Sao-vicente  C  -23.96  -46.39
62  Moji-das-cruzes  T  -23.52  -46.21
63  Jundiai  T  -23.2  -46.88
64  Montes-claros  C  -16.72  -43.86
65  Pelotas  C  -31.76  -52.34
66  Vitoria  C  -20.31  -40.31
67  Anapolis  T  -16.32  -48.96
68  Itaquaquecetuba  C  -23.47  -46.35
69  Porto-velho  C  -8.76  -63.91
70  Maringa  C  -23.41  -51.93
71  Franca  C  -20.53  -47.39
72  Guaruja  T  -24  -46.27
73  Ribeirao-das-neves  C  -19.76  -44.08
74  Ponta-grossa  C  -25.09  -50.16
75  Paulista  C  -7.9  -34.91
76  Foz-do-iguacu  C  -25.55  -54.58
77  Petropolis  C  -22.51  -43.2
78  Blumenau  C  -26.92  -49.09
79  Limeira  C  -22.55  -47.4

DEMANDES
0 1 ( 0 12 1 ) ( 0 28 1 )
0 2 ( 0 12 3 2 ) ( 0 68 27 2 )
0 3 ( 0 12 3 ) ( 0 55 3 )
0 4 ( 0 73 4 ) ( 0 68 4 )
0 5 ( 0 71 5 ) ( 0 13 5 )
0 6 ( 0 23 6 ) ( 0 24 20 6 )
0 7 ( 0 56 7 ) ( 0 23 7 )
0 8 ( 0 27 8 ) ( 0 55 33 8 )
0 9 ( 0 5 9 ) ( 0 71 9 )
0 10 ( 0 78 10 ) ( 0 60 10 )
0 11 ( 0 29 11 ) ( 0 13 11 )
0 12 ( 0 47 12 ) ( 0 45 12 )
0 13 ( 0 23 13 ) ( 0 53 13 )
0 14 ( 0 68 14 ) ( 0 12 14 )
0 15 ( 0 68 15 ) ( 0 28 15 )
0 16 ( 0 53 16 ) ( 0 47 16 )
0 17 ( 0 3 2 17 ) ( 0 27 17 )
0 18 ( 0 36 18 ) ( 0 37 18 )
0 19 ( 0 73 19 ) ( 0 55 19 )
0 20 ( 0 24 20 ) ( 0 47 20 )
0 21 ( 0 12 21 ) ( 0 23 21 )
0 22 ( 0 23 22 ) ( 0 13 22 )
0 23 ( 0 45 23 ) ( 0 24 20 23 )
0 24 ( 0 45 24 ) ( 0 20 24 )
0 27 ( 0 55 27 ) ( 0 24 27 )
0 28 ( 0 68 28 ) ( 0 24 28 )
0 29 ( 0 13 79 29 ) ( 0 12 29 )
0 30 ( 0 23 30 ) ( 0 24 53 30 )
0 32 ( 0 13 32 ) ( 0 79 32 )
0 34 ( 0 68 34 ) ( 0 36 34 )
0 35 ( 0 68 35 ) ( 0 47 35 )
0 36 ( 0 68 36 ) ( 0 28 36 )
0 37 ( 0 12 28 37 ) ( 0 47 37 )
0 38 ( 0 55 38 ) ( 0 12 27 38 )
0 39 ( 0 23 39 ) ( 0 45 39 )
0 40 ( 0 45 40 ) ( 0 23 40 )
0 42 ( 0 12 42 ) ( 0 45 24 20 47 42 )
0 43 ( 0 29 43 ) ( 0 71 43 )
0 44 ( 0 68 44 ) ( 0 77 44 )
0 45 ( 0 20 45 ) ( 0 47 45 )
0 46 ( 0 35 46 ) ( 0 66 46 )
0 47 ( 0 24 47 ) ( 0 20 45 47 )
0 48 ( 0 20 48 ) ( 0 24 48 )
0 50 ( 0 53 50 ) ( 0 12 50 )
0 51 ( 0 40 51 ) ( 0 78 51 )
0 52 ( 0 35 52 ) ( 0 12 52 )
0 53 ( 0 24 53 ) ( 0 12 53 )
0 55 ( 0 12 55 ) ( 0 28 55 )
0 56 ( 0 23 56 ) ( 0 12 56 )
0 57 ( 0 12 57 ) ( 0 35 57 )
0 58 ( 0 56 58 ) ( 0 79 58 )
0 60 ( 0 45 60 ) ( 0 23 60 )
0 61 ( 0 45 61 ) ( 0 23 61 )
0 64 ( 0 68 64 ) ( 0 23 64 )
0 65 ( 0 10 65 ) ( 0 78 65 )
0 66 ( 0 12 66 ) ( 0 35 66 )
0 68 ( 0 47 68 ) ( 0 24 12 68 )
0 70 ( 0 39 70 ) ( 0 45 23 70 )
0 71 ( 0 23 71 ) ( 0 24 71 )
0 73 ( 0 28 73 ) ( 0 3 73 )
0 74 ( 0 23 53 74 ) ( 0 30 74 )
0 76 ( 0 23 76 ) ( 0 45 76 )
0 77 ( 0 12 77 ) ( 0 47 77 )
0 78 ( 0 40 78 ) ( 0 53 78 )
0 79 ( 0 13 79 ) ( 0 23 79 )
1 2 ( 1 34 2 ) ( 1 77 2 )
1 3 ( 1 18 3 ) ( 1 36 14 3 )
1 4 ( 1 77 4 ) ( 1 34 4 )
1 5 ( 1 18 36 5 ) ( 1 35 5 )
1 6 ( 1 42 6 ) ( 1 20 6 )
1 8 ( 1 17 8 ) ( 1 34 8 )
1 10 ( 1 18 48 10 ) ( 1 51 10 )
1 11 ( 1 37 11 ) ( 1 14 11 )
1 12 ( 1 37 12 ) ( 1 34 12 )
1 13 ( 1 36 13 ) ( 1 14 13 )
1 14 ( 1 18 14 ) ( 1 36 34 14 )
1 15 ( 1 18 15 ) ( 1 36 34 15 )
1 18 ( 1 34 18 ) ( 1 37 18 )
1 20 ( 1 24 20 ) ( 1 36 20 )
1 23 ( 1 68 23 ) ( 1 12 23 )
1 24 ( 1 47 24 ) ( 1 68 24 )
1 27 ( 1 18 27 ) ( 1 36 27 )
1 28 ( 1 14 28 ) ( 1 37 28 )
1 29 ( 1 36 18 29 ) ( 1 34 29 )
1 30 ( 1 68 30 ) ( 1 12 53 30 )
1 34 ( 1 18 34 ) ( 1 28 34 )
1 35 ( 1 36 35 ) ( 1 15 35 )
1 36 ( 1 18 36 ) ( 1 34 36 )
1 37 ( 1 15 37 ) ( 1 36 34 37 )
1 40 ( 1 61 40 ) ( 1 37 40 )
1 42 ( 1 36 42 ) ( 1 37 61 42 )
1 44 ( 1 15 44 ) ( 1 18 77 44 )
1 45 ( 1 18 37 45 ) ( 1 34 45 )
1 46 ( 1 15 46 ) ( 1 34 46 )
1 47 ( 1 36 47 ) ( 1 68 47 )
1 52 ( 1 15 52 ) ( 1 34 52 )
1 53 ( 1 0 53 ) ( 1 24 53 )
1 55 ( 1 18 55 ) ( 1 37 55 )
1 56 ( 1 13 56 ) ( 1 36 56 )
1 57 ( 1 66 57 ) ( 1 44 57 )
1 58 ( 1 36 58 ) ( 1 14 58 )
1 61 ( 1 36 61 ) ( 1 18 42 61 )
1 66 ( 1 15 66 ) ( 1 34 66 )
1 68 ( 1 36 68 ) ( 1 34 68 )
1 71 ( 1 37 71 ) ( 1 34 71 )
1 73 ( 1 35 73 ) ( 1 77 73 )
1 77 ( 1 18 77 ) ( 1 15 77 )
1 79 ( 1 36 79 ) ( 1 14 79 )
2 3 ( 2 73 3 ) ( 2 66 3 )
2 4 ( 2 38 4 ) ( 2 33 4 )
2 5 ( 2 38 5 ) ( 2 64 5 )
2 8 ( 2 17 8 ) ( 2 25 75 8 )
2 17 ( 2 33 17 ) ( 2 75 17 )
2 33 ( 2 38 33 ) ( 2 8 33 )
2 38 ( 2 25 38 ) ( 2 8 38 )
3 5 ( 3 27 5 ) ( 3 64 5 )
3 12 ( 3 55 12 ) ( 3 27 12 )
3 13 ( 3 79 13 ) ( 3 28 13 )
3 14 ( 3 35 14 ) ( 3 77 37 14 )
3 15 ( 3 35 15 ) ( 3 34 15 )
3 18 ( 3 35 18 ) ( 3 37 18 )
3 27 ( 3 77 27 ) ( 3 37 27 )
3 35 ( 3 27 55 35 ) ( 3 73 35 )
3 55 ( 3 27 55 ) ( 3 35 55 )
3 73 ( 3 55 73 ) ( 3 27 35 73 )
4 8 ( 4 54 8 ) ( 4 75 8 )
5 11 ( 5 43 11 ) ( 5 64 11 )
5 43 ( 5 73 43 ) ( 5 27 43 )
6 12 ( 6 45 12 ) ( 6 53 12 )
6 40 ( 6 78 40 ) ( 6 30 40 )
6 74 ( 6 40 74 ) ( 6 78 74 )
8 17 ( 8 25 17 ) ( 8 49 17 )
8 25 ( 8 49 25 ) ( 8 75 25 )
8 26 ( 8 75 26 ) ( 8 49 26 )
8 49 ( 8 54 25 49 ) ( 8 19 49 )
9 41 ( 9 16 41 ) ( 9 21 41 )
10 51 ( 10 65 51 ) ( 10 78 51 )
12 13 ( 12 68 13 ) ( 12 53 23 13 )
12 20 ( 12 24 20 ) ( 12 47 20 )
12 23 ( 12 0 53 23 ) ( 12 20 23 )
12 24 ( 12 47 20 24 ) ( 12 53 24 )
12 28 ( 12 47 28 ) ( 12 24 68 28 )
12 30 ( 12 53 30 ) ( 12 0 30 )
13 20 ( 13 0 20 ) ( 13 24 20 )
13 23 ( 13 53 23 ) ( 13 12 23 )
13 24 ( 13 53 24 ) ( 13 45 24 )
13 30 ( 13 53 30 ) ( 13 12 30 )
14 15 ( 14 34 15 ) ( 14 77 15 )
14 18 ( 14 37 18 ) ( 14 36 18 )
15 18 ( 15 1 18 ) ( 15 36 18 )

EOF