DIMENSIONS
10 sommetsG2
8 sommetsG1
18 dem

SOMMETS
0  Sao-paulo  C  -23.53  -46.63
1  Rio-de-janeiro  C  -22.91  -43.2
2  Salvador  C  -12.97  -38.5
3  Belo-horizonte  T  -19.92  -43.94
4  Fortaleza  C  -3.78  -38.59
5  Brasilia  C  -15.78  -47.91
6  Curitiba  C  -25.42  -49.29
7  Manaus  C  -3.12  -60.02
8  Recife  T  -8.08  -34.92
9  Belem  C  -1.44  -48.5

DEMANDES
0 1 ( 0 2 1 ) ( 0 6 5 9 1 )
0 2 ( 0 1 5 2 ) ( 0 4 2 )
0 4 ( 0 2 4 ) ( 0 5 4 )
0 5 ( 0 1 5 ) ( 0 4 5 )
0 6 ( 0 1 6 ) ( 0 5 6 )
0 7 ( 0 6 7 ) ( 0 1 5 7 )
0 9 ( 0 5 9 ) ( 0 6 9 )
1 2 ( 1 6 2 ) ( 1 5 0 2 )
1 4 ( 1 2 4 ) ( 1 5 4 )
1 5 ( 1 0 6 5 ) ( 1 4 5 )
1 6 ( 1 0 6 ) ( 1 5 6 )
1 7 ( 1 5 7 ) ( 1 0 7 )
1 9 ( 1 5 9 ) ( 1 2 9 )
2 4 ( 2 1 4 ) ( 2 5 0 4 )
2 5 ( 2 6 1 5 ) ( 2 7 5 )
4 5 ( 4 9 5 ) ( 4 1 5 )
4 9 ( 4 2 9 ) ( 4 1 9 )
5 6 ( 5 2 6 ) ( 5 4 6 )

EOF