DIMENSIONS
50 sommetsG2
45 sommetsG1
55 dem

SOMMETS
0  Sao-paulo  C  -23.53  -46.63
1  Rio-de-janeiro  C  -22.91  -43.2
2  Salvador  C  -12.97  -38.5
3  Belo-horizonte  C  -19.92  -43.94
4  Fortaleza  C  -3.78  -38.59
5  Brasilia  C  -15.78  -47.91
6  Curitiba  C  -25.42  -49.29
7  Manaus  C  -3.12  -60.02
8  Recife  C  -8.08  -34.92
9  Belem  T  -1.44  -48.5
10  Porto-alegre  C  -30.04  -51.22
11  Goiania  C  -16.72  -49.26
12  Guarulhos  C  -23.46  -46.49
13  Campinas  C  -22.91  -47.08
14  Nova-iguacu  C  -22.74  -43.47
15  Sao-goncalo  C  -22.84  -43.07
16  Sao-luis  C  -2.5  -44.3
17  Maceio  C  -9.65  -35.75
18  Duque-de-caxias  C  -22.77  -43.31
19  Natal  T  -5.8  -35.22
20  Sao-bernardo-do-campo  C  -23.71  -46.54
21  Teresina  C  -5.1  -42.8
22  Campo-grande  C  -20.45  -54.63
23  Osasco  C  -23.53  -46.78
24  Santo-andre  C  -23.65  -46.53
25  Jaboatao  C  -8.11  -35.02
26  Joao-pessoa  C  -7.12  -34.86
27  Contagem  C  -19.91  -44.1
28  Sao-jose-dos-campos  C  -23.2  -45.88
29  Ribeirao-preto  C  -21.17  -47.8
30  Sorocaba  C  -23.49  -47.47
31  Uberlandia  C  -18.9  -48.28
32  Cuiaba  C  -15.61  -56.09
33  Aracaju  C  -10.91  -37.07
34  Niteroi  C  -22.9  -43.13
35  Juiz-de-fora  C  -21.75  -43.36
36  Sao-joao-de-meriti  C  -22.8  -43.35
37  Belford-roxo  C  -22.75  -43.42
38  Feira-de-santana  C  -12.25  -38.97
39  Londrina  T  -23.3  -51.18
40  Joinville  C  -26.32  -48.84
41  Ananindeua  C  -1.38  -48.38
42  Santos  T  -23.95  -46.33
43  Aparecida-de-goiania  C  -16.82  -49.24
44  Campos  C  -21.75  -41.34
45  Diadema  T  -23.69  -46.61
46  Vila-velha  C  -20.32  -40.28
47  Maua  C  -23.66  -46.46
48  Florianopolis  C  -27.6  -48.54
49  Olinda  C  -8  -34.85

DEMANDES
0 1 ( 0 12 1 ) ( 0 28 1 )
0 2 ( 0 3 2 ) ( 0 27 2 )
0 3 ( 0 12 3 ) ( 0 28 3 )
0 4 ( 0 12 4 ) ( 0 27 4 )
0 5 ( 0 13 5 ) ( 0 23 5 )
0 6 ( 0 23 6 ) ( 0 30 6 )
0 10 ( 0 40 10 ) ( 0 23 10 )
0 11 ( 0 31 43 11 ) ( 0 23 11 )
0 12 ( 0 47 12 ) ( 0 20 12 )
0 13 ( 0 24 13 ) ( 0 47 13 )
0 14 ( 0 12 14 ) ( 0 24 47 14 )
0 15 ( 0 34 15 ) ( 0 36 15 )
0 18 ( 0 36 18 ) ( 0 37 18 )
0 20 ( 0 24 20 ) ( 0 47 20 )
0 22 ( 0 12 13 22 ) ( 0 20 23 22 )
0 23 ( 0 24 23 ) ( 0 12 23 )
0 24 ( 0 20 24 ) ( 0 13 12 24 )
0 27 ( 0 12 27 ) ( 0 47 27 )
0 28 ( 0 12 28 ) ( 0 47 28 )
0 29 ( 0 23 29 ) ( 0 28 47 29 )
0 30 ( 0 23 30 ) ( 0 24 30 )
0 31 ( 0 29 31 ) ( 0 47 24 31 )
0 34 ( 0 28 34 ) ( 0 47 34 )
0 35 ( 0 47 35 ) ( 0 23 35 )
0 36 ( 0 12 36 ) ( 0 37 36 )
0 37 ( 0 12 37 ) ( 0 24 47 37 )
0 40 ( 0 47 40 ) ( 0 24 23 40 )
0 44 ( 0 12 44 ) ( 0 37 44 )
0 47 ( 0 23 47 ) ( 0 13 47 )
0 48 ( 0 20 48 ) ( 0 24 47 48 )
1 2 ( 1 36 2 ) ( 1 44 2 )
1 3 ( 1 18 3 ) ( 1 36 3 )
1 5 ( 1 36 5 ) ( 1 37 5 )
1 6 ( 1 18 6 ) ( 1 37 6 )
1 12 ( 1 28 12 ) ( 1 14 12 )
1 13 ( 1 36 13 ) ( 1 14 13 )
1 14 ( 1 36 14 ) ( 1 18 14 )
1 15 ( 1 34 15 ) ( 1 37 15 )
1 18 ( 1 36 18 ) ( 1 34 18 )
1 20 ( 1 18 37 20 ) ( 1 14 12 20 )
1 23 ( 1 12 23 ) ( 1 0 23 )
1 24 ( 1 47 24 ) ( 1 36 24 )
1 27 ( 1 18 27 ) ( 1 35 27 )
1 28 ( 1 14 28 ) ( 1 18 28 )
1 30 ( 1 12 30 ) ( 1 28 0 23 30 )
1 34 ( 1 18 34 ) ( 1 36 34 )
1 35 ( 1 18 35 ) ( 1 36 35 )
1 36 ( 1 18 36 ) ( 1 34 36 )
1 37 ( 1 36 37 ) ( 1 18 37 )
1 44 ( 1 34 44 ) ( 1 18 44 )
1 47 ( 1 18 47 ) ( 1 24 47 )
2 38 ( 2 33 25 38 ) ( 2 8 38 )
3 27 ( 3 37 35 27 ) ( 3 18 27 )
5 11 ( 5 43 11 ) ( 5 31 11 )
12 13 ( 12 0 13 ) ( 12 24 13 )

EOF