DIMENSIONS
20 sommetsG2
18 sommetsG1
120 dem

SOMMETS
0  Sao-paulo  C  -23.53  -46.63
1  Rio-de-janeiro  C  -22.91  -43.2
2  Salvador  C  -12.97  -38.5
3  Belo-horizonte  C  -19.92  -43.94
4  Fortaleza  C  -3.78  -38.59
5  Brasilia  C  -15.78  -47.91
6  Curitiba  C  -25.42  -49.29
7  Manaus  T  -3.12  -60.02
8  Recife  C  -8.08  -34.92
9  Belem  C  -1.44  -48.5
10  Porto-alegre  C  -30.04  -51.22
11  Goiania  C  -16.72  -49.26
12  Guarulhos  C  -23.46  -46.49
13  Campinas  C  -22.91  -47.08
14  Nova-iguacu  C  -22.74  -43.47
15  Sao-goncalo  C  -22.84  -43.07
16  Sao-luis  T  -2.5  -44.3
17  Maceio  C  -9.65  -35.75
18  Duque-de-caxias  C  -22.77  -43.31
19  Natal  C  -5.8  -35.22

DEMANDES
0 1 ( 0 14 1 ) ( 0 18 1 )
0 2 ( 0 12 2 ) ( 0 18 2 )
0 3 ( 0 12 3 ) ( 0 14 3 )
0 4 ( 0 2 4 ) ( 0 18 4 )
0 5 ( 0 11 5 ) ( 0 1 5 )
0 6 ( 0 13 6 ) ( 0 14 6 )
0 8 ( 0 2 8 ) ( 0 17 8 )
0 9 ( 0 12 9 ) ( 0 11 5 9 )
0 10 ( 0 12 10 ) ( 0 6 10 )
0 11 ( 0 5 11 ) ( 0 3 11 )
0 12 ( 0 14 12 ) ( 0 6 12 )
0 13 ( 0 12 13 ) ( 0 6 13 )
0 14 ( 0 12 14 ) ( 0 18 14 )
0 15 ( 0 1 15 ) ( 0 18 15 )
0 17 ( 0 3 17 ) ( 0 12 17 )
0 18 ( 0 14 18 ) ( 0 13 18 )
0 19 ( 0 17 19 ) ( 0 12 13 19 )
1 2 ( 1 15 2 ) ( 1 14 18 2 )
1 3 ( 1 18 3 ) ( 1 15 3 )
1 4 ( 1 14 4 ) ( 1 8 4 )
1 5 ( 1 14 5 ) ( 1 18 15 5 )
1 6 ( 1 14 6 ) ( 1 12 6 )
1 8 ( 1 17 8 ) ( 1 18 15 8 )
1 9 ( 1 3 9 ) ( 1 18 9 )
1 10 ( 1 15 10 ) ( 1 0 10 )
1 11 ( 1 14 11 ) ( 1 18 14 5 11 )
1 12 ( 1 18 12 ) ( 1 0 12 )
1 13 ( 1 14 13 ) ( 1 3 13 )
1 14 ( 1 12 14 ) ( 1 0 14 )
1 15 ( 1 14 15 ) ( 1 0 15 )
1 17 ( 1 18 17 ) ( 1 14 17 )
1 18 ( 1 14 18 ) ( 1 3 18 )
1 19 ( 1 18 19 ) ( 1 15 17 19 )
2 3 ( 2 1 3 ) ( 2 13 3 )
2 4 ( 2 8 4 ) ( 2 19 4 )
2 5 ( 2 11 5 ) ( 2 1 5 )
2 6 ( 2 13 6 ) ( 2 14 6 )
2 8 ( 2 19 8 ) ( 2 18 8 )
2 9 ( 2 19 17 9 ) ( 2 3 9 )
2 10 ( 2 12 10 ) ( 2 13 6 10 )
2 11 ( 2 5 11 ) ( 2 1 11 )
2 12 ( 2 3 12 ) ( 2 18 12 )
2 13 ( 2 3 13 ) ( 2 14 13 )
2 14 ( 2 1 14 ) ( 2 0 14 )
2 15 ( 2 1 15 ) ( 2 14 15 )
2 17 ( 2 8 17 ) ( 2 18 17 )
2 18 ( 2 14 18 ) ( 2 15 18 )
2 19 ( 2 17 19 ) ( 2 3 19 )
3 4 ( 3 17 4 ) ( 3 18 15 4 )
3 5 ( 3 11 5 ) ( 3 13 5 )
3 6 ( 3 13 6 ) ( 3 14 6 )
3 8 ( 3 2 8 ) ( 3 19 8 )
3 9 ( 3 2 9 ) ( 3 14 9 )
3 10 ( 3 12 10 ) ( 3 0 10 )
3 11 ( 3 13 11 ) ( 3 18 11 )
3 12 ( 3 0 12 ) ( 3 14 12 )
3 13 ( 3 14 13 ) ( 3 1 13 )
3 14 ( 3 1 14 ) ( 3 12 14 )
3 15 ( 3 18 15 ) ( 3 1 15 )
3 17 ( 3 2 17 ) ( 3 8 17 )
3 18 ( 3 14 18 ) ( 3 15 18 )
3 19 ( 3 2 19 ) ( 3 4 19 )
4 5 ( 4 11 5 ) ( 4 19 5 )
4 6 ( 4 0 6 ) ( 4 3 6 )
4 8 ( 4 19 8 ) ( 4 17 8 )
4 9 ( 4 19 9 ) ( 4 8 9 )
4 10 ( 4 6 10 ) ( 4 0 10 )
4 11 ( 4 5 11 ) ( 4 2 11 )
4 12 ( 4 3 12 ) ( 4 0 12 )
4 13 ( 4 12 13 ) ( 4 0 13 )
4 14 ( 4 18 14 ) ( 4 3 14 )
4 15 ( 4 18 15 ) ( 4 1 15 )
4 17 ( 4 9 17 ) ( 4 3 17 )
4 18 ( 4 1 18 ) ( 4 3 18 )
4 19 ( 4 8 17 19 ) ( 4 5 19 )
5 6 ( 5 11 6 ) ( 5 13 6 )
5 8 ( 5 17 8 ) ( 5 2 8 )
5 9 ( 5 2 9 ) ( 5 11 4 9 )
5 10 ( 5 6 10 ) ( 5 11 10 )
5 11 ( 5 12 11 ) ( 5 14 18 11 )
5 12 ( 5 0 12 ) ( 5 14 12 )
5 13 ( 5 11 13 ) ( 5 12 13 )
5 14 ( 5 18 14 ) ( 5 3 1 14 )
5 15 ( 5 3 15 ) ( 5 13 15 )
5 17 ( 5 8 17 ) ( 5 11 2 17 )
5 18 ( 5 14 18 ) ( 5 3 18 )
5 19 ( 5 4 19 ) ( 5 11 19 )
6 8 ( 6 13 8 ) ( 6 3 8 )
6 10 ( 6 0 10 ) ( 6 13 10 )
6 11 ( 6 0 11 ) ( 6 5 11 )
6 12 ( 6 0 12 ) ( 6 15 12 )
6 13 ( 6 14 13 ) ( 6 1 13 )
6 14 ( 6 12 14 ) ( 6 18 14 )
6 15 ( 6 18 15 ) ( 6 14 15 )
6 18 ( 6 14 18 ) ( 6 10 1 18 )
8 9 ( 8 4 9 ) ( 8 17 9 )
8 17 ( 8 19 17 ) ( 8 2 19 4 17 )
8 19 ( 8 17 19 ) ( 8 9 19 )
10 11 ( 10 12 13 11 ) ( 10 14 11 )
10 12 ( 10 0 12 ) ( 10 18 12 )
10 13 ( 10 0 13 ) ( 10 14 13 )
10 14 ( 10 18 14 ) ( 10 1 14 )
10 15 ( 10 1 15 ) ( 10 18 15 )
10 18 ( 10 15 18 ) ( 10 0 18 )
11 12 ( 11 0 12 ) ( 11 5 12 )
11 13 ( 11 5 13 ) ( 11 3 13 )
11 14 ( 11 18 14 ) ( 11 1 14 )
11 15 ( 11 14 15 ) ( 11 1 15 )
11 18 ( 11 1 18 ) ( 11 15 18 )
12 13 ( 12 14 13 ) ( 12 6 13 )
12 14 ( 12 0 14 ) ( 12 15 1 14 )
12 15 ( 12 1 15 ) ( 12 18 15 )
12 18 ( 12 1 18 ) ( 12 14 15 18 )
13 14 ( 13 12 14 ) ( 13 1 14 )
13 15 ( 13 14 15 ) ( 13 12 15 )
13 18 ( 13 14 18 ) ( 13 1 18 )
14 15 ( 14 1 15 ) ( 14 12 15 )
14 18 ( 14 1 18 ) ( 14 15 18 )
15 18 ( 15 1 14 18 ) ( 15 3 18 )
17 19 ( 17 4 8 2 19 ) ( 17 11 5 19 )

EOF