DIMENSIONS
40 sommetsG2
35 sommetsG1
35 dem

SOMMETS
0  Sao-paulo  C  -23.53  -46.63
1  Rio-de-janeiro  C  -22.91  -43.2
2  Salvador  C  -12.97  -38.5
3  Belo-horizonte  C  -19.92  -43.94
4  Fortaleza  C  -3.78  -38.59
5  Brasilia  C  -15.78  -47.91
6  Curitiba  C  -25.42  -49.29
7  Manaus  T  -3.12  -60.02
8  Recife  C  -8.08  -34.92
9  Belem  C  -1.44  -48.5
10  Porto-alegre  C  -30.04  -51.22
11  Goiania  C  -16.72  -49.26
12  Guarulhos  C  -23.46  -46.49
13  Campinas  C  -22.91  -47.08
14  Nova-iguacu  C  -22.74  -43.47
15  Sao-goncalo  T  -22.84  -43.07
16  Sao-luis  C  -2.5  -44.3
17  Maceio  C  -9.65  -35.75
18  Duque-de-caxias  C  -22.77  -43.31
19  Natal  C  -5.8  -35.22
20  Sao-bernardo-do-campo  C  -23.71  -46.54
21  Teresina  C  -5.1  -42.8
22  Campo-grande  C  -20.45  -54.63
23  Osasco  C  -23.53  -46.78
24  Santo-andre  C  -23.65  -46.53
25  Jaboatao  C  -8.11  -35.02
26  Joao-pessoa  C  -7.12  -34.86
27  Contagem  C  -19.91  -44.1
28  Sao-jose-dos-campos  C  -23.2  -45.88
29  Ribeirao-preto  C  -21.17  -47.8
30  Sorocaba  C  -23.49  -47.47
31  Uberlandia  T  -18.9  -48.28
32  Cuiaba  C  -15.61  -56.09
33  Aracaju  T  -10.91  -37.07
34  Niteroi  C  -22.9  -43.13
35  Juiz-de-fora  C  -21.75  -43.36
36  Sao-joao-de-meriti  T  -22.8  -43.35
37  Belford-roxo  C  -22.75  -43.42
38  Feira-de-santana  C  -12.25  -38.97
39  Londrina  C  -23.3  -51.18

DEMANDES
0 1 ( 0 12 1 ) ( 0 24 1 )
0 2 ( 0 3 2 ) ( 0 28 2 )
0 3 ( 0 12 3 ) ( 0 28 3 )
0 5 ( 0 13 5 ) ( 0 12 5 )
0 6 ( 0 20 6 ) ( 0 28 6 )
0 10 ( 0 24 10 ) ( 0 12 10 )
0 11 ( 0 13 11 ) ( 0 23 11 )
0 12 ( 0 28 12 ) ( 0 13 12 )
0 13 ( 0 24 20 13 ) ( 0 12 28 13 )
0 14 ( 0 24 14 ) ( 0 37 14 )
0 18 ( 0 12 14 18 ) ( 0 28 14 37 18 )
0 20 ( 0 24 20 ) ( 0 23 20 )
0 23 ( 0 20 23 ) ( 0 24 12 23 )
0 24 ( 0 28 24 ) ( 0 30 23 24 )
0 27 ( 0 23 27 ) ( 0 3 27 )
0 28 ( 0 24 28 ) ( 0 23 30 28 )
0 29 ( 0 23 29 ) ( 0 24 29 )
0 30 ( 0 12 30 ) ( 0 20 23 30 )
0 34 ( 0 1 34 ) ( 0 12 34 )
0 35 ( 0 28 35 ) ( 0 24 35 )
0 37 ( 0 12 37 ) ( 0 24 14 37 )
0 39 ( 0 30 39 ) ( 0 23 39 )
1 3 ( 1 18 3 ) ( 1 37 3 )
1 5 ( 1 18 14 5 ) ( 1 34 5 )
1 6 ( 1 20 6 ) ( 1 24 6 )
1 12 ( 1 37 12 ) ( 1 14 12 )
1 13 ( 1 34 13 ) ( 1 14 37 13 )
1 14 ( 1 34 14 ) ( 1 3 37 14 )
1 18 ( 1 37 34 18 ) ( 1 28 18 )
1 20 ( 1 37 20 ) ( 1 18 20 )
1 24 ( 1 28 24 ) ( 1 20 24 )
1 28 ( 1 18 28 ) ( 1 34 28 )
1 34 ( 1 18 34 ) ( 1 37 14 34 )
1 35 ( 1 27 35 ) ( 1 28 35 )
1 37 ( 1 18 14 37 ) ( 1 34 37 )

EOF