DIMENSIONS
50 sommetsG2
45 sommetsG1
50 dem

SOMMETS
0  Paris  C  48.86  2.34
1  Marseille  C  43.31  5.37
2  Lyon  C  45.76  4.83
3  Toulouse  C  43.62  1.45
4  Nice  C  43.7  7.27
5  Nantes  C  47.23  -1.57
6  Strasbourg  C  48.58  7.76
7  Montpellier  C  43.61  3.87
8  Bordeaux  C  44.84  -0.58
9  Rennes  T  48.11  -1.68
10  Le-havre  C  49.5  0.12
11  Reims  C  49.25  4.03
12  Lille  C  50.64  3.07
13  Saint-etienne  C  45.43  4.39
14  Toulon  C  43.13  5.92
15  Grenoble  C  45.19  5.72
16  Angers  C  47.48  -0.54
17  Brest  C  48.39  -4.5
18  Le-mans  C  48  0.2
19  Dijon  T  47.33  5.03
20  Aix-en-provence  C  43.53  5.44
21  Clermont-ferrand  C  45.78  3.08
22  Nimes  C  43.84  4.35
23  Amiens  C  49.9  2.3
24  Tours  C  47.38  0.69
25  Limoges  C  45.83  1.25
26  Metz  C  49.12  6.18
27  Villeurbanne  C  45.77  4.88
28  Besancon  C  47.24  6.02
29  Caen  C  49.19  -0.36
30  Orleans  C  47.9  1.9
31  Mulhouse  C  47.76  7.34
32  Perpignan  C  42.7  2.89
33  Boulogne-billancourt  C  48.83  2.24
34  Rouen  C  49.44  1.08
35  Nancy  C  48.69  6.17
36  Roubaix  C  50.69  3.17
37  Tourcoing  C  50.72  3.16
38  Argenteuil  C  48.94  2.24
39  Avignon  T  43.96  4.81
40  Montreuil  C  48.86  2.43
41  Nanterre  C  48.9  2.2
42  Poitiers  T  46.58  0.34
43  Saint-denis  C  48.94  2.36
44  Versailles  C  48.81  2.14
45  Creteil  T  48.79  2.45
46  Pau  C  43.3  -0.39
47  La-rochelle  C  46.17  -1.18
48  Colombes  C  48.93  2.25
49  Asnieres-sur-seine  C  48.91  2.29

DEMANDES
0 1 ( 0 13 1 ) ( 0 20 1 )
0 2 ( 0 40 2 ) ( 0 49 2 )
0 3 ( 0 30 3 ) ( 0 33 3 )
0 4 ( 0 40 4 ) ( 0 2 4 )
0 5 ( 0 44 5 ) ( 0 49 5 )
0 6 ( 0 33 6 ) ( 0 48 6 )
0 7 ( 0 40 7 ) ( 0 33 7 )
0 8 ( 0 33 8 ) ( 0 41 8 )
0 10 ( 0 41 10 ) ( 0 49 10 )
0 11 ( 0 40 11 ) ( 0 48 11 )
0 12 ( 0 40 12 ) ( 0 49 43 12 )
0 13 ( 0 33 13 ) ( 0 49 13 )
0 14 ( 0 13 14 ) ( 0 20 14 )
0 15 ( 0 27 15 ) ( 0 2 15 )
0 16 ( 0 18 16 ) ( 0 38 16 )
0 18 ( 0 43 18 ) ( 0 38 33 18 )
0 20 ( 0 13 20 ) ( 0 33 20 )
0 21 ( 0 40 21 ) ( 0 49 21 )
0 22 ( 0 40 22 ) ( 0 43 22 )
0 23 ( 0 43 23 ) ( 0 49 23 )
0 24 ( 0 44 24 ) ( 0 41 33 24 )
0 25 ( 0 33 25 ) ( 0 44 25 )
0 26 ( 0 43 26 ) ( 0 33 26 )
0 27 ( 0 2 27 ) ( 0 40 27 )
0 28 ( 0 40 28 ) ( 0 43 28 )
0 29 ( 0 41 29 ) ( 0 33 29 )
0 30 ( 0 49 30 ) ( 0 41 30 )
0 31 ( 0 43 31 ) ( 0 49 40 31 )
0 33 ( 0 48 33 ) ( 0 38 33 )
0 34 ( 0 48 34 ) ( 0 38 34 )
0 35 ( 0 40 35 ) ( 0 11 35 )
0 36 ( 0 43 36 ) ( 0 49 36 )
0 37 ( 0 43 37 ) ( 0 36 37 )
0 38 ( 0 48 38 ) ( 0 49 38 )
0 40 ( 0 43 40 ) ( 0 33 40 )
0 41 ( 0 49 41 ) ( 0 38 41 )
0 43 ( 0 40 43 ) ( 0 41 43 )
0 44 ( 0 49 44 ) ( 0 41 44 )
0 48 ( 0 49 38 48 ) ( 0 41 48 )
0 49 ( 0 38 49 ) ( 0 33 49 )
1 2 ( 1 20 2 ) ( 1 27 2 )
1 3 ( 1 22 3 ) ( 1 32 3 )
1 4 ( 1 14 4 ) ( 1 20 4 )
1 7 ( 1 14 7 ) ( 1 32 7 )
1 13 ( 1 20 13 ) ( 1 2 13 )
1 14 ( 1 22 14 ) ( 1 7 14 )
1 15 ( 1 14 15 ) ( 1 27 15 )
1 20 ( 1 7 20 ) ( 1 15 20 )
1 22 ( 1 20 22 ) ( 1 15 22 )
2 13 ( 2 15 13 ) ( 2 27 21 13 )

EOF