DIMENSIONS
55 sommetsG2
50 sommetsG1
55 dem

SOMMETS
0  Paris  C  48.86  2.34
1  Marseille  C  43.31  5.37
2  Lyon  C  45.76  4.83
3  Toulouse  C  43.62  1.45
4  Nice  C  43.7  7.27
5  Nantes  C  47.23  -1.57
6  Strasbourg  C  48.58  7.76
7  Montpellier  C  43.61  3.87
8  Bordeaux  C  44.84  -0.58
9  Rennes  C  48.11  -1.68
10  Le-havre  T  49.5  0.12
11  Reims  C  49.25  4.03
12  Lille  C  50.64  3.07
13  Saint-etienne  C  45.43  4.39
14  Toulon  C  43.13  5.92
15  Grenoble  C  45.19  5.72
16  Angers  C  47.48  -0.54
17  Brest  C  48.39  -4.5
18  Le-mans  C  48  0.2
19  Dijon  C  47.33  5.03
20  Aix-en-provence  C  43.53  5.44
21  Clermont-ferrand  T  45.78  3.08
22  Nimes  C  43.84  4.35
23  Amiens  C  49.9  2.3
24  Tours  C  47.38  0.69
25  Limoges  C  45.83  1.25
26  Metz  C  49.12  6.18
27  Villeurbanne  C  45.77  4.88
28  Besancon  C  47.24  6.02
29  Caen  C  49.19  -0.36
30  Orleans  C  47.9  1.9
31  Mulhouse  C  47.76  7.34
32  Perpignan  C  42.7  2.89
33  Boulogne-billancourt  C  48.83  2.24
34  Rouen  C  49.44  1.08
35  Nancy  C  48.69  6.17
36  Roubaix  C  50.69  3.17
37  Tourcoing  C  50.72  3.16
38  Argenteuil  C  48.94  2.24
39  Avignon  C  43.96  4.81
40  Montreuil  C  48.86  2.43
41  Nanterre  C  48.9  2.2
42  Poitiers  C  46.58  0.34
43  Saint-denis  T  48.94  2.36
44  Versailles  C  48.81  2.14
45  Creteil  C  48.79  2.45
46  Pau  T  43.3  -0.39
47  La-rochelle  C  46.17  -1.18
48  Colombes  C  48.93  2.25
49  Asnieres-sur-seine  C  48.91  2.29
50  Calais  T  50.95  1.86
51  Aulnay-sous-bois  C  48.96  2.49
52  Vitry-sur-seine  C  48.79  2.39
53  Rueil-malmaison  C  48.89  2.17
54  Champigny-sur-marne  C  48.82  2.51

DEMANDES
0 1 ( 0 13 1 ) ( 0 54 1 )
0 2 ( 0 52 2 ) ( 0 49 2 )
0 3 ( 0 30 3 ) ( 0 33 3 )
0 4 ( 0 52 4 ) ( 0 15 4 )
0 5 ( 0 53 18 5 ) ( 0 48 5 )
0 6 ( 0 40 6 ) ( 0 45 6 )
0 7 ( 0 33 7 ) ( 0 49 7 )
0 8 ( 0 33 8 ) ( 0 42 8 )
0 9 ( 0 33 9 ) ( 0 53 9 )
0 11 ( 0 40 11 ) ( 0 51 11 )
0 12 ( 0 40 12 ) ( 0 38 12 )
0 13 ( 0 45 13 ) ( 0 40 13 )
0 14 ( 0 45 13 14 ) ( 0 54 14 )
0 15 ( 0 52 15 ) ( 0 45 15 )
0 16 ( 0 33 16 ) ( 0 18 16 )
0 18 ( 0 33 18 ) ( 0 44 18 )
0 19 ( 0 45 19 ) ( 0 51 19 )
0 22 ( 0 52 22 ) ( 0 45 22 )
0 23 ( 0 49 23 ) ( 0 48 23 )
0 24 ( 0 44 24 ) ( 0 52 24 )
0 25 ( 0 33 25 ) ( 0 52 30 25 )
0 26 ( 0 40 26 ) ( 0 54 26 )
0 27 ( 0 45 27 ) ( 0 2 27 )
0 28 ( 0 45 28 ) ( 0 40 28 )
0 29 ( 0 41 29 ) ( 0 33 29 )
0 30 ( 0 33 30 ) ( 0 45 30 )
0 31 ( 0 45 31 ) ( 0 52 31 )
0 33 ( 0 48 33 ) ( 0 38 33 )
0 34 ( 0 48 34 ) ( 0 49 34 )
0 35 ( 0 40 35 ) ( 0 45 35 )
0 36 ( 0 12 36 ) ( 0 49 36 )
0 37 ( 0 12 37 ) ( 0 51 37 )
0 38 ( 0 48 49 38 ) ( 0 40 38 )
0 40 ( 0 49 40 ) ( 0 45 54 40 )
0 41 ( 0 49 41 ) ( 0 48 41 )
0 42 ( 0 44 42 ) ( 0 30 42 )
0 44 ( 0 49 44 ) ( 0 41 44 )
0 45 ( 0 52 45 ) ( 0 40 45 )
0 48 ( 0 49 48 ) ( 0 38 48 )
0 49 ( 0 48 49 ) ( 0 33 49 )
0 51 ( 0 40 51 ) ( 0 49 51 )
0 52 ( 0 49 52 ) ( 0 33 52 )
0 53 ( 0 41 53 ) ( 0 49 53 )
0 54 ( 0 40 54 ) ( 0 49 54 )
1 2 ( 1 27 2 ) ( 1 39 2 )
1 3 ( 1 7 3 ) ( 1 20 32 3 )
1 4 ( 1 39 4 ) ( 1 7 20 4 )
1 7 ( 1 20 7 ) ( 1 14 7 )
1 13 ( 1 39 13 ) ( 1 27 13 )
1 14 ( 1 20 14 ) ( 1 13 39 14 )
1 15 ( 1 20 15 ) ( 1 39 15 )
1 20 ( 1 14 20 ) ( 1 39 20 )
1 22 ( 1 39 22 ) ( 1 14 7 22 )
1 39 ( 1 15 39 ) ( 1 32 39 )
2 13 ( 2 19 13 ) ( 2 7 13 )

EOF