DIMENSIONS
16 sommetsG2
14 sommetsG1
45 dem

SOMMETS
0  Paris  C  48.86  2.34
1  Marseille  C  43.31  5.37
2  Lyon  C  45.76  4.83
3  Toulouse  C  43.62  1.45
4  Nice  C  43.7  7.27
5  Nantes  C  47.23  -1.57
6  Strasbourg  T  48.58  7.76
7  Montpellier  C  43.61  3.87
8  Bordeaux  C  44.84  -0.58
9  Rennes  C  48.11  -1.68
10  Le-havre  C  49.5  0.12
11  Reims  C  49.25  4.03
12  Lille  C  50.64  3.07
13  Saint-etienne  T  45.43  4.39
14  Toulon  C  43.13  5.92
15  Grenoble  C  45.19  5.72

DEMANDES
0 1 ( 0 11 1 ) ( 0 4 1 )
0 2 ( 0 11 2 ) ( 0 10 2 )
0 3 ( 0 11 3 ) ( 0 10 3 )
0 4 ( 0 2 15 4 ) ( 0 1 4 )
0 5 ( 0 9 5 ) ( 0 10 5 )
0 7 ( 0 2 7 ) ( 0 11 7 )
0 8 ( 0 10 8 ) ( 0 9 8 )
0 9 ( 0 11 9 ) ( 0 3 9 )
0 10 ( 0 11 10 ) ( 0 9 10 )
0 11 ( 0 10 11 ) ( 0 5 11 )
0 12 ( 0 5 12 ) ( 0 11 2 12 )
0 14 ( 0 2 14 ) ( 0 4 14 )
0 15 ( 0 2 15 ) ( 0 7 15 )
1 2 ( 1 15 2 ) ( 1 7 2 )
1 3 ( 1 14 3 ) ( 1 15 3 )
1 4 ( 1 15 4 ) ( 1 7 4 )
1 5 ( 1 8 5 ) ( 1 14 5 )
1 7 ( 1 14 7 ) ( 1 3 7 )
1 8 ( 1 14 8 ) ( 1 2 8 )
1 9 ( 1 7 9 ) ( 1 5 9 )
1 10 ( 1 15 10 ) ( 1 14 10 )
1 11 ( 1 2 15 11 ) ( 1 12 11 )
1 12 ( 1 2 12 ) ( 1 15 11 12 )
1 14 ( 1 4 14 ) ( 1 2 14 )
1 15 ( 1 14 15 ) ( 1 7 15 )
2 3 ( 2 15 7 3 ) ( 2 1 3 )
2 4 ( 2 1 4 ) ( 2 14 15 4 )
2 5 ( 2 8 5 ) ( 2 0 5 )
2 7 ( 2 1 7 ) ( 2 14 7 )
2 8 ( 2 3 8 ) ( 2 0 8 )
2 11 ( 2 7 11 ) ( 2 15 1 11 )
2 14 ( 2 1 14 ) ( 2 0 14 )
2 15 ( 2 1 15 ) ( 2 7 15 )
3 4 ( 3 1 4 ) ( 3 14 4 )
3 5 ( 3 7 5 ) ( 3 1 5 )
3 7 ( 3 1 7 ) ( 3 14 7 )
3 8 ( 3 7 8 ) ( 3 2 8 )
4 7 ( 4 3 7 ) ( 4 11 7 )
4 14 ( 4 1 14 ) ( 4 15 14 )
4 15 ( 4 14 15 ) ( 4 2 15 )
5 8 ( 5 9 8 ) ( 5 7 8 )
5 9 ( 5 0 9 ) ( 5 3 9 )
5 10 ( 5 9 10 ) ( 5 12 10 )
7 14 ( 7 15 14 ) ( 7 2 14 )
11 12 ( 11 0 12 ) ( 11 10 12 )

EOF