DIMENSIONS
95 sommetsG2
90 sommetsG1
70 dem

SOMMETS
0  Paris  C  48.86  2.34
1  Marseille  C  43.31  5.37
2  Lyon  C  45.76  4.83
3  Toulouse  C  43.62  1.45
4  Nice  C  43.7  7.27
5  Nantes  C  47.23  -1.57
6  Strasbourg  C  48.58  7.76
7  Montpellier  C  43.61  3.87
8  Bordeaux  C  44.84  -0.58
9  Rennes  C  48.11  -1.68
10  Le-havre  C  49.5  0.12
11  Reims  C  49.25  4.03
12  Lille  C  50.64  3.07
13  Saint-etienne  C  45.43  4.39
14  Toulon  C  43.13  5.92
15  Grenoble  C  45.19  5.72
16  Angers  C  47.48  -0.54
17  Brest  C  48.39  -4.5
18  Le-mans  C  48  0.2
19  Dijon  C  47.33  5.03
20  Aix-en-provence  C  43.53  5.44
21  Clermont-ferrand  C  45.78  3.08
22  Nimes  C  43.84  4.35
23  Amiens  C  49.9  2.3
24  Tours  C  47.38  0.69
25  Limoges  C  45.83  1.25
26  Metz  C  49.12  6.18
27  Villeurbanne  C  45.77  4.88
28  Besancon  C  47.24  6.02
29  Caen  C  49.19  -0.36
30  Orleans  C  47.9  1.9
31  Mulhouse  C  47.76  7.34
32  Perpignan  C  42.7  2.89
33  Boulogne-billancourt  C  48.83  2.24
34  Rouen  C  49.44  1.08
35  Nancy  C  48.69  6.17
36  Roubaix  C  50.69  3.17
37  Tourcoing  T  50.72  3.16
38  Argenteuil  C  48.94  2.24
39  Avignon  C  43.96  4.81
40  Montreuil  C  48.86  2.43
41  Nanterre  C  48.9  2.2
42  Poitiers  C  46.58  0.34
43  Saint-denis  C  48.94  2.36
44  Versailles  C  48.81  2.14
45  Creteil  C  48.79  2.45
46  Pau  C  43.3  -0.39
47  La-rochelle  C  46.17  -1.18
48  Colombes  C  48.93  2.25
49  Asnieres-sur-seine  C  48.91  2.29
50  Calais  C  50.95  1.86
51  Aulnay-sous-bois  C  48.96  2.49
52  Vitry-sur-seine  C  48.79  2.39
53  Rueil-malmaison  C  48.89  2.17
54  Champigny-sur-marne  C  48.82  2.51
55  Beziers  C  43.35  3.21
56  Saint-maur-des-fosses  C  48.8  2.49
57  Dunkerque  C  51.04  2.34
58  Antibes  C  43.6  7.12
59  Saint-nazaire  C  47.28  -2.22
60  Courbevoie  C  48.9  2.25
61  Bourges  C  47.08  2.39
62  Colmar  C  48.08  7.36
63  Valence  C  44.94  4.89
64  Cannes  C  43.56  7.02
65  Villeneuve-d'ascq  C  50.62  3.14
66  Quimper  C  47.99  -4.11
67  Merignac  C  44.87  -0.65
68  Antony  C  48.76  2.3
69  La-seyne-sur-mer  C  43.11  5.87
70  Aubervillers  C  48.92  2.38
71  Troyes  C  48.3  4.08
72  Lorient  C  47.74  -3.37
73  Neuilly-sur-seine  C  48.89  2.27
74  Drancy  T  48.94  2.46
75  Saint-quentin  T  49.85  3.28
76  Pessac  C  44.8  -0.66
77  Chambery  C  45.58  5.91
78  Venissieux  C  45.69  4.86
79  Levallois-perret  T  48.9  2.29
80  Niort  C  46.32  -0.47
81  Sarcelles  C  49  2.38
82  Noisy-le-grand  C  48.85  2.55
83  Charleville-mezieres  C  49.75  4.73
84  Cholet  C  47.07  -0.88
85  Beauvais  C  49.43  2.09
86  Issy-les-moulineaux  T  48.83  2.26
87  Saint-malo  C  48.66  -2.01
88  Vannes  C  47.66  -2.76
89  Cergy  C  49.04  2.07
90  Arles  C  43.69  4.63
91  Hyeres  C  43.13  6.12
92  Montauban  C  44.02  1.35
93  Laval  C  48.07  -0.78
94  La-roche-sur-yon  C  46.67  -1.44

DEMANDES
0 1 ( 0 13 1 ) ( 0 56 1 )
0 2 ( 0 56 2 ) ( 0 54 2 )
0 3 ( 0 68 3 ) ( 0 52 3 )
0 4 ( 0 52 4 ) ( 0 45 4 )
0 5 ( 0 33 5 ) ( 0 44 5 )
0 6 ( 0 82 6 ) ( 0 40 6 )
0 7 ( 0 40 21 7 ) ( 0 56 54 7 )
0 8 ( 0 68 8 ) ( 0 33 44 8 )
0 9 ( 0 44 9 ) ( 0 33 9 )
0 10 ( 0 41 10 ) ( 0 53 10 )
0 11 ( 0 54 11 ) ( 0 45 11 )
0 12 ( 0 81 12 ) ( 0 51 12 )
0 13 ( 0 52 13 ) ( 0 68 13 )
0 15 ( 0 56 15 ) ( 0 54 15 )
0 16 ( 0 53 16 ) ( 0 60 16 )
0 18 ( 0 53 18 ) ( 0 60 18 )
0 19 ( 0 45 19 ) ( 0 54 19 )
0 21 ( 0 52 21 ) ( 0 68 21 )
0 22 ( 0 52 45 22 ) ( 0 56 22 )
0 23 ( 0 43 23 ) ( 0 73 23 )
0 24 ( 0 33 24 ) ( 0 44 24 )
0 25 ( 0 73 25 ) ( 0 49 25 )
0 26 ( 0 40 26 ) ( 0 82 26 )
0 27 ( 0 45 27 ) ( 0 56 27 )
0 28 ( 0 56 28 ) ( 0 54 28 )
0 29 ( 0 73 29 ) ( 0 33 29 )
0 30 ( 0 68 30 ) ( 0 52 30 )
0 33 ( 0 68 33 ) ( 0 48 33 )
0 34 ( 0 60 34 ) ( 0 73 34 )
0 35 ( 0 40 35 ) ( 0 45 35 )
0 36 ( 0 65 36 ) ( 0 70 36 )
0 38 ( 0 49 60 38 ) ( 0 43 38 )
0 40 ( 0 43 40 ) ( 0 52 45 40 )
0 41 ( 0 60 41 ) ( 0 49 41 )
0 42 ( 0 33 42 ) ( 0 73 42 )
0 43 ( 0 73 43 ) ( 0 40 43 )
0 44 ( 0 73 44 ) ( 0 41 44 )
0 45 ( 0 40 45 ) ( 0 56 45 )
0 48 ( 0 73 48 ) ( 0 43 48 )
0 49 ( 0 60 49 ) ( 0 41 49 )
0 50 ( 0 85 50 ) ( 0 48 50 )
0 51 ( 0 40 51 ) ( 0 45 51 )
0 52 ( 0 70 52 ) ( 0 40 45 52 )
0 53 ( 0 73 53 ) ( 0 41 53 )
0 54 ( 0 45 54 ) ( 0 70 54 )
0 56 ( 0 43 70 56 ) ( 0 51 56 )
0 57 ( 0 81 57 ) ( 0 49 57 )
0 60 ( 0 49 60 ) ( 0 38 60 )
0 61 ( 0 68 61 ) ( 0 45 61 )
0 65 ( 0 70 65 ) ( 0 43 65 )
0 68 ( 0 52 68 ) ( 0 33 68 )
0 70 ( 0 43 70 ) ( 0 73 49 70 )
0 71 ( 0 82 71 ) ( 0 45 56 71 )
0 73 ( 0 49 73 ) ( 0 60 73 )
0 81 ( 0 43 81 ) ( 0 70 81 )
0 82 ( 0 45 82 ) ( 0 70 54 82 )
0 83 ( 0 51 83 ) ( 0 40 83 )
0 85 ( 0 48 38 85 ) ( 0 43 85 )
0 89 ( 0 48 89 ) ( 0 38 89 )
1 2 ( 1 78 2 ) ( 1 20 2 )
1 3 ( 1 55 3 ) ( 1 7 3 )
1 4 ( 1 64 4 ) ( 1 14 4 )
1 7 ( 1 90 7 ) ( 1 39 7 )
1 14 ( 1 69 14 ) ( 1 20 14 )
1 15 ( 1 39 15 ) ( 1 20 63 15 )
1 20 ( 1 14 20 ) ( 1 39 20 )
1 22 ( 1 90 22 ) ( 1 20 22 )
1 39 ( 1 22 39 ) ( 1 14 39 )
1 69 ( 1 91 69 ) ( 1 90 69 )
2 13 ( 2 27 13 ) ( 2 63 13 )

EOF