DIMENSIONS
30 sommetsG2
25 sommetsG1
60 dem

SOMMETS
0  Berlin  C  52.52  13.38
1  Hamburg  C  53.55  10
2  Munchen  C  48.14  11.58
3  Koln  C  50.95  6.97
4  Frankfurt  C  50.12  8.68
5  Dortmund  T  51.51  7.48
6  Stuttgart  C  48.79  9.19
7  Essen  C  51.47  7
8  Dusseldorf  C  51.24  6.79
9  Bremen  C  53.08  8.81
10  Hannover  C  52.4  9.73
11  Duisburg  T  51.43  6.75
12  Nurnberg  C  49.45  11.05
13  Leipzig  C  51.35  12.4
14  Dresden  C  51.05  13.74
15  Bochum  C  51.48  7.2
16  Wuppertal  C  51.26  7.18
17  Bielefeld  C  52.03  8.53
18  Bonn  C  50.73  7.1
19  Mannheim  C  49.5  8.47
20  Karlsruhe  C  49  8.4
21  Gelsenkirchen  C  51.51  7.11
22  Wiesbaden  C  50.08  8.23
23  Munster  T  51.96  7.62
24  Monchengladbach  C  51.2  6.42
25  Augsburg  T  48.36  10.89
26  Chemnitz  C  50.83  12.92
27  Aachen  T  50.77  6.09
28  Braunschweig  C  52.27  10.51
29  Krefeld  C  51.33  6.55

DEMANDES
0 1 ( 0 28 1 ) ( 0 13 1 )
0 2 ( 0 13 2 ) ( 0 12 2 )
0 3 ( 0 28 3 ) ( 0 10 3 )
0 4 ( 0 13 4 ) ( 0 22 4 )
0 6 ( 0 13 26 6 ) ( 0 14 6 )
0 7 ( 0 15 7 ) ( 0 21 16 7 )
0 8 ( 0 16 8 ) ( 0 15 8 )
0 9 ( 0 1 9 ) ( 0 17 9 )
0 10 ( 0 13 10 ) ( 0 1 10 )
0 12 ( 0 13 12 ) ( 0 26 12 )
0 13 ( 0 10 28 13 ) ( 0 9 1 13 )
0 14 ( 0 26 14 ) ( 0 13 14 )
0 15 ( 0 17 15 ) ( 0 7 15 )
0 16 ( 0 28 16 ) ( 0 17 16 )
0 17 ( 0 13 17 ) ( 0 1 17 )
0 18 ( 0 28 18 ) ( 0 3 18 )
0 19 ( 0 4 19 ) ( 0 28 19 )
0 20 ( 0 12 20 ) ( 0 26 13 20 )
0 21 ( 0 28 21 ) ( 0 10 21 )
0 22 ( 0 4 22 ) ( 0 13 22 )
0 26 ( 0 13 26 ) ( 0 14 26 )
0 28 ( 0 13 28 ) ( 0 26 28 )
1 2 ( 1 9 2 ) ( 1 6 2 )
1 3 ( 1 15 3 ) ( 1 21 3 )
1 4 ( 1 10 4 ) ( 1 9 4 )
1 6 ( 1 4 6 ) ( 1 22 6 )
1 7 ( 1 9 7 ) ( 1 16 7 )
1 8 ( 1 7 8 ) ( 1 16 8 )
1 9 ( 1 28 9 ) ( 1 10 17 9 )
1 10 ( 1 17 10 ) ( 1 15 10 )
1 12 ( 1 28 12 ) ( 1 10 12 )
1 13 ( 1 28 13 ) ( 1 9 13 )
1 14 ( 1 28 14 ) ( 1 10 14 )
1 15 ( 1 9 15 ) ( 1 17 15 )
1 16 ( 1 17 16 ) ( 1 15 16 )
1 17 ( 1 28 17 ) ( 1 10 9 17 )
1 28 ( 1 9 28 ) ( 1 17 28 )
2 3 ( 2 19 3 ) ( 2 4 22 3 )
2 4 ( 2 6 4 ) ( 2 19 4 )
2 6 ( 2 12 13 6 ) ( 2 28 6 )
2 12 ( 2 26 12 ) ( 2 19 12 )
2 13 ( 2 26 13 ) ( 2 28 13 )
3 4 ( 3 18 4 ) ( 3 22 4 )
3 7 ( 3 16 7 ) ( 3 8 7 )
3 8 ( 3 7 8 ) ( 3 21 15 8 )
3 15 ( 3 21 15 ) ( 3 7 15 )
3 16 ( 3 8 16 ) ( 3 18 16 )
3 18 ( 3 16 18 ) ( 3 7 18 )
3 21 ( 3 7 21 ) ( 3 8 21 )
3 22 ( 3 16 22 ) ( 3 8 18 22 )
3 24 ( 3 8 24 ) ( 3 29 24 )
3 29 ( 3 8 29 ) ( 3 24 29 )
4 6 ( 4 19 6 ) ( 4 18 3 6 )
4 19 ( 4 20 19 ) ( 4 17 19 )
7 8 ( 7 16 8 ) ( 7 15 8 )
7 15 ( 7 8 21 15 ) ( 7 29 15 )
7 16 ( 7 15 16 ) ( 7 3 16 )
8 15 ( 8 7 15 ) ( 8 21 15 )
8 16 ( 8 21 16 ) ( 8 15 16 )
9 10 ( 9 1 10 ) ( 9 15 10 )

EOF