DIMENSIONS
35 sommetsG2
30 sommetsG1
100 dem

SOMMETS
0  Berlin  C  52.52  13.38
1  Hamburg  C  53.55  10
2  Munchen  C  48.14  11.58
3  Koln  C  50.95  6.97
4  Frankfurt  C  50.12  8.68
5  Dortmund  C  51.51  7.48
6  Stuttgart  T  48.79  9.19
7  Essen  C  51.47  7
8  Dusseldorf  C  51.24  6.79
9  Bremen  C  53.08  8.81
10  Hannover  C  52.4  9.73
11  Duisburg  C  51.43  6.75
12  Nurnberg  C  49.45  11.05
13  Leipzig  T  51.35  12.4
14  Dresden  C  51.05  13.74
15  Bochum  C  51.48  7.2
16  Wuppertal  C  51.26  7.18
17  Bielefeld  C  52.03  8.53
18  Bonn  C  50.73  7.1
19  Mannheim  C  49.5  8.47
20  Karlsruhe  C  49  8.4
21  Gelsenkirchen  C  51.51  7.11
22  Wiesbaden  C  50.08  8.23
23  Munster  C  51.96  7.62
24  Monchengladbach  C  51.2  6.42
25  Augsburg  C  48.36  10.89
26  Chemnitz  C  50.83  12.92
27  Aachen  T  50.77  6.09
28  Braunschweig  C  52.27  10.51
29  Krefeld  T  51.33  6.55
30  Halle  C  51.48  11.96
31  Kiel  T  54.32  10.12
32  Magdeburg  C  52.13  11.62
33  Oberhausen  C  51.47  6.86
34  Lubeck  C  53.87  10.66

DEMANDES
0 1 ( 0 34 1 ) ( 0 30 1 )
0 2 ( 0 26 2 ) ( 0 14 12 2 )
0 3 ( 0 32 3 ) ( 0 5 3 )
0 4 ( 0 32 4 ) ( 0 22 4 )
0 5 ( 0 32 28 5 ) ( 0 10 5 )
0 7 ( 0 5 7 ) ( 0 17 7 )
0 8 ( 0 32 16 8 ) ( 0 7 8 )
0 9 ( 0 10 9 ) ( 0 1 9 )
0 10 ( 0 28 10 ) ( 0 32 10 )
0 11 ( 0 7 11 ) ( 0 15 11 )
0 12 ( 0 32 12 ) ( 0 28 12 )
0 14 ( 0 26 14 ) ( 0 30 14 )
0 15 ( 0 5 15 ) ( 0 32 15 )
0 16 ( 0 32 16 ) ( 0 28 16 )
0 17 ( 0 10 17 ) ( 0 30 17 )
0 18 ( 0 32 18 ) ( 0 28 18 )
0 19 ( 0 32 19 ) ( 0 26 19 )
0 20 ( 0 30 20 ) ( 0 12 20 )
0 21 ( 0 5 21 ) ( 0 10 17 21 )
0 22 ( 0 32 22 ) ( 0 10 22 )
0 23 ( 0 17 23 ) ( 0 32 23 )
0 24 ( 0 15 24 ) ( 0 7 24 )
0 25 ( 0 30 25 ) ( 0 2 25 )
0 26 ( 0 10 26 ) ( 0 28 32 14 26 )
0 28 ( 0 10 28 ) ( 0 14 28 )
0 30 ( 0 26 30 ) ( 0 10 30 )
0 32 ( 0 30 32 ) ( 0 28 32 )
0 33 ( 0 15 33 ) ( 0 28 33 )
0 34 ( 0 32 34 ) ( 0 26 34 )
1 2 ( 1 28 2 ) ( 1 10 2 )
1 3 ( 1 16 3 ) ( 1 15 3 )
1 4 ( 1 10 4 ) ( 1 17 4 )
1 5 ( 1 17 5 ) ( 1 23 5 )
1 7 ( 1 23 7 ) ( 1 21 7 )
1 8 ( 1 16 8 ) ( 1 17 8 )
1 9 ( 1 10 9 ) ( 1 34 9 )
1 10 ( 1 28 10 ) ( 1 34 10 )
1 11 ( 1 23 11 ) ( 1 33 11 )
1 12 ( 1 32 12 ) ( 1 9 12 )
1 14 ( 1 32 14 ) ( 1 28 14 )
1 15 ( 1 23 15 ) ( 1 9 15 )
1 16 ( 1 7 16 ) ( 1 10 16 )
1 17 ( 1 10 17 ) ( 1 34 17 )
1 18 ( 1 5 16 18 ) ( 1 3 18 )
1 21 ( 1 17 21 ) ( 1 7 21 )
1 23 ( 1 9 17 23 ) ( 1 5 23 )
1 28 ( 1 10 28 ) ( 1 17 28 )
1 30 ( 1 32 30 ) ( 1 28 30 )
1 32 ( 1 34 32 ) ( 1 10 28 32 )
1 34 ( 1 10 34 ) ( 1 32 28 34 )
2 3 ( 2 4 3 ) ( 2 19 3 )
2 4 ( 2 12 4 ) ( 2 22 20 4 )
2 12 ( 2 26 12 ) ( 2 4 12 )
2 14 ( 2 25 12 14 ) ( 2 30 14 )
2 25 ( 2 20 25 ) ( 2 26 25 )
3 4 ( 3 18 4 ) ( 3 8 4 )
3 5 ( 3 16 5 ) ( 3 15 5 )
3 7 ( 3 33 7 ) ( 3 15 7 )
3 8 ( 3 18 8 ) ( 3 24 8 )
3 9 ( 3 16 9 ) ( 3 15 9 )
3 10 ( 3 16 10 ) ( 3 21 10 )
3 11 ( 3 33 11 ) ( 3 16 7 11 )
3 15 ( 3 21 15 ) ( 3 16 7 15 )
3 16 ( 3 15 16 ) ( 3 21 16 )
3 17 ( 3 16 17 ) ( 3 5 17 )
3 18 ( 3 7 18 ) ( 3 11 18 )
3 19 ( 3 22 19 ) ( 3 16 4 19 )
3 21 ( 3 16 21 ) ( 3 7 21 )
3 22 ( 3 18 22 ) ( 3 16 22 )
3 23 ( 3 15 23 ) ( 3 21 23 )
3 24 ( 3 11 24 ) ( 3 33 24 )
3 33 ( 3 8 11 33 ) ( 3 16 7 33 )
4 5 ( 4 21 5 ) ( 4 16 7 5 )
4 19 ( 4 22 19 ) ( 4 20 19 )
4 20 ( 4 19 20 ) ( 4 16 20 )
4 22 ( 4 19 22 ) ( 4 18 22 )
5 7 ( 5 16 7 ) ( 5 33 11 7 )
5 8 ( 5 15 8 ) ( 5 7 8 )
5 11 ( 5 15 11 ) ( 5 7 33 11 )
5 15 ( 5 21 15 ) ( 5 16 15 )
5 16 ( 5 33 16 ) ( 5 11 16 )
5 17 ( 5 23 17 ) ( 5 15 17 )
5 18 ( 5 15 18 ) ( 5 7 3 18 )
5 21 ( 5 15 21 ) ( 5 16 21 )
5 23 ( 5 15 23 ) ( 5 21 23 )
7 8 ( 7 33 8 ) ( 7 11 8 )
7 11 ( 7 21 11 ) ( 7 8 11 )
7 15 ( 7 21 15 ) ( 7 11 15 )
7 16 ( 7 33 16 ) ( 7 8 16 )
7 18 ( 7 16 18 ) ( 7 21 18 )
7 21 ( 7 15 21 ) ( 7 11 21 )
7 23 ( 7 21 23 ) ( 7 5 23 )
8 11 ( 8 33 11 ) ( 8 24 11 )
8 15 ( 8 16 15 ) ( 8 11 15 )
8 16 ( 8 11 16 ) ( 8 21 16 )
8 18 ( 8 16 18 ) ( 8 7 18 )
8 21 ( 8 11 21 ) ( 8 15 21 )
9 10 ( 9 17 10 ) ( 9 28 10 )
11 15 ( 11 7 33 15 ) ( 11 5 15 )
11 16 ( 11 15 16 ) ( 11 33 8 16 )

EOF