DIMENSIONS
85 sommetsG2
80 sommetsG1
60 dem

SOMMETS
0  Berlin  C  52.52  13.38
1  Hamburg  C  53.55  10
2  Munchen  C  48.14  11.58
3  Koln  C  50.95  6.97
4  Frankfurt  C  50.12  8.68
5  Dortmund  C  51.51  7.48
6  Stuttgart  C  48.79  9.19
7  Essen  C  51.47  7
8  Dusseldorf  C  51.24  6.79
9  Bremen  C  53.08  8.81
10  Hannover  C  52.4  9.73
11  Duisburg  C  51.43  6.75
12  Nurnberg  C  49.45  11.05
13  Leipzig  C  51.35  12.4
14  Dresden  C  51.05  13.74
15  Bochum  C  51.48  7.2
16  Wuppertal  C  51.26  7.18
17  Bielefeld  C  52.03  8.53
18  Bonn  C  50.73  7.1
19  Mannheim  C  49.5  8.47
20  Karlsruhe  C  49  8.4
21  Gelsenkirchen  C  51.51  7.11
22  Wiesbaden  C  50.08  8.23
23  Munster  C  51.96  7.62
24  Monchengladbach  C  51.2  6.42
25  Augsburg  C  48.36  10.89
26  Chemnitz  C  50.83  12.92
27  Aachen  C  50.77  6.09
28  Braunschweig  C  52.27  10.51
29  Krefeld  C  51.33  6.55
30  Halle  C  51.48  11.96
31  Kiel  C  54.32  10.12
32  Magdeburg  C  52.13  11.62
33  Oberhausen  T  51.47  6.86
34  Lubeck  C  53.87  10.66
35  Freiburg  C  47.99  7.85
36  Hagen  C  51.37  7.46
37  Erfurt  C  50.99  11.03
38  Rostock  C  54.09  12.1
39  Kassel  C  51.32  9.48
40  Mainz  C  50  8.26
41  Hamm  C  51.67  7.8
42  Saarbrucken  C  49.25  6.97
43  Herne  C  51.54  7.21
44  Mulheim  C  51.43  6.86
45  Osnabruck  C  52.28  8.05
46  Solingen  C  51.18  7.06
47  Ludwigshafen  C  49.48  8.44
48  Leverkusen  C  51.04  6.99
49  Oldenburg  C  53.15  8.21
50  Neuss  C  51.2  6.69
51  Heidelberg  C  49.42  8.69
52  Paderborn  C  51.72  8.74
53  Darmstadt  C  49.87  8.64
54  Wurzburg  C  49.8  9.94
55  Potsdam  C  52.4  13.07
56  Regensburg  C  49.02  12.11
57  Recklinghausen  C  51.61  7.19
58  Gottingen  C  51.53  9.92
59  Wolfsburg  C  52.43  10.78
60  Heilbronn  C  49.14  9.22
61  Bottrop  C  51.53  6.93
62  Offenbach  C  50.1  8.77
63  Ulm  C  48.4  9.97
64  Bremerhaven  C  53.55  8.58
65  Pforzheim  C  48.89  8.69
66  Ingolstadt  T  48.77  11.43
67  Remscheid  T  51.18  7.19
68  Furth  C  49.48  10.98
69  Reutlingen  C  48.49  9.21
70  Salzgitter  C  52.17  10.33
71  Koblenz  T  50.35  7.6
72  Siegen  C  50.87  8.01
73  Moers  C  51.45  6.65
74  Gera  C  50.88  12.08
75  Bergisch-gladbach  C  50.98  7.15
76  Hildesheim  C  52.16  9.95
77  Witten  T  51.44  7.34
78  Erlangen  C  49.6  11.01
79  Cottbus  C  51.77  14.33
80  Trier  C  49.75  6.63
81  Zwickau  C  50.72  12.5
82  Jena  C  50.93  11.58
83  Kaiserslautern  C  49.45  7.75
84  Iserlohn  C  51.39  7.68

DEMANDES
0 1 ( 0 55 1 ) ( 0 34 1 )
0 2 ( 0 81 2 ) ( 0 56 2 )
0 3 ( 0 58 3 ) ( 0 39 3 )
0 4 ( 0 37 4 ) ( 0 13 4 )
0 5 ( 0 32 5 ) ( 0 55 5 )
0 6 ( 0 82 6 ) ( 0 30 6 )
0 7 ( 0 52 7 ) ( 0 5 7 )
0 8 ( 0 36 8 ) ( 0 84 8 )
0 9 ( 0 10 9 ) ( 0 1 9 )
0 10 ( 0 32 10 ) ( 0 28 59 10 )
0 11 ( 0 7 11 ) ( 0 15 11 )
0 12 ( 0 13 78 68 12 ) ( 0 82 12 )
0 13 ( 0 32 13 ) ( 0 79 13 )
0 14 ( 0 55 14 ) ( 0 79 14 )
0 15 ( 0 52 15 ) ( 0 5 15 )
0 17 ( 0 59 17 ) ( 0 55 17 )
0 26 ( 0 55 30 26 ) ( 0 32 26 )
0 28 ( 0 55 28 ) ( 0 59 28 )
0 30 ( 0 13 30 ) ( 0 32 30 )
0 31 ( 0 55 31 ) ( 0 38 31 )
0 32 ( 0 55 32 ) ( 0 30 32 )
0 34 ( 0 55 34 ) ( 0 32 34 )
0 37 ( 0 13 37 ) ( 0 30 82 37 )
0 38 ( 0 59 38 ) ( 0 26 13 38 )
0 55 ( 0 13 55 ) ( 0 38 55 )
0 59 ( 0 55 59 ) ( 0 32 59 )
0 74 ( 0 30 74 ) ( 0 81 74 )
0 79 ( 0 55 79 ) ( 0 26 79 )
0 81 ( 0 55 81 ) ( 0 13 81 )
1 2 ( 1 70 2 ) ( 1 28 2 )
1 3 ( 1 84 3 ) ( 1 5 48 3 )
1 4 ( 1 76 4 ) ( 1 52 4 )
1 5 ( 1 41 5 ) ( 1 45 5 )
1 7 ( 1 45 7 ) ( 1 43 15 7 )
1 8 ( 1 43 8 ) ( 1 57 8 )
1 9 ( 1 10 9 ) ( 1 76 9 )
1 10 ( 1 76 10 ) ( 1 28 10 )
1 13 ( 1 30 13 ) ( 1 59 13 )
1 17 ( 1 9 17 ) ( 1 10 17 )
1 28 ( 1 70 28 ) ( 1 59 28 )
1 31 ( 1 34 31 ) ( 1 9 31 )
1 34 ( 1 59 34 ) ( 1 10 34 )
2 6 ( 2 68 6 ) ( 2 12 6 )
2 12 ( 2 68 12 ) ( 2 25 12 )
2 25 ( 2 68 25 ) ( 2 78 25 )
3 4 ( 3 40 4 ) ( 3 72 4 )
3 5 ( 3 48 5 ) ( 3 46 5 )
3 7 ( 3 46 7 ) ( 3 21 7 )
3 8 ( 3 48 8 ) ( 3 46 8 )
3 11 ( 3 8 11 ) ( 3 48 11 )
3 15 ( 3 48 15 ) ( 3 16 15 )
3 16 ( 3 46 16 ) ( 3 75 16 )
3 18 ( 3 48 18 ) ( 3 75 18 )
3 21 ( 3 48 21 ) ( 3 16 21 )
3 24 ( 3 50 24 ) ( 3 8 24 )
3 27 ( 3 75 27 ) ( 3 50 29 27 )
5 7 ( 5 15 7 ) ( 5 21 7 )
5 8 ( 5 15 8 ) ( 5 16 8 )
5 11 ( 5 44 11 ) ( 5 61 11 )
7 8 ( 7 61 44 8 ) ( 7 11 8 )

EOF