DIMENSIONS
16 sommetsG2
14 sommetsG1
20 dem

SOMMETS
0  Berlin  C  52.52  13.38
1  Hamburg  C  53.55  10
2  Munchen  C  48.14  11.58
3  Koln  C  50.95  6.97
4  Frankfurt  C  50.12  8.68
5  Dortmund  C  51.51  7.48
6  Stuttgart  T  48.79  9.19
7  Essen  C  51.47  7
8  Dusseldorf  C  51.24  6.79
9  Bremen  C  53.08  8.81
10  Hannover  C  52.4  9.73
11  Duisburg  C  51.43  6.75
12  Nurnberg  C  49.45  11.05
13  Leipzig  T  51.35  12.4
14  Dresden  C  51.05  13.74
15  Bochum  C  51.48  7.2

DEMANDES
0 1 ( 0 10 1 ) ( 0 9 1 )
0 2 ( 0 12 2 ) ( 0 4 2 )
0 3 ( 0 10 3 ) ( 0 4 3 )
0 4 ( 0 10 4 ) ( 0 12 4 )
0 5 ( 0 10 5 ) ( 0 1 5 )
0 7 ( 0 15 7 ) ( 0 10 7 )
0 8 ( 0 15 8 ) ( 0 7 8 )
0 9 ( 0 5 9 ) ( 0 10 4 9 )
0 10 ( 0 9 1 10 ) ( 0 12 10 )
0 12 ( 0 14 12 ) ( 0 2 12 )
0 14 ( 0 2 14 ) ( 0 10 1 14 )
1 3 ( 1 5 3 ) ( 1 15 3 )
1 9 ( 1 10 9 ) ( 1 15 9 )
1 10 ( 1 9 10 ) ( 1 5 10 )
2 12 ( 2 4 12 ) ( 2 10 12 )
3 5 ( 3 4 15 5 ) ( 3 10 5 )
3 7 ( 3 15 7 ) ( 3 5 11 7 )
3 8 ( 3 11 8 ) ( 3 4 8 )
3 11 ( 3 8 11 ) ( 3 15 11 )
3 15 ( 3 7 11 15 ) ( 3 10 15 )

EOF