DIMENSIONS
80 sommetsG2
75 sommetsG1
90 dem

SOMMETS
0  Berlin  C  52.52  13.38
1  Hamburg  C  53.55  10
2  Munchen  C  48.14  11.58
3  Koln  C  50.95  6.97
4  Frankfurt  C  50.12  8.68
5  Dortmund  C  51.51  7.48
6  Stuttgart  C  48.79  9.19
7  Essen  C  51.47  7
8  Dusseldorf  C  51.24  6.79
9  Bremen  C  53.08  8.81
10  Hannover  C  52.4  9.73
11  Duisburg  C  51.43  6.75
12  Nurnberg  C  49.45  11.05
13  Leipzig  C  51.35  12.4
14  Dresden  C  51.05  13.74
15  Bochum  C  51.48  7.2
16  Wuppertal  C  51.26  7.18
17  Bielefeld  C  52.03  8.53
18  Bonn  C  50.73  7.1
19  Mannheim  C  49.5  8.47
20  Karlsruhe  C  49  8.4
21  Gelsenkirchen  C  51.51  7.11
22  Wiesbaden  C  50.08  8.23
23  Munster  C  51.96  7.62
24  Monchengladbach  C  51.2  6.42
25  Augsburg  C  48.36  10.89
26  Chemnitz  C  50.83  12.92
27  Aachen  C  50.77  6.09
28  Braunschweig  C  52.27  10.51
29  Krefeld  C  51.33  6.55
30  Halle  C  51.48  11.96
31  Kiel  T  54.32  10.12
32  Magdeburg  C  52.13  11.62
33  Oberhausen  C  51.47  6.86
34  Lubeck  C  53.87  10.66
35  Freiburg  C  47.99  7.85
36  Hagen  C  51.37  7.46
37  Erfurt  C  50.99  11.03
38  Rostock  C  54.09  12.1
39  Kassel  C  51.32  9.48
40  Mainz  C  50  8.26
41  Hamm  C  51.67  7.8
42  Saarbrucken  C  49.25  6.97
43  Herne  C  51.54  7.21
44  Mulheim  C  51.43  6.86
45  Osnabruck  C  52.28  8.05
46  Solingen  C  51.18  7.06
47  Ludwigshafen  C  49.48  8.44
48  Leverkusen  C  51.04  6.99
49  Oldenburg  C  53.15  8.21
50  Neuss  C  51.2  6.69
51  Heidelberg  C  49.42  8.69
52  Paderborn  C  51.72  8.74
53  Darmstadt  C  49.87  8.64
54  Wurzburg  C  49.8  9.94
55  Potsdam  C  52.4  13.07
56  Regensburg  C  49.02  12.11
57  Recklinghausen  C  51.61  7.19
58  Gottingen  C  51.53  9.92
59  Wolfsburg  C  52.43  10.78
60  Heilbronn  C  49.14  9.22
61  Bottrop  C  51.53  6.93
62  Offenbach  T  50.1  8.77
63  Ulm  T  48.4  9.97
64  Bremerhaven  C  53.55  8.58
65  Pforzheim  C  48.89  8.69
66  Ingolstadt  C  48.77  11.43
67  Remscheid  T  51.18  7.19
68  Furth  C  49.48  10.98
69  Reutlingen  C  48.49  9.21
70  Salzgitter  C  52.17  10.33
71  Koblenz  C  50.35  7.6
72  Siegen  T  50.87  8.01
73  Moers  C  51.45  6.65
74  Gera  C  50.88  12.08
75  Bergisch-gladbach  C  50.98  7.15
76  Hildesheim  C  52.16  9.95
77  Witten  C  51.44  7.34
78  Erlangen  C  49.6  11.01
79  Cottbus  C  51.77  14.33

DEMANDES
0 1 ( 0 32 1 ) ( 0 55 59 1 )
0 2 ( 0 26 2 ) ( 0 55 2 )
0 3 ( 0 75 3 ) ( 0 55 3 )
0 4 ( 0 37 4 ) ( 0 32 4 )
0 5 ( 0 76 5 ) ( 0 59 5 )
0 6 ( 0 30 6 ) ( 0 13 6 )
0 7 ( 0 52 7 ) ( 0 32 7 )
0 8 ( 0 16 8 ) ( 0 32 52 77 8 )
0 9 ( 0 59 9 ) ( 0 28 9 )
0 10 ( 0 59 10 ) ( 0 70 10 )
0 11 ( 0 7 11 ) ( 0 52 11 )
0 12 ( 0 55 12 ) ( 0 78 12 )
0 13 ( 0 26 13 ) ( 0 14 13 )
0 14 ( 0 55 14 ) ( 0 30 14 )
0 15 ( 0 41 15 ) ( 0 55 32 15 )
0 16 ( 0 32 16 ) ( 0 70 16 )
0 17 ( 0 76 17 ) ( 0 55 28 17 )
0 18 ( 0 58 18 ) ( 0 55 18 )
0 19 ( 0 37 19 ) ( 0 53 19 )
0 20 ( 0 55 20 ) ( 0 30 37 20 )
0 21 ( 0 52 21 ) ( 0 32 21 )
0 22 ( 0 4 22 ) ( 0 40 22 )
0 23 ( 0 17 23 ) ( 0 59 76 23 )
0 25 ( 0 74 25 ) ( 0 55 25 )
0 26 ( 0 55 26 ) ( 0 14 26 )
0 28 ( 0 59 28 ) ( 0 32 28 )
0 30 ( 0 13 30 ) ( 0 32 30 )
0 32 ( 0 55 32 ) ( 0 13 32 )
0 34 ( 0 38 34 ) ( 0 59 34 )
0 37 ( 0 30 37 ) ( 0 55 37 )
0 38 ( 0 55 38 ) ( 0 13 38 )
0 39 ( 0 55 39 ) ( 0 32 39 )
0 55 ( 0 13 55 ) ( 0 14 55 )
0 59 ( 0 55 59 ) ( 0 32 59 )
0 70 ( 0 28 70 ) ( 0 32 70 )
0 74 ( 0 13 74 ) ( 0 55 74 )
0 79 ( 0 26 79 ) ( 0 32 79 )
1 2 ( 1 66 2 ) ( 1 28 2 )
1 3 ( 1 36 3 ) ( 1 41 3 )
1 4 ( 1 76 4 ) ( 1 52 4 )
1 5 ( 1 9 5 ) ( 1 36 5 )
1 6 ( 1 10 6 ) ( 1 76 6 )
1 7 ( 1 23 7 ) ( 1 43 7 )
1 8 ( 1 43 8 ) ( 1 15 8 )
1 9 ( 1 64 9 ) ( 1 28 9 )
1 10 ( 1 70 10 ) ( 1 58 10 )
1 11 ( 1 61 11 ) ( 1 33 11 )
1 12 ( 1 70 12 ) ( 1 28 12 )
1 13 ( 1 30 13 ) ( 1 59 13 )
1 14 ( 1 13 14 ) ( 1 59 14 )
1 15 ( 1 23 15 ) ( 1 41 15 )
1 17 ( 1 45 17 ) ( 1 28 70 17 )
1 28 ( 1 10 28 ) ( 1 76 70 28 )
1 32 ( 1 59 32 ) ( 1 28 32 )
1 34 ( 1 59 34 ) ( 1 76 34 )
1 38 ( 1 59 38 ) ( 1 70 38 )
1 49 ( 1 9 49 ) ( 1 10 49 )
1 59 ( 1 70 59 ) ( 1 34 59 )
1 64 ( 1 9 64 ) ( 1 49 64 )
2 4 ( 2 54 4 ) ( 2 60 4 )
2 6 ( 2 60 6 ) ( 2 68 6 )
2 12 ( 2 66 12 ) ( 2 68 12 )
2 25 ( 2 56 25 ) ( 2 66 68 25 )
2 56 ( 2 66 56 ) ( 2 25 56 )
3 4 ( 3 75 4 ) ( 3 71 4 )
3 5 ( 3 77 5 ) ( 3 36 5 )
3 7 ( 3 16 7 ) ( 3 33 7 )
3 8 ( 3 46 8 ) ( 3 33 8 )
3 11 ( 3 44 11 ) ( 3 48 73 11 )
3 15 ( 3 48 15 ) ( 3 16 15 )
3 16 ( 3 48 16 ) ( 3 18 75 16 )
3 18 ( 3 48 18 ) ( 3 46 18 )
3 21 ( 3 7 21 ) ( 3 46 15 21 )
3 23 ( 3 48 23 ) ( 3 15 23 )
3 24 ( 3 50 24 ) ( 3 48 24 )
3 27 ( 3 48 8 27 ) ( 3 46 27 )
3 29 ( 3 33 29 ) ( 3 46 48 29 )
3 33 ( 3 44 33 ) ( 3 46 33 )
3 36 ( 3 48 36 ) ( 3 16 36 )
4 6 ( 4 53 6 ) ( 4 65 6 )
5 7 ( 5 15 7 ) ( 5 21 7 )
5 8 ( 5 77 8 ) ( 5 15 8 )
5 11 ( 5 21 33 11 ) ( 5 77 11 )
5 15 ( 5 57 15 ) ( 5 21 15 )
7 8 ( 7 61 8 ) ( 7 11 8 )
7 11 ( 7 44 11 ) ( 7 73 11 )
7 15 ( 7 61 15 ) ( 7 33 15 )
8 11 ( 8 44 11 ) ( 8 50 11 )
8 15 ( 8 7 21 15 ) ( 8 43 15 )
9 10 ( 9 76 10 ) ( 9 64 10 )

EOF