DIMENSIONS
20 sommetsG2
18 sommetsG1
140 dem

SOMMETS
0  Berlin  C  52.52  13.38
1  Hamburg  C  53.55  10
2  Munchen  C  48.14  11.58
3  Koln  C  50.95  6.97
4  Frankfurt  C  50.12  8.68
5  Dortmund  C  51.51  7.48
6  Stuttgart  C  48.79  9.19
7  Essen  T  51.47  7
8  Dusseldorf  C  51.24  6.79
9  Bremen  C  53.08  8.81
10  Hannover  C  52.4  9.73
11  Duisburg  C  51.43  6.75
12  Nurnberg  C  49.45  11.05
13  Leipzig  C  51.35  12.4
14  Dresden  C  51.05  13.74
15  Bochum  C  51.48  7.2
16  Wuppertal  T  51.26  7.18
17  Bielefeld  C  52.03  8.53
18  Bonn  C  50.73  7.1
19  Mannheim  C  49.5  8.47

DEMANDES
0 1 ( 0 13 1 ) ( 0 10 1 )
0 2 ( 0 6 2 ) ( 0 10 2 )
0 3 ( 0 5 3 ) ( 0 18 3 )
0 4 ( 0 13 4 ) ( 0 10 4 )
0 5 ( 0 17 5 ) ( 0 10 5 )
0 6 ( 0 12 6 ) ( 0 4 6 )
0 8 ( 0 15 11 8 ) ( 0 13 8 )
0 9 ( 0 13 9 ) ( 0 17 9 )
0 10 ( 0 14 13 10 ) ( 0 17 5 10 )
0 11 ( 0 15 11 ) ( 0 5 11 )
0 12 ( 0 13 12 ) ( 0 2 12 )
0 13 ( 0 14 13 ) ( 0 12 13 )
0 14 ( 0 1 13 14 ) ( 0 10 12 14 )
0 15 ( 0 5 15 ) ( 0 17 15 )
0 17 ( 0 13 17 ) ( 0 1 17 )
0 18 ( 0 17 18 ) ( 0 4 18 )
0 19 ( 0 13 12 19 ) ( 0 17 19 )
1 2 ( 1 12 2 ) ( 1 13 2 )
1 3 ( 1 5 3 ) ( 1 17 3 )
1 4 ( 1 10 4 ) ( 1 17 4 )
1 5 ( 1 17 5 ) ( 1 10 5 )
1 6 ( 1 10 6 ) ( 1 19 6 )
1 8 ( 1 5 8 ) ( 1 9 8 )
1 9 ( 1 17 9 ) ( 1 11 15 9 )
1 10 ( 1 9 10 ) ( 1 17 10 )
1 11 ( 1 5 15 11 ) ( 1 8 11 )
1 12 ( 1 10 12 ) ( 1 9 12 )
1 13 ( 1 0 13 ) ( 1 9 13 )
1 14 ( 1 9 14 ) ( 1 12 14 )
1 15 ( 1 10 15 ) ( 1 11 15 )
1 17 ( 1 9 11 17 ) ( 1 8 17 )
1 18 ( 1 9 18 ) ( 1 15 18 )
1 19 ( 1 4 19 ) ( 1 10 19 )
2 3 ( 2 4 3 ) ( 2 18 3 )
2 4 ( 2 5 4 ) ( 2 10 4 )
2 5 ( 2 12 5 ) ( 2 19 5 )
2 6 ( 2 12 6 ) ( 2 19 6 )
2 8 ( 2 18 8 ) ( 2 6 8 )
2 9 ( 2 12 9 ) ( 2 6 9 )
2 10 ( 2 19 10 ) ( 2 9 10 )
2 11 ( 2 4 11 ) ( 2 3 11 )
2 12 ( 2 4 12 ) ( 2 19 12 )
2 13 ( 2 12 13 ) ( 2 6 13 )
2 14 ( 2 13 14 ) ( 2 6 14 )
2 15 ( 2 4 15 ) ( 2 19 15 )
2 17 ( 2 12 17 ) ( 2 10 17 )
2 18 ( 2 12 4 18 ) ( 2 5 18 )
2 19 ( 2 12 19 ) ( 2 18 19 )
3 4 ( 3 15 4 ) ( 3 19 4 )
3 5 ( 3 11 5 ) ( 3 18 15 5 )
3 6 ( 3 4 6 ) ( 3 8 18 6 )
3 8 ( 3 11 8 ) ( 3 15 8 )
3 9 ( 3 8 9 ) ( 3 18 17 9 )
3 10 ( 3 5 10 ) ( 3 15 9 10 )
3 11 ( 3 5 11 ) ( 3 18 4 11 )
3 12 ( 3 5 12 ) ( 3 6 12 )
3 13 ( 3 4 13 ) ( 3 8 13 )
3 14 ( 3 13 14 ) ( 3 5 14 )
3 15 ( 3 8 15 ) ( 3 5 8 18 15 )
3 17 ( 3 5 17 ) ( 3 15 17 )
3 18 ( 3 11 18 ) ( 3 5 18 )
3 19 ( 3 18 19 ) ( 3 5 19 )
4 5 ( 4 18 5 ) ( 4 3 5 )
4 6 ( 4 12 6 ) ( 4 5 6 )
4 8 ( 4 11 8 ) ( 4 5 8 )
4 9 ( 4 17 9 ) ( 4 10 9 )
4 10 ( 4 19 10 ) ( 4 15 10 )
4 11 ( 4 3 11 ) ( 4 18 3 8 11 )
4 12 ( 4 19 12 ) ( 4 2 12 )
4 13 ( 4 19 13 ) ( 4 14 13 )
4 14 ( 4 10 14 ) ( 4 0 14 )
4 15 ( 4 5 15 ) ( 4 18 15 )
4 17 ( 4 5 17 ) ( 4 19 17 )
4 18 ( 4 5 18 ) ( 4 15 18 )
4 19 ( 4 18 19 ) ( 4 5 19 )
5 6 ( 5 15 6 ) ( 5 11 6 )
5 8 ( 5 11 8 ) ( 5 3 8 )
5 9 ( 5 15 9 ) ( 5 11 17 9 )
5 10 ( 5 17 10 ) ( 5 3 10 )
5 11 ( 5 15 11 ) ( 5 3 11 )
5 12 ( 5 19 12 ) ( 5 18 12 )
5 13 ( 5 9 10 13 ) ( 5 3 13 )
5 14 ( 5 13 14 ) ( 5 10 14 )
5 15 ( 5 11 15 ) ( 5 3 15 )
5 17 ( 5 15 3 17 ) ( 5 10 17 )
5 18 ( 5 15 8 18 ) ( 5 11 18 )
5 19 ( 5 18 19 ) ( 5 8 19 )
6 8 ( 6 19 3 8 ) ( 6 4 8 )
6 9 ( 6 4 9 ) ( 6 17 9 )
6 10 ( 6 17 10 ) ( 6 12 10 )
6 11 ( 6 5 11 ) ( 6 8 3 11 )
6 12 ( 6 19 12 ) ( 6 4 12 )
6 13 ( 6 2 13 ) ( 6 4 19 13 )
6 14 ( 6 12 14 ) ( 6 19 4 14 )
6 15 ( 6 8 15 ) ( 6 3 11 15 )
6 17 ( 6 4 17 ) ( 6 5 17 )
6 18 ( 6 19 18 ) ( 6 3 18 )
6 19 ( 6 4 19 ) ( 6 12 19 )
8 9 ( 8 3 9 ) ( 8 4 9 )
8 10 ( 8 15 10 ) ( 8 11 10 )
8 11 ( 8 3 11 ) ( 8 15 11 )
8 12 ( 8 4 12 ) ( 8 3 12 )
8 13 ( 8 5 13 ) ( 8 17 13 )
8 15 ( 8 11 15 ) ( 8 5 15 )
8 17 ( 8 5 17 ) ( 8 18 17 )
8 18 ( 8 3 18 ) ( 8 11 18 )
8 19 ( 8 18 19 ) ( 8 11 19 )
9 10 ( 9 17 10 ) ( 9 15 5 10 )
9 11 ( 9 15 11 ) ( 9 3 11 )
9 12 ( 9 4 12 ) ( 9 1 12 )
9 13 ( 9 0 13 ) ( 9 12 13 )
9 14 ( 9 10 13 14 ) ( 9 1 14 )
9 15 ( 9 5 15 ) ( 9 17 15 )
9 17 ( 9 5 17 ) ( 9 15 17 )
9 18 ( 9 8 18 ) ( 9 15 5 18 )
9 19 ( 9 17 19 ) ( 9 5 19 )
10 11 ( 10 15 11 ) ( 10 17 5 11 )
10 12 ( 10 17 12 ) ( 10 13 12 )
10 13 ( 10 1 13 ) ( 10 9 13 )
10 14 ( 10 0 14 ) ( 10 12 14 )
10 15 ( 10 17 15 ) ( 10 5 15 )
10 17 ( 10 4 17 ) ( 10 11 15 17 )
10 18 ( 10 3 18 ) ( 10 15 18 )
10 19 ( 10 9 19 ) ( 10 4 6 19 )
11 12 ( 11 4 12 ) ( 11 8 12 )
11 15 ( 11 5 15 ) ( 11 8 5 3 15 )
11 17 ( 11 15 17 ) ( 11 8 5 17 )
11 18 ( 11 3 8 18 ) ( 11 17 18 )
11 19 ( 11 18 19 ) ( 11 5 19 )
12 13 ( 12 10 13 ) ( 12 1 13 )
12 14 ( 12 2 14 ) ( 12 6 14 )
12 15 ( 12 3 15 ) ( 12 19 15 )
12 17 ( 12 4 17 ) ( 12 10 17 )
12 19 ( 12 6 4 19 ) ( 12 15 19 )
13 14 ( 13 1 14 ) ( 13 4 14 )
15 17 ( 15 11 17 ) ( 15 8 17 )
15 18 ( 15 17 18 ) ( 15 19 18 )
15 19 ( 15 18 19 ) ( 15 4 19 )
17 18 ( 17 5 15 18 ) ( 17 8 18 )
18 19 ( 18 3 19 ) ( 18 4 19 )

EOF