DIMENSIONS
12 sommetsG2
10 sommetsG1
20 dem

SOMMETS
0  Berlin  C  52.52  13.38
1  Hamburg  C  53.55  10
2  Munchen  C  48.14  11.58
3  Koln  C  50.95  6.97
4  Frankfurt  T  50.12  8.68
5  Dortmund  C  51.51  7.48
6  Stuttgart  C  48.79  9.19
7  Essen  C  51.47  7
8  Dusseldorf  C  51.24  6.79
9  Bremen  C  53.08  8.81
10  Hannover  T  52.4  9.73
11  Duisburg  C  51.43  6.75

DEMANDES
0 1 ( 0 9 1 ) ( 0 7 1 )
0 2 ( 0 6 2 ) ( 0 1 2 )
0 3 ( 0 5 3 ) ( 0 11 3 )
0 5 ( 0 6 5 ) ( 0 5 )
0 6 ( 0 2 6 ) ( 0 1 6 )
0 7 ( 0 5 8 7 ) ( 0 3 11 7 )
0 8 ( 0 5 8 ) ( 0 11 8 )
0 9 ( 0 5 9 ) ( 0 8 9 )
0 11 ( 0 7 11 ) ( 0 3 11 )
1 2 ( 1 7 2 ) ( 1 3 2 )
1 3 ( 1 5 3 ) ( 1 9 3 )
1 5 ( 1 11 5 ) ( 1 3 5 )
1 7 ( 1 11 7 ) ( 1 3 7 )
1 9 ( 1 5 9 ) ( 1 7 9 )
2 6 ( 2 3 6 ) ( 2 9 6 )
3 5 ( 3 7 5 ) ( 3 6 5 )
3 7 ( 3 8 11 7 ) ( 3 5 7 )
3 8 ( 3 7 8 ) ( 3 6 8 )
3 11 ( 3 7 11 ) ( 3 9 11 )
5 7 ( 5 8 7 ) ( 5 9 7 )

EOF