DIMENSIONS
75 sommetsG2
70 sommetsG1
120 dem

SOMMETS
0  Berlin  C  52.52  13.38
1  Hamburg  C  53.55  10
2  Munchen  C  48.14  11.58
3  Koln  C  50.95  6.97
4  Frankfurt  C  50.12  8.68
5  Dortmund  C  51.51  7.48
6  Stuttgart  C  48.79  9.19
7  Essen  C  51.47  7
8  Dusseldorf  C  51.24  6.79
9  Bremen  C  53.08  8.81
10  Hannover  C  52.4  9.73
11  Duisburg  C  51.43  6.75
12  Nurnberg  C  49.45  11.05
13  Leipzig  C  51.35  12.4
14  Dresden  C  51.05  13.74
15  Bochum  C  51.48  7.2
16  Wuppertal  C  51.26  7.18
17  Bielefeld  C  52.03  8.53
18  Bonn  C  50.73  7.1
19  Mannheim  C  49.5  8.47
20  Karlsruhe  C  49  8.4
21  Gelsenkirchen  C  51.51  7.11
22  Wiesbaden  C  50.08  8.23
23  Munster  C  51.96  7.62
24  Monchengladbach  C  51.2  6.42
25  Augsburg  C  48.36  10.89
26  Chemnitz  C  50.83  12.92
27  Aachen  C  50.77  6.09
28  Braunschweig  C  52.27  10.51
29  Krefeld  T  51.33  6.55
30  Halle  C  51.48  11.96
31  Kiel  C  54.32  10.12
32  Magdeburg  C  52.13  11.62
33  Oberhausen  C  51.47  6.86
34  Lubeck  C  53.87  10.66
35  Freiburg  C  47.99  7.85
36  Hagen  C  51.37  7.46
37  Erfurt  C  50.99  11.03
38  Rostock  C  54.09  12.1
39  Kassel  C  51.32  9.48
40  Mainz  C  50  8.26
41  Hamm  C  51.67  7.8
42  Saarbrucken  C  49.25  6.97
43  Herne  C  51.54  7.21
44  Mulheim  C  51.43  6.86
45  Osnabruck  C  52.28  8.05
46  Solingen  C  51.18  7.06
47  Ludwigshafen  C  49.48  8.44
48  Leverkusen  C  51.04  6.99
49  Oldenburg  C  53.15  8.21
50  Neuss  C  51.2  6.69
51  Heidelberg  C  49.42  8.69
52  Paderborn  C  51.72  8.74
53  Darmstadt  C  49.87  8.64
54  Wurzburg  C  49.8  9.94
55  Potsdam  C  52.4  13.07
56  Regensburg  C  49.02  12.11
57  Recklinghausen  C  51.61  7.19
58  Gottingen  T  51.53  9.92
59  Wolfsburg  T  52.43  10.78
60  Heilbronn  C  49.14  9.22
61  Bottrop  C  51.53  6.93
62  Offenbach  C  50.1  8.77
63  Ulm  T  48.4  9.97
64  Bremerhaven  C  53.55  8.58
65  Pforzheim  C  48.89  8.69
66  Ingolstadt  C  48.77  11.43
67  Remscheid  C  51.18  7.19
68  Furth  T  49.48  10.98
69  Reutlingen  C  48.49  9.21
70  Salzgitter  C  52.17  10.33
71  Koblenz  C  50.35  7.6
72  Siegen  C  50.87  8.01
73  Moers  C  51.45  6.65
74  Gera  C  50.88  12.08

DEMANDES
0 1 ( 0 55 1 ) ( 0 34 1 )
0 2 ( 0 56 2 ) ( 0 26 2 )
0 3 ( 0 70 3 ) ( 0 48 3 )
0 4 ( 0 55 4 ) ( 0 62 4 )
0 5 ( 0 52 5 ) ( 0 28 10 5 )
0 6 ( 0 55 6 ) ( 0 60 6 )
0 7 ( 0 5 7 ) ( 0 21 7 )
0 8 ( 0 36 8 ) ( 0 32 8 )
0 9 ( 0 55 9 ) ( 0 32 9 )
0 10 ( 0 32 10 ) ( 0 70 10 )
0 11 ( 0 52 11 ) ( 0 21 11 )
0 12 ( 0 13 12 ) ( 0 26 12 )
0 13 ( 0 30 13 ) ( 0 74 13 )
0 14 ( 0 74 14 ) ( 0 38 14 )
0 15 ( 0 5 15 ) ( 0 32 15 )
0 16 ( 0 32 16 ) ( 0 55 16 )
0 17 ( 0 70 17 ) ( 0 30 28 17 )
0 18 ( 0 55 18 ) ( 0 39 18 )
0 19 ( 0 37 19 ) ( 0 55 19 )
0 20 ( 0 54 20 ) ( 0 51 20 )
0 21 ( 0 43 21 ) ( 0 52 5 21 )
0 22 ( 0 62 22 ) ( 0 32 22 )
0 23 ( 0 28 23 ) ( 0 10 23 )
0 24 ( 0 32 24 ) ( 0 8 24 )
0 25 ( 0 66 25 ) ( 0 55 25 )
0 26 ( 0 55 26 ) ( 0 13 26 )
0 28 ( 0 55 28 ) ( 0 70 28 )
0 30 ( 0 26 30 ) ( 0 32 13 30 )
0 31 ( 0 38 31 ) ( 0 1 31 )
0 32 ( 0 55 32 ) ( 0 30 32 )
0 34 ( 0 55 34 ) ( 0 32 34 )
0 37 ( 0 55 37 ) ( 0 13 37 )
0 38 ( 0 32 38 ) ( 0 30 38 )
0 39 ( 0 28 39 ) ( 0 37 39 )
0 41 ( 0 52 41 ) ( 0 32 41 )
0 55 ( 0 14 55 ) ( 0 32 55 )
0 56 ( 0 13 56 ) ( 0 32 56 )
0 70 ( 0 28 70 ) ( 0 13 70 )
0 74 ( 0 55 74 ) ( 0 30 32 74 )
1 2 ( 1 70 2 ) ( 1 28 2 )
1 3 ( 1 41 3 ) ( 1 67 3 )
1 4 ( 1 62 4 ) ( 1 52 4 )
1 5 ( 1 9 5 ) ( 1 41 36 5 )
1 6 ( 1 10 6 ) ( 1 39 6 )
1 7 ( 1 57 7 ) ( 1 45 7 )
1 8 ( 1 15 8 ) ( 1 45 8 )
1 9 ( 1 10 9 ) ( 1 34 9 )
1 10 ( 1 9 10 ) ( 1 31 10 )
1 11 ( 1 61 11 ) ( 1 44 11 )
1 12 ( 1 70 12 ) ( 1 37 12 )
1 13 ( 1 32 13 ) ( 1 28 13 )
1 14 ( 1 13 14 ) ( 1 30 14 )
1 15 ( 1 45 15 ) ( 1 5 15 )
1 16 ( 1 41 16 ) ( 1 45 16 )
1 17 ( 1 9 17 ) ( 1 10 17 )
1 23 ( 1 17 23 ) ( 1 41 23 )
1 28 ( 1 70 28 ) ( 1 31 34 28 )
1 30 ( 1 28 30 ) ( 1 10 30 )
1 31 ( 1 34 31 ) ( 1 28 31 )
1 32 ( 1 28 32 ) ( 1 70 32 )
1 34 ( 1 28 34 ) ( 1 64 34 )
1 38 ( 1 31 38 ) ( 1 70 38 )
1 39 ( 1 10 39 ) ( 1 28 39 )
1 49 ( 1 9 49 ) ( 1 64 49 )
1 64 ( 1 9 64 ) ( 1 34 64 )
1 70 ( 1 31 70 ) ( 1 32 70 )
2 3 ( 2 22 3 ) ( 2 71 3 )
2 4 ( 2 25 4 ) ( 2 53 4 )
2 6 ( 2 69 6 ) ( 2 66 6 )
2 12 ( 2 66 12 ) ( 2 37 12 )
2 13 ( 2 74 13 ) ( 2 30 13 )
2 25 ( 2 66 25 ) ( 2 12 25 )
2 56 ( 2 12 56 ) ( 2 54 56 )
2 66 ( 2 25 66 ) ( 2 56 12 66 )
3 4 ( 3 71 4 ) ( 3 16 4 )
3 5 ( 3 46 15 5 ) ( 3 21 5 )
3 6 ( 3 19 6 ) ( 3 51 6 )
3 7 ( 3 48 7 ) ( 3 67 7 )
3 8 ( 3 44 8 ) ( 3 11 8 )
3 9 ( 3 45 9 ) ( 3 16 9 )
3 11 ( 3 48 11 ) ( 3 50 11 )
3 15 ( 3 46 15 ) ( 3 48 15 )
3 16 ( 3 7 16 ) ( 3 15 16 )
3 17 ( 3 48 17 ) ( 3 16 17 )
3 18 ( 3 48 18 ) ( 3 46 16 18 )
3 21 ( 3 48 21 ) ( 3 67 16 21 )
3 22 ( 3 71 22 ) ( 3 48 40 22 )
3 23 ( 3 48 15 23 ) ( 3 43 23 )
3 24 ( 3 50 24 ) ( 3 73 24 )
3 27 ( 3 50 27 ) ( 3 8 27 )
3 33 ( 3 44 33 ) ( 3 48 46 33 )
3 36 ( 3 67 36 ) ( 3 48 36 )
3 41 ( 3 48 41 ) ( 3 46 41 )
3 43 ( 3 46 43 ) ( 3 48 43 )
3 44 ( 3 33 44 ) ( 3 11 44 )
3 46 ( 3 50 46 ) ( 3 7 46 )
3 48 ( 3 18 48 ) ( 3 67 46 48 )
3 50 ( 3 48 50 ) ( 3 46 50 )
4 5 ( 4 62 5 ) ( 4 40 22 5 )
4 6 ( 4 62 6 ) ( 4 60 6 )
4 19 ( 4 47 19 ) ( 4 22 19 )
4 22 ( 4 40 22 ) ( 4 62 22 )
5 7 ( 5 15 7 ) ( 5 21 7 )
5 8 ( 5 15 8 ) ( 5 43 8 )
5 11 ( 5 7 11 ) ( 5 15 44 11 )
5 15 ( 5 43 57 15 ) ( 5 7 15 )
5 16 ( 5 36 16 ) ( 5 67 16 )
5 18 ( 5 16 18 ) ( 5 46 18 )
6 19 ( 6 51 19 ) ( 6 47 19 )
7 8 ( 7 33 8 ) ( 7 11 8 )
7 11 ( 7 61 33 11 ) ( 7 73 11 )
7 15 ( 7 21 15 ) ( 7 43 15 )
7 16 ( 7 21 16 ) ( 7 15 16 )
7 18 ( 7 48 18 ) ( 7 3 18 )
8 11 ( 8 44 11 ) ( 8 50 11 )
8 15 ( 8 7 15 ) ( 8 21 15 )
8 16 ( 8 46 16 ) ( 8 44 16 )
8 18 ( 8 3 18 ) ( 8 48 18 )
9 10 ( 9 49 10 ) ( 9 17 52 10 )
11 15 ( 11 33 15 ) ( 11 21 15 )

EOF