DIMENSIONS
20 sommetsG2
18 sommetsG1
95 dem

SOMMETS
0  London  C  51.52  -0.1
1  Glasgow  C  55.87  -4.27
2  Birmingham  C  52.48  -1.91
3  Liverpool  C  53.42  -2.99
4  Edinburgh  C  55.95  -3.22
5  Sheffield  C  53.39  -1.48
6  Leeds  C  53.81  -1.55
7  Bristol  T  51.46  -2.6
8  Manchester  C  53.48  -2.25
9  Leicester  C  52.64  -1.13
10  Kingston-upon-hull  C  53.75  -0.36
11  Coventry  C  52.42  -1.5
12  Bradford  C  53.8  -1.75
13  Cardiff  C  51.48  -3.18
14  Nottingham  C  52.97  -1.18
15  Stoke-on-trent  C  53.01  -2.19
16  Wolverhampton  T  52.59  -2.15
17  Plymouth  C  50.38  -4.16
18  Belfast  C  54.6  -5.93
19  Derby  C  52.92  -1.5

DEMANDES
0 1 ( 0 9 1 ) ( 0 14 1 )
0 2 ( 0 9 2 ) ( 0 19 2 )
0 3 ( 0 19 3 ) ( 0 15 8 3 )
0 4 ( 0 9 4 ) ( 0 19 4 )
0 5 ( 0 9 5 ) ( 0 19 5 )
0 6 ( 0 5 6 ) ( 0 12 6 )
0 8 ( 0 11 8 ) ( 0 15 8 )
0 9 ( 0 11 9 ) ( 0 14 19 9 )
0 10 ( 0 19 10 ) ( 0 14 9 10 )
0 11 ( 0 2 11 ) ( 0 9 19 11 )
0 12 ( 0 14 12 ) ( 0 9 12 )
0 13 ( 0 2 13 ) ( 0 14 11 13 )
0 14 ( 0 9 14 ) ( 0 19 14 )
0 15 ( 0 11 15 ) ( 0 2 15 )
0 17 ( 0 19 17 ) ( 0 14 17 )
0 18 ( 0 2 18 ) ( 0 11 15 18 )
0 19 ( 0 11 19 ) ( 0 5 19 )
1 2 ( 1 8 2 ) ( 1 3 2 )
1 3 ( 1 15 3 ) ( 1 5 3 )
1 4 ( 1 18 4 ) ( 1 3 4 )
1 5 ( 1 6 5 ) ( 1 8 19 5 )
1 6 ( 1 12 6 ) ( 1 4 6 )
1 8 ( 1 3 8 ) ( 1 4 8 )
1 9 ( 1 8 9 ) ( 1 5 9 )
1 10 ( 1 6 10 ) ( 1 8 12 10 )
1 11 ( 1 8 11 ) ( 1 15 11 )
1 12 ( 1 6 12 ) ( 1 8 12 )
1 13 ( 1 3 13 ) ( 1 8 13 )
1 14 ( 1 12 14 ) ( 1 6 14 )
1 15 ( 1 6 15 ) ( 1 5 15 )
1 18 ( 1 3 18 ) ( 1 6 18 )
1 19 ( 1 12 19 ) ( 1 5 19 )
2 3 ( 2 15 3 ) ( 2 5 3 )
2 4 ( 2 8 4 ) ( 2 15 4 )
2 5 ( 2 19 14 5 ) ( 2 9 5 )
2 6 ( 2 5 6 ) ( 2 19 6 )
2 8 ( 2 15 8 ) ( 2 11 8 )
2 9 ( 2 11 9 ) ( 2 19 9 )
2 10 ( 2 19 10 ) ( 2 11 10 )
2 11 ( 2 19 11 ) ( 2 9 11 )
2 12 ( 2 19 12 ) ( 2 6 12 )
2 13 ( 2 15 13 ) ( 2 19 13 )
2 14 ( 2 19 14 ) ( 2 11 14 )
2 15 ( 2 11 15 ) ( 2 8 15 )
2 17 ( 2 15 17 ) ( 2 19 17 )
2 18 ( 2 3 18 ) ( 2 8 18 )
2 19 ( 2 14 19 ) ( 2 15 19 )
3 4 ( 3 8 4 ) ( 3 15 4 )
3 5 ( 3 8 5 ) ( 3 19 5 )
3 6 ( 3 12 6 ) ( 3 5 6 )
3 8 ( 3 5 8 ) ( 3 2 8 )
3 9 ( 3 15 9 ) ( 3 8 9 )
3 11 ( 3 8 11 ) ( 3 19 11 )
3 12 ( 3 5 12 ) ( 3 19 12 )
3 13 ( 3 2 13 ) ( 3 19 13 )
3 14 ( 3 15 14 ) ( 3 2 14 )
3 15 ( 3 8 15 ) ( 3 2 15 )
3 19 ( 3 15 19 ) ( 3 5 19 )
5 6 ( 5 12 6 ) ( 5 19 6 )
5 8 ( 5 12 8 ) ( 5 6 8 )
5 9 ( 5 14 9 ) ( 5 6 9 )
5 10 ( 5 6 10 ) ( 5 19 14 10 )
5 11 ( 5 19 11 ) ( 5 15 11 )
5 12 ( 5 8 12 ) ( 5 14 12 )
5 14 ( 5 12 14 ) ( 5 15 14 )
5 15 ( 5 8 15 ) ( 5 12 15 )
5 19 ( 5 14 19 ) ( 5 6 19 )
6 8 ( 6 12 8 ) ( 6 15 5 8 )
6 9 ( 6 19 9 ) ( 6 12 9 )
6 10 ( 6 5 10 ) ( 6 9 10 )
6 11 ( 6 12 11 ) ( 6 9 19 11 )
6 12 ( 6 5 8 12 ) ( 6 19 12 )
6 14 ( 6 9 14 ) ( 6 19 5 14 )
6 15 ( 6 12 15 ) ( 6 5 15 )
6 19 ( 6 8 19 ) ( 6 14 9 19 )
8 9 ( 8 19 9 ) ( 8 5 9 )
8 11 ( 8 15 11 ) ( 8 9 11 )
8 12 ( 8 5 12 ) ( 8 15 6 12 )
8 14 ( 8 19 14 ) ( 8 5 14 )
8 15 ( 8 5 15 ) ( 8 2 15 )
8 19 ( 8 15 19 ) ( 8 2 19 )
9 10 ( 9 11 10 ) ( 9 5 6 10 )
9 11 ( 9 19 11 ) ( 9 2 11 )
9 12 ( 9 14 12 ) ( 9 11 5 12 )
9 14 ( 9 19 14 ) ( 9 11 14 )
9 15 ( 9 14 15 ) ( 9 12 6 15 )
9 19 ( 9 14 19 ) ( 9 5 19 )
10 14 ( 10 9 14 ) ( 10 5 14 )
11 14 ( 11 19 14 ) ( 11 15 14 )
11 15 ( 11 9 15 ) ( 11 14 19 15 )
11 19 ( 11 15 19 ) ( 11 6 19 )
12 14 ( 12 6 14 ) ( 12 9 14 )
12 15 ( 12 8 15 ) ( 12 19 15 )
12 19 ( 12 5 19 ) ( 12 6 19 )
14 15 ( 14 19 15 ) ( 14 2 15 )

EOF