DIMENSIONS
55 sommetsG2
50 sommetsG1
100 dem

SOMMETS
0  London  C  51.52  -0.1
1  Glasgow  C  55.87  -4.27
2  Birmingham  C  52.48  -1.91
3  Liverpool  C  53.42  -2.99
4  Edinburgh  C  55.95  -3.22
5  Sheffield  C  53.39  -1.48
6  Leeds  C  53.81  -1.55
7  Bristol  C  51.46  -2.6
8  Manchester  C  53.48  -2.25
9  Leicester  C  52.64  -1.13
10  Kingston-upon-hull  T  53.75  -0.36
11  Coventry  C  52.42  -1.5
12  Bradford  C  53.8  -1.75
13  Cardiff  C  51.48  -3.18
14  Nottingham  C  52.97  -1.18
15  Stoke-on-trent  C  53.01  -2.19
16  Wolverhampton  C  52.59  -2.15
17  Plymouth  C  50.38  -4.16
18  Belfast  C  54.6  -5.93
19  Derby  C  52.92  -1.5
20  Reading  C  51.45  -0.98
21  Southampton  T  50.91  -1.41
22  Dudley  C  52.5  -2.08
23  Aberdeen  C  57.15  -2.1
24  Newcastle-upon-tyne  C  55  -1.6
25  Preston  C  53.76  -2.73
26  Luton  C  51.9  -0.44
27  Sunderland  C  54.91  -1.39
28  Portsmouth  C  50.81  -1.09
29  Walsall  C  52.6  -1.97
30  Norwich  C  52.65  1.28
31  Swansea  C  51.63  -3.96
32  Bournemouth  C  50.73  -1.88
33  Southend-on-sea  C  51.55  0.71
34  Swindon  C  51.57  -1.78
35  Dundee  C  56.47  -3
36  Blackpool  C  53.82  -3.06
37  Poole  C  50.72  -1.98
38  Peterborough  C  52.59  -0.25
39  West-bromwich  C  52.53  -1.97
40  Middlesbrough  C  54.58  -1.23
41  Oldbury-smethwick  C  52.51  -2.03
42  Huddersfield  C  53.66  -1.8
43  Bolton  T  53.58  -2.43
44  Stockport  C  53.42  -2.17
45  Ipswich  C  52.07  1.14
46  Motherwell  T  55.79  -4
47  York  C  53.96  -1.11
48  Oxford  C  51.76  -1.26
49  Rotherham  C  53.44  -1.35
50  Brighton  T  50.83  -0.15
51  Gloucester  C  51.86  -2.24
52  Watford  C  51.66  -0.4
53  Newport  C  51.59  -3
54  Slough  C  51.52  -0.61

DEMANDES
0 1 ( 0 9 1 ) ( 0 19 1 )
0 2 ( 0 52 2 ) ( 0 54 2 )
0 3 ( 0 15 3 ) ( 0 22 3 )
0 4 ( 0 12 4 ) ( 0 5 4 )
0 5 ( 0 14 5 ) ( 0 26 5 )
0 6 ( 0 26 6 ) ( 0 14 49 6 )
0 7 ( 0 20 7 ) ( 0 34 7 )
0 8 ( 0 19 8 ) ( 0 26 9 8 )
0 9 ( 0 52 9 ) ( 0 54 9 )
0 11 ( 0 52 54 11 ) ( 0 48 11 )
0 12 ( 0 26 12 ) ( 0 9 12 )
0 13 ( 0 54 13 ) ( 0 34 13 )
0 14 ( 0 26 14 ) ( 0 9 14 )
0 15 ( 0 11 15 ) ( 0 52 15 )
0 16 ( 0 2 16 ) ( 0 41 16 )
0 17 ( 0 54 17 ) ( 0 52 17 )
0 18 ( 0 2 18 ) ( 0 41 18 )
0 19 ( 0 26 19 ) ( 0 9 19 )
0 20 ( 0 52 20 ) ( 0 48 54 20 )
0 22 ( 0 41 22 ) ( 0 11 22 )
0 23 ( 0 24 23 ) ( 0 49 23 )
0 24 ( 0 47 24 ) ( 0 38 24 )
0 25 ( 0 8 25 ) ( 0 52 25 )
0 26 ( 0 54 26 ) ( 0 38 26 )
0 27 ( 0 26 27 ) ( 0 38 47 27 )
0 28 ( 0 52 54 28 ) ( 0 20 28 )
0 29 ( 0 2 39 29 ) ( 0 54 29 )
0 30 ( 0 26 30 ) ( 0 38 30 )
0 31 ( 0 53 31 ) ( 0 7 31 )
0 32 ( 0 54 32 ) ( 0 20 32 )
0 33 ( 0 52 33 ) ( 0 26 33 )
0 34 ( 0 54 34 ) ( 0 20 34 )
0 35 ( 0 6 35 ) ( 0 26 35 )
0 36 ( 0 15 36 ) ( 0 11 36 )
0 37 ( 0 28 37 ) ( 0 20 37 )
0 38 ( 0 52 38 ) ( 0 33 38 )
0 39 ( 0 52 39 ) ( 0 2 39 )
0 40 ( 0 38 40 ) ( 0 52 26 40 )
0 41 ( 0 39 41 ) ( 0 48 41 )
0 42 ( 0 26 42 ) ( 0 14 42 )
0 44 ( 0 26 44 ) ( 0 19 44 )
0 45 ( 0 33 45 ) ( 0 38 45 )
0 47 ( 0 26 47 ) ( 0 14 47 )
0 48 ( 0 52 48 ) ( 0 20 48 )
0 49 ( 0 14 49 ) ( 0 52 49 )
0 51 ( 0 52 51 ) ( 0 28 51 )
0 52 ( 0 20 52 ) ( 0 33 52 )
0 53 ( 0 26 48 53 ) ( 0 28 53 )
0 54 ( 0 52 54 ) ( 0 48 54 )
1 2 ( 1 25 2 ) ( 1 15 2 )
1 3 ( 1 25 3 ) ( 1 15 3 )
1 4 ( 1 35 4 ) ( 1 23 4 )
1 5 ( 1 42 5 ) ( 1 12 5 )
1 6 ( 1 12 6 ) ( 1 42 6 )
1 8 ( 1 25 8 ) ( 1 36 8 )
1 18 ( 1 4 18 ) ( 1 36 18 )
1 35 ( 1 4 35 ) ( 1 23 35 )
2 3 ( 2 22 3 ) ( 2 15 3 )
2 4 ( 2 8 4 ) ( 2 39 4 )
2 5 ( 2 19 5 ) ( 2 41 5 )
2 6 ( 2 5 6 ) ( 2 42 6 )
2 7 ( 2 41 7 ) ( 2 22 7 )
2 8 ( 2 29 8 ) ( 2 39 8 )
2 9 ( 2 19 9 ) ( 2 29 11 9 )
2 11 ( 2 39 16 11 ) ( 2 41 16 29 11 )
2 12 ( 2 29 12 ) ( 2 41 12 )
2 13 ( 2 22 13 ) ( 2 41 53 13 )
2 14 ( 2 39 14 ) ( 2 29 14 )
2 15 ( 2 39 15 ) ( 2 41 15 )
2 16 ( 2 41 16 ) ( 2 22 16 )
2 19 ( 2 39 19 ) ( 2 11 19 )
2 20 ( 2 11 20 ) ( 2 29 20 )
2 22 ( 2 16 22 ) ( 2 11 22 )
2 25 ( 2 15 25 ) ( 2 39 29 25 )
2 26 ( 2 39 26 ) ( 2 22 26 )
2 28 ( 2 34 28 ) ( 2 39 48 28 )
2 29 ( 2 39 29 ) ( 2 41 16 29 )
2 32 ( 2 22 32 ) ( 2 11 34 32 )
2 34 ( 2 39 34 ) ( 2 41 34 )
2 38 ( 2 11 38 ) ( 2 22 38 )
2 39 ( 2 41 39 ) ( 2 22 39 )
2 41 ( 2 16 41 ) ( 2 15 41 )
2 42 ( 2 41 42 ) ( 2 22 42 )
2 44 ( 2 29 44 ) ( 2 39 44 )
2 48 ( 2 11 48 ) ( 2 41 22 48 )
2 49 ( 2 5 49 ) ( 2 39 49 )
2 51 ( 2 39 51 ) ( 2 41 22 51 )
2 53 ( 2 41 53 ) ( 2 22 53 )
3 5 ( 3 42 5 ) ( 3 25 5 )
3 6 ( 3 8 6 ) ( 3 25 6 )
3 8 ( 3 44 8 ) ( 3 15 8 )
3 15 ( 3 8 15 ) ( 3 36 25 15 )
5 6 ( 5 49 6 ) ( 5 42 6 )
5 8 ( 5 44 8 ) ( 5 42 12 8 )
5 9 ( 5 14 9 ) ( 5 49 9 )
5 11 ( 5 19 11 ) ( 5 29 11 )
5 12 ( 5 6 12 ) ( 5 42 8 12 )
5 14 ( 5 49 14 ) ( 5 9 14 )
6 8 ( 6 44 8 ) ( 6 12 42 8 )
6 12 ( 6 47 12 ) ( 6 44 12 )

EOF