DIMENSIONS
65 sommetsG2
60 sommetsG1
60 dem

SOMMETS
0  London  C  51.52  -0.1
1  Glasgow  C  55.87  -4.27
2  Birmingham  C  52.48  -1.91
3  Liverpool  C  53.42  -2.99
4  Edinburgh  C  55.95  -3.22
5  Sheffield  C  53.39  -1.48
6  Leeds  C  53.81  -1.55
7  Bristol  C  51.46  -2.6
8  Manchester  C  53.48  -2.25
9  Leicester  C  52.64  -1.13
10  Kingston-upon-hull  C  53.75  -0.36
11  Coventry  C  52.42  -1.5
12  Bradford  C  53.8  -1.75
13  Cardiff  C  51.48  -3.18
14  Nottingham  C  52.97  -1.18
15  Stoke-on-trent  C  53.01  -2.19
16  Wolverhampton  C  52.59  -2.15
17  Plymouth  C  50.38  -4.16
18  Belfast  C  54.6  -5.93
19  Derby  C  52.92  -1.5
20  Reading  C  51.45  -0.98
21  Southampton  C  50.91  -1.41
22  Dudley  C  52.5  -2.08
23  Aberdeen  C  57.15  -2.1
24  Newcastle-upon-tyne  C  55  -1.6
25  Preston  T  53.76  -2.73
26  Luton  C  51.9  -0.44
27  Sunderland  C  54.91  -1.39
28  Portsmouth  C  50.81  -1.09
29  Walsall  C  52.6  -1.97
30  Norwich  C  52.65  1.28
31  Swansea  C  51.63  -3.96
32  Bournemouth  C  50.73  -1.88
33  Southend-on-sea  C  51.55  0.71
34  Swindon  C  51.57  -1.78
35  Dundee  C  56.47  -3
36  Blackpool  C  53.82  -3.06
37  Poole  C  50.72  -1.98
38  Peterborough  C  52.59  -0.25
39  West-bromwich  C  52.53  -1.97
40  Middlesbrough  C  54.58  -1.23
41  Oldbury-smethwick  C  52.51  -2.03
42  Huddersfield  C  53.66  -1.8
43  Bolton  C  53.58  -2.43
44  Stockport  C  53.42  -2.17
45  Ipswich  C  52.07  1.14
46  Motherwell  C  55.79  -4
47  York  C  53.96  -1.11
48  Oxford  C  51.76  -1.26
49  Rotherham  C  53.44  -1.35
50  Brighton  T  50.83  -0.15
51  Gloucester  T  51.86  -2.24
52  Watford  C  51.66  -0.4
53  Newport  C  51.59  -3
54  Slough  T  51.52  -0.61
55  Basildon  C  51.57  0.46
56  Sutton-coldfield  C  52.56  -1.84
57  Blackburn  C  53.75  -2.49
58  Saint-helens  C  53.46  -2.75
59  Oldham  T  53.55  -2.12
60  Woking-byfleet  C  51.32  -0.57
61  Northampton  C  52.24  -0.9
62  Chelmsford  C  51.73  0.47
63  Colchester  C  51.88  0.9
64  Cambridge  C  52.21  0.13

DEMANDES
0 1 ( 0 26 1 ) ( 0 9 1 )
0 2 ( 0 26 2 ) ( 0 61 2 )
0 3 ( 0 11 3 ) ( 0 29 3 )
0 4 ( 0 26 14 4 ) ( 0 6 4 )
0 5 ( 0 9 5 ) ( 0 49 5 )
0 6 ( 0 26 6 ) ( 0 14 6 )
0 7 ( 0 34 7 ) ( 0 52 7 )
0 8 ( 0 26 8 ) ( 0 19 8 )
0 9 ( 0 38 9 ) ( 0 20 9 )
0 10 ( 0 38 10 ) ( 0 64 10 )
0 11 ( 0 61 11 ) ( 0 48 11 )
0 12 ( 0 49 12 ) ( 0 61 12 )
0 13 ( 0 7 13 ) ( 0 20 13 )
0 14 ( 0 26 14 ) ( 0 9 14 )
0 15 ( 0 11 15 ) ( 0 52 15 )
0 16 ( 0 41 16 ) ( 0 39 16 )
0 17 ( 0 20 17 ) ( 0 21 17 )
0 18 ( 0 2 18 ) ( 0 16 18 )
0 19 ( 0 26 19 ) ( 0 61 19 )
0 20 ( 0 60 20 ) ( 0 26 20 )
0 21 ( 0 20 21 ) ( 0 60 28 21 )
0 22 ( 0 2 22 ) ( 0 11 22 )
0 23 ( 0 40 23 ) ( 0 47 23 )
0 24 ( 0 40 24 ) ( 0 38 24 )
0 26 ( 0 52 60 26 ) ( 0 64 26 )
0 27 ( 0 40 27 ) ( 0 47 27 )
0 28 ( 0 52 28 ) ( 0 26 60 28 )
0 29 ( 0 52 29 ) ( 0 56 29 )
0 30 ( 0 62 30 ) ( 0 64 30 )
0 31 ( 0 53 31 ) ( 0 20 31 )
0 32 ( 0 21 32 ) ( 0 28 32 )
0 33 ( 0 62 55 33 ) ( 0 63 33 )
0 34 ( 0 60 34 ) ( 0 26 20 34 )
0 36 ( 0 15 36 ) ( 0 52 36 )
0 37 ( 0 21 37 ) ( 0 28 32 37 )
0 38 ( 0 52 38 ) ( 0 62 38 )
0 39 ( 0 52 39 ) ( 0 11 39 )
0 40 ( 0 47 40 ) ( 0 38 40 )
0 41 ( 0 2 41 ) ( 0 39 41 )
0 42 ( 0 9 42 ) ( 0 19 42 )
0 43 ( 0 8 43 ) ( 0 9 43 )
0 44 ( 0 26 44 ) ( 0 19 44 )
0 45 ( 0 62 45 ) ( 0 55 45 )
0 47 ( 0 38 47 ) ( 0 61 47 )
0 48 ( 0 52 48 ) ( 0 20 48 )
0 49 ( 0 52 49 ) ( 0 9 49 )
0 52 ( 0 26 52 ) ( 0 60 52 )
0 53 ( 0 34 53 ) ( 0 7 53 )
0 55 ( 0 33 55 ) ( 0 64 55 )
0 56 ( 0 26 56 ) ( 0 61 56 )
0 57 ( 0 44 57 ) ( 0 8 57 )
0 58 ( 0 26 58 ) ( 0 56 58 )
0 60 ( 0 28 60 ) ( 0 64 26 60 )
0 61 ( 0 52 61 ) ( 0 60 61 )
0 62 ( 0 52 62 ) ( 0 64 62 )
0 63 ( 0 55 63 ) ( 0 33 63 )
0 64 ( 0 26 64 ) ( 0 62 64 )
1 4 ( 1 35 4 ) ( 1 23 4 )
2 5 ( 2 56 5 ) ( 2 19 5 )
2 8 ( 2 29 8 ) ( 2 39 8 )

EOF