DIMENSIONS
80 sommetsG2
75 sommetsG1
140 dem

SOMMETS
0  London  C  51.52  -0.1
1  Glasgow  C  55.87  -4.27
2  Birmingham  C  52.48  -1.91
3  Liverpool  C  53.42  -2.99
4  Edinburgh  C  55.95  -3.22
5  Sheffield  C  53.39  -1.48
6  Leeds  C  53.81  -1.55
7  Bristol  C  51.46  -2.6
8  Manchester  C  53.48  -2.25
9  Leicester  C  52.64  -1.13
10  Kingston-upon-hull  C  53.75  -0.36
11  Coventry  C  52.42  -1.5
12  Bradford  C  53.8  -1.75
13  Cardiff  C  51.48  -3.18
14  Nottingham  C  52.97  -1.18
15  Stoke-on-trent  C  53.01  -2.19
16  Wolverhampton  C  52.59  -2.15
17  Plymouth  C  50.38  -4.16
18  Belfast  C  54.6  -5.93
19  Derby  C  52.92  -1.5
20  Reading  C  51.45  -0.98
21  Southampton  C  50.91  -1.41
22  Dudley  C  52.5  -2.08
23  Aberdeen  C  57.15  -2.1
24  Newcastle-upon-tyne  C  55  -1.6
25  Preston  C  53.76  -2.73
26  Luton  C  51.9  -0.44
27  Sunderland  C  54.91  -1.39
28  Portsmouth  C  50.81  -1.09
29  Walsall  C  52.6  -1.97
30  Norwich  C  52.65  1.28
31  Swansea  T  51.63  -3.96
32  Bournemouth  C  50.73  -1.88
33  Southend-on-sea  C  51.55  0.71
34  Swindon  C  51.57  -1.78
35  Dundee  C  56.47  -3
36  Blackpool  C  53.82  -3.06
37  Poole  C  50.72  -1.98
38  Peterborough  C  52.59  -0.25
39  West-bromwich  C  52.53  -1.97
40  Middlesbrough  C  54.58  -1.23
41  Oldbury-smethwick  C  52.51  -2.03
42  Huddersfield  C  53.66  -1.8
43  Bolton  C  53.58  -2.43
44  Stockport  C  53.42  -2.17
45  Ipswich  C  52.07  1.14
46  Motherwell  C  55.79  -4
47  York  C  53.96  -1.11
48  Oxford  C  51.76  -1.26
49  Rotherham  C  53.44  -1.35
50  Brighton  C  50.83  -0.15
51  Gloucester  C  51.86  -2.24
52  Watford  C  51.66  -0.4
53  Newport  C  51.59  -3
54  Slough  C  51.52  -0.61
55  Basildon  C  51.57  0.46
56  Sutton-coldfield  C  52.56  -1.84
57  Blackburn  C  53.75  -2.49
58  Saint-helens  C  53.46  -2.75
59  Oldham  C  53.55  -2.12
60  Woking-byfleet  C  51.32  -0.57
61  Northampton  C  52.24  -0.9
62  Chelmsford  T  51.73  0.47
63  Colchester  T  51.88  0.9
64  Cambridge  C  52.21  0.13
65  Eastbourne  C  50.78  0.27
66  Worthing  C  50.82  -0.38
67  Exeter  T  50.73  -3.54
68  Gillingham  C  51.39  0.55
69  Solihull  C  52.42  -1.78
70  Halifax  C  53.73  -1.88
71  Cheltenham  C  51.9  -2.09
72  Maidstone  T  51.28  0.51
73  Rochdale  C  53.62  -2.16
74  Crawley  C  51.13  -0.2
75  Southport  C  53.66  -3.01
76  Falkirk  C  56.02  -3.79
77  Birkenhead  C  53.39  -3.04
78  Grimsby  C  53.57  -0.11
79  Darlington  C  54.52  -1.57

DEMANDES
0 1 ( 0 73 1 ) ( 0 9 1 )
0 2 ( 0 69 2 ) ( 0 52 2 )
0 3 ( 0 52 3 ) ( 0 29 3 )
0 4 ( 0 49 4 ) ( 0 42 4 )
0 5 ( 0 14 5 ) ( 0 26 5 )
0 6 ( 0 49 6 ) ( 0 14 6 )
0 7 ( 0 54 34 7 ) ( 0 52 48 7 )
0 8 ( 0 26 8 ) ( 0 19 8 )
0 9 ( 0 54 9 ) ( 0 60 9 )
0 10 ( 0 78 10 ) ( 0 26 10 )
0 11 ( 0 26 11 ) ( 0 48 11 )
0 12 ( 0 49 12 ) ( 0 9 12 )
0 13 ( 0 53 13 ) ( 0 52 13 )
0 14 ( 0 9 14 ) ( 0 61 14 )
0 15 ( 0 52 15 ) ( 0 61 15 )
0 16 ( 0 41 16 ) ( 0 22 16 )
0 17 ( 0 60 17 ) ( 0 20 17 )
0 18 ( 0 2 18 ) ( 0 39 18 )
0 19 ( 0 9 19 ) ( 0 26 61 19 )
0 20 ( 0 54 20 ) ( 0 52 20 )
0 21 ( 0 54 21 ) ( 0 60 28 21 )
0 22 ( 0 41 22 ) ( 0 52 39 22 )
0 23 ( 0 40 23 ) ( 0 24 23 )
0 24 ( 0 27 24 ) ( 0 52 24 )
0 25 ( 0 26 61 25 ) ( 0 52 25 )
0 26 ( 0 64 26 ) ( 0 55 26 )
0 27 ( 0 38 27 ) ( 0 49 27 )
0 28 ( 0 60 28 ) ( 0 74 28 )
0 29 ( 0 52 29 ) ( 0 69 29 )
0 30 ( 0 64 30 ) ( 0 74 30 )
0 32 ( 0 21 32 ) ( 0 54 32 )
0 33 ( 0 68 55 33 ) ( 0 74 33 )
0 34 ( 0 54 34 ) ( 0 20 34 )
0 35 ( 0 6 35 ) ( 0 5 35 )
0 36 ( 0 52 36 ) ( 0 58 36 )
0 37 ( 0 60 37 ) ( 0 21 37 )
0 38 ( 0 26 38 ) ( 0 52 38 )
0 39 ( 0 52 39 ) ( 0 11 39 )
0 40 ( 0 47 40 ) ( 0 26 40 )
0 41 ( 0 2 41 ) ( 0 26 41 )
0 42 ( 0 14 42 ) ( 0 52 42 )
0 43 ( 0 44 8 43 ) ( 0 19 43 )
0 44 ( 0 61 44 ) ( 0 9 44 )
0 45 ( 0 33 45 ) ( 0 68 45 )
0 46 ( 0 73 46 ) ( 0 61 46 )
0 47 ( 0 26 47 ) ( 0 38 47 )
0 48 ( 0 20 48 ) ( 0 60 48 )
0 49 ( 0 26 49 ) ( 0 52 49 )
0 50 ( 0 60 50 ) ( 0 54 50 )
0 51 ( 0 48 51 ) ( 0 71 51 )
0 52 ( 0 60 52 ) ( 0 74 52 )
0 53 ( 0 34 53 ) ( 0 54 20 53 )
0 54 ( 0 52 54 ) ( 0 60 54 )
0 55 ( 0 52 55 ) ( 0 64 55 )
0 56 ( 0 61 56 ) ( 0 52 26 56 )
0 57 ( 0 44 57 ) ( 0 9 57 )
0 58 ( 0 52 58 ) ( 0 61 58 )
0 59 ( 0 52 59 ) ( 0 11 59 )
0 60 ( 0 54 52 60 ) ( 0 50 60 )
0 61 ( 0 52 61 ) ( 0 74 54 61 )
0 64 ( 0 26 64 ) ( 0 55 64 )
0 65 ( 0 74 65 ) ( 0 55 65 )
0 66 ( 0 54 66 ) ( 0 65 66 )
0 68 ( 0 33 68 ) ( 0 74 68 )
0 69 ( 0 26 69 ) ( 0 20 69 )
0 70 ( 0 26 70 ) ( 0 42 70 )
0 71 ( 0 20 71 ) ( 0 51 71 )
0 73 ( 0 61 73 ) ( 0 52 73 )
0 74 ( 0 52 74 ) ( 0 55 74 )
0 75 ( 0 58 75 ) ( 0 15 75 )
0 76 ( 0 42 76 ) ( 0 9 76 )
0 77 ( 0 52 77 ) ( 0 69 77 )
0 78 ( 0 38 78 ) ( 0 26 78 )
0 79 ( 0 26 79 ) ( 0 49 79 )
1 2 ( 1 25 2 ) ( 1 15 2 )
1 3 ( 1 75 3 ) ( 1 36 3 )
1 4 ( 1 76 4 ) ( 1 46 4 )
1 5 ( 1 70 5 ) ( 1 42 5 )
1 6 ( 1 46 6 ) ( 1 76 6 )
1 8 ( 1 57 8 ) ( 1 43 8 )
1 18 ( 1 46 18 ) ( 1 76 18 )
1 35 ( 1 76 35 ) ( 1 4 35 )
1 46 ( 1 18 46 ) ( 1 75 36 46 )
1 76 ( 1 46 76 ) ( 1 4 35 76 )
2 3 ( 2 29 15 3 ) ( 2 39 58 3 )
2 4 ( 2 29 8 4 ) ( 2 57 4 )
2 5 ( 2 56 5 ) ( 2 39 5 )
2 6 ( 2 39 6 ) ( 2 19 6 )
2 7 ( 2 22 7 ) ( 2 56 7 )
2 8 ( 2 29 8 ) ( 2 41 8 )
2 9 ( 2 56 9 ) ( 2 39 56 11 9 )
2 10 ( 2 14 10 ) ( 2 19 10 )
2 11 ( 2 29 56 11 ) ( 2 41 11 )
2 12 ( 2 70 12 ) ( 2 15 12 )
2 13 ( 2 41 53 13 ) ( 2 51 13 )
2 14 ( 2 11 14 ) ( 2 41 14 )
2 15 ( 2 39 29 15 ) ( 2 41 15 )
2 16 ( 2 39 16 ) ( 2 41 16 )
2 19 ( 2 56 19 ) ( 2 29 19 )
2 20 ( 2 69 20 ) ( 2 56 20 )
2 21 ( 2 34 21 ) ( 2 71 21 )
2 22 ( 2 41 22 ) ( 2 16 22 )
2 25 ( 2 15 25 ) ( 2 58 25 )
2 26 ( 2 69 61 26 ) ( 2 56 26 )
2 28 ( 2 48 28 ) ( 2 21 28 )
2 29 ( 2 39 29 ) ( 2 16 22 29 )
2 32 ( 2 71 32 ) ( 2 69 32 )
2 34 ( 2 69 34 ) ( 2 41 34 )
2 38 ( 2 11 38 ) ( 2 56 38 )
2 39 ( 2 56 39 ) ( 2 69 39 )
2 41 ( 2 39 41 ) ( 2 22 41 )
2 42 ( 2 39 42 ) ( 2 41 42 )
2 43 ( 2 29 43 ) ( 2 39 43 )
2 44 ( 2 29 44 ) ( 2 39 15 44 )
2 48 ( 2 69 48 ) ( 2 41 48 )
2 49 ( 2 56 49 ) ( 2 5 49 )
2 51 ( 2 71 51 ) ( 2 39 51 )
2 53 ( 2 41 22 53 ) ( 2 51 53 )
2 56 ( 2 29 56 ) ( 2 41 39 56 )
2 58 ( 2 39 58 ) ( 2 41 58 )
2 59 ( 2 29 59 ) ( 2 39 59 )
2 61 ( 2 69 61 ) ( 2 56 61 )
2 69 ( 2 56 69 ) ( 2 39 69 )
2 71 ( 2 69 71 ) ( 2 22 71 )
2 73 ( 2 59 73 ) ( 2 39 73 )
3 5 ( 3 58 5 ) ( 3 8 5 )
3 6 ( 3 43 6 ) ( 3 70 6 )
3 8 ( 3 44 8 ) ( 3 57 8 )
3 15 ( 3 58 15 ) ( 3 43 15 )
5 6 ( 5 12 6 ) ( 5 42 6 )
5 8 ( 5 59 8 ) ( 5 73 8 )
5 9 ( 5 11 9 ) ( 5 19 56 9 )
5 11 ( 5 14 11 ) ( 5 56 11 )
5 12 ( 5 42 12 ) ( 5 70 12 )
5 14 ( 5 49 19 14 ) ( 5 9 14 )
5 15 ( 5 49 15 ) ( 5 44 15 )
6 8 ( 6 12 8 ) ( 6 73 8 )
6 12 ( 6 42 12 ) ( 6 70 12 )
6 14 ( 6 49 14 ) ( 6 5 14 )
7 13 ( 7 34 13 ) ( 7 37 13 )

EOF