DIMENSIONS
16 sommetsG2
14 sommetsG1
18 dem

SOMMETS
0  New-york  C  40.67  -73.94
1  Los-angeles  C  34.11  -118.41
2  Chicago  C  41.84  -87.68
3  Houston  C  29.77  -95.39
4  Philadelphia  C  40.01  -75.13
5  Phoenix  C  33.54  -112.07
6  San-diego  T  32.81  -117.14
7  San-antonio  C  29.46  -98.51
8  Dallas  C  32.79  -96.77
9  Detroit  C  42.38  -83.1
10  San-jose  C  37.3  -121.85
11  Jacksonville  C  30.33  -81.66
12  Indianapolis  C  39.78  -86.15
13  San-francisco  T  37.77  -122.45
14  Columbus  C  39.99  -82.99
15  Austin  C  30.31  -97.75

DEMANDES
0 1 ( 0 14 1 ) ( 0 5 1 )
0 2 ( 0 9 2 ) ( 0 12 2 )
0 3 ( 0 4 3 ) ( 0 12 3 )
0 4 ( 0 14 4 ) ( 0 9 4 )
0 8 ( 0 9 8 ) ( 0 2 8 )
0 9 ( 0 14 9 ) ( 0 11 9 )
0 11 ( 0 4 11 ) ( 0 9 11 )
0 12 ( 0 14 12 ) ( 0 4 12 )
0 14 ( 0 4 14 ) ( 0 2 14 )
1 5 ( 1 15 5 ) ( 1 8 5 )
1 10 ( 1 5 10 ) ( 1 7 10 )
2 9 ( 2 14 9 ) ( 2 0 9 )
2 12 ( 2 4 12 ) ( 2 14 11 12 )
2 14 ( 2 9 14 ) ( 2 11 14 )
3 7 ( 3 15 7 ) ( 3 2 12 7 )
3 8 ( 3 7 2 8 ) ( 3 5 8 )
3 15 ( 3 8 15 ) ( 3 12 15 )
7 15 ( 7 3 15 ) ( 7 5 15 )

EOF