DIMENSIONS
25 sommetsG2
20 sommetsG1
60 dem

SOMMETS
0  New-york  C  40.67  -73.94
1  Los-angeles  C  34.11  -118.41
2  Chicago  C  41.84  -87.68
3  Houston  C  29.77  -95.39
4  Philadelphia  T  40.01  -75.13
5  Phoenix  C  33.54  -112.07
6  San-diego  C  32.81  -117.14
7  San-antonio  C  29.46  -98.51
8  Dallas  C  32.79  -96.77
9  Detroit  T  42.38  -83.1
10  San-jose  C  37.3  -121.85
11  Jacksonville  C  30.33  -81.66
12  Indianapolis  C  39.78  -86.15
13  San-francisco  C  37.77  -122.45
14  Columbus  C  39.99  -82.99
15  Austin  C  30.31  -97.75
16  Memphis  C  35.11  -90.01
17  Baltimore  C  39.3  -76.61
18  Fort-worth  C  32.75  -97.34
19  El-paso  T  31.85  -106.44
20  Charlotte  C  35.2  -80.83
21  Milwaukee  T  43.06  -87.97
22  Boston  T  42.34  -71.02
23  Seattle  C  47.62  -122.35
24  Denver  C  39.77  -104.87

DEMANDES
0 1 ( 0 14 1 ) ( 0 17 1 )
0 2 ( 0 12 2 ) ( 0 20 2 )
0 3 ( 0 17 3 ) ( 0 20 3 )
0 5 ( 0 14 5 ) ( 0 17 5 )
0 6 ( 0 5 6 ) ( 0 12 6 )
0 7 ( 0 3 7 ) ( 0 20 7 )
0 8 ( 0 16 8 ) ( 0 17 8 )
0 10 ( 0 12 10 ) ( 0 2 10 )
0 11 ( 0 17 20 11 ) ( 0 14 11 )
0 12 ( 0 17 12 ) ( 0 20 12 )
0 13 ( 0 14 12 13 ) ( 0 24 13 )
0 14 ( 0 20 14 ) ( 0 2 14 )
0 15 ( 0 17 15 ) ( 0 16 15 )
0 16 ( 0 17 16 ) ( 0 14 16 )
0 17 ( 0 20 17 ) ( 0 11 17 )
0 18 ( 0 8 18 ) ( 0 14 18 )
0 20 ( 0 17 20 ) ( 0 14 20 )
0 23 ( 0 14 23 ) ( 0 12 2 23 )
0 24 ( 0 14 24 ) ( 0 2 24 )
1 2 ( 1 24 2 ) ( 1 5 2 )
1 3 ( 1 15 3 ) ( 1 5 3 )
1 5 ( 1 13 5 ) ( 1 10 24 5 )
1 6 ( 1 24 6 ) ( 1 23 6 )
1 7 ( 1 5 7 ) ( 1 6 7 )
1 8 ( 1 18 8 ) ( 1 6 8 )
1 10 ( 1 6 10 ) ( 1 5 13 10 )
1 13 ( 1 24 13 ) ( 1 8 13 )
1 15 ( 1 5 15 ) ( 1 7 15 )
1 18 ( 1 6 18 ) ( 1 8 18 )
1 23 ( 1 10 13 23 ) ( 1 6 23 )
1 24 ( 1 5 24 ) ( 1 10 24 )
2 3 ( 2 12 16 3 ) ( 2 18 3 )
2 5 ( 2 8 18 5 ) ( 2 12 5 )
2 7 ( 2 3 15 7 ) ( 2 14 7 )
2 8 ( 2 12 8 ) ( 2 3 18 8 )
2 11 ( 2 14 11 ) ( 2 16 11 )
2 12 ( 2 16 12 ) ( 2 11 12 )
2 14 ( 2 20 14 ) ( 2 0 14 )
2 15 ( 2 8 15 ) ( 2 18 15 )
2 16 ( 2 12 16 ) ( 2 14 16 )
2 17 ( 2 14 17 ) ( 2 20 17 )
2 18 ( 2 12 18 ) ( 2 3 18 )
2 20 ( 2 12 20 ) ( 2 16 20 )
3 5 ( 3 15 5 ) ( 3 7 5 )
3 7 ( 3 15 7 ) ( 3 8 7 )
3 8 ( 3 18 8 ) ( 3 7 8 )
3 15 ( 3 7 15 ) ( 3 16 15 )
3 16 ( 3 18 16 ) ( 3 7 16 )
3 18 ( 3 8 18 ) ( 3 15 18 )
5 6 ( 5 1 6 ) ( 5 10 6 )
6 10 ( 6 23 10 ) ( 6 24 5 10 )
6 13 ( 6 10 13 ) ( 6 5 13 )
7 8 ( 7 15 8 ) ( 7 24 8 )
7 15 ( 7 3 15 ) ( 7 18 12 15 )
7 18 ( 7 8 18 ) ( 7 16 18 )
8 15 ( 8 18 15 ) ( 8 3 15 )
8 18 ( 8 15 18 ) ( 8 7 18 )
10 13 ( 10 6 13 ) ( 10 24 1 13 )
12 14 ( 12 20 14 ) ( 12 17 14 )
15 18 ( 15 8 18 ) ( 15 7 18 )

EOF