DIMENSIONS
35 sommetsG2
30 sommetsG1
55 dem

SOMMETS
0  New-york  C  40.67  -73.94
1  Los-angeles  C  34.11  -118.41
2  Chicago  C  41.84  -87.68
3  Houston  C  29.77  -95.39
4  Philadelphia  C  40.01  -75.13
5  Phoenix  C  33.54  -112.07
6  San-diego  T  32.81  -117.14
7  San-antonio  C  29.46  -98.51
8  Dallas  C  32.79  -96.77
9  Detroit  C  42.38  -83.1
10  San-jose  C  37.3  -121.85
11  Jacksonville  C  30.33  -81.66
12  Indianapolis  C  39.78  -86.15
13  San-francisco  T  37.77  -122.45
14  Columbus  C  39.99  -82.99
15  Austin  C  30.31  -97.75
16  Memphis  C  35.11  -90.01
17  Baltimore  C  39.3  -76.61
18  Fort-worth  C  32.75  -97.34
19  El-paso  C  31.85  -106.44
20  Charlotte  C  35.2  -80.83
21  Milwaukee  C  43.06  -87.97
22  Boston  C  42.34  -71.02
23  Seattle  C  47.62  -122.35
24  Denver  C  39.77  -104.87
25  Washington  C  38.91  -77.02
26  Nashville  C  36.17  -86.78
27  Portland  T  45.54  -122.66
28  Las-vegas  C  36.21  -115.22
29  Oklahoma-city  T  35.47  -97.51
30  Tucson  C  32.2  -110.89
31  Long-beach  T  33.79  -118.16
32  Albuquerque  C  35.12  -106.62
33  New-orleans  C  30.07  -89.93
34  Cleveland  C  41.48  -81.68

DEMANDES
0 1 ( 0 14 32 1 ) ( 0 25 1 )
0 2 ( 0 9 2 ) ( 0 4 2 )
0 3 ( 0 17 3 ) ( 0 4 3 )
0 4 ( 0 17 4 ) ( 0 34 4 )
0 5 ( 0 32 5 ) ( 0 14 5 )
0 7 ( 0 17 7 ) ( 0 4 7 )
0 8 ( 0 16 8 ) ( 0 4 26 8 )
0 9 ( 0 34 9 ) ( 0 25 9 )
0 11 ( 0 25 11 ) ( 0 14 11 )
0 12 ( 0 20 12 ) ( 0 2 12 )
0 14 ( 0 4 14 ) ( 0 17 14 )
0 15 ( 0 17 15 ) ( 0 25 15 )
0 16 ( 0 17 26 16 ) ( 0 20 16 )
0 17 ( 0 4 17 ) ( 0 14 17 )
0 18 ( 0 26 16 18 ) ( 0 8 18 )
0 20 ( 0 4 20 ) ( 0 25 20 )
0 21 ( 0 9 21 ) ( 0 14 21 )
0 22 ( 0 4 22 ) ( 0 17 22 )
0 25 ( 0 17 25 ) ( 0 20 25 )
0 26 ( 0 4 26 ) ( 0 17 26 )
0 33 ( 0 25 33 ) ( 0 26 33 )
0 34 ( 0 14 34 ) ( 0 17 20 34 )
1 2 ( 1 28 2 ) ( 1 24 2 )
1 3 ( 1 15 3 ) ( 1 30 3 )
1 5 ( 1 10 5 ) ( 1 32 5 )
1 7 ( 1 30 7 ) ( 1 19 7 )
1 8 ( 1 5 8 ) ( 1 30 8 )
1 10 ( 1 28 10 ) ( 1 5 10 )
1 19 ( 1 5 30 19 ) ( 1 28 19 )
1 28 ( 1 32 28 ) ( 1 19 28 )
1 30 ( 1 5 28 30 ) ( 1 19 32 30 )
2 3 ( 2 16 3 ) ( 2 8 3 )
2 4 ( 2 14 4 ) ( 2 9 4 )
2 8 ( 2 16 8 ) ( 2 21 8 )
2 9 ( 2 21 12 9 ) ( 2 34 14 9 )
2 12 ( 2 9 12 ) ( 2 16 12 )
2 14 ( 2 12 14 ) ( 2 9 14 )
2 16 ( 2 14 16 ) ( 2 12 9 16 )
2 21 ( 2 12 21 ) ( 2 9 21 )
2 26 ( 2 12 26 ) ( 2 14 34 26 )
2 34 ( 2 12 34 ) ( 2 21 34 )
3 7 ( 3 18 7 ) ( 3 8 7 )
3 8 ( 3 7 8 ) ( 3 18 15 8 )
3 15 ( 3 18 15 ) ( 3 8 7 15 )
3 18 ( 3 16 8 18 ) ( 3 33 15 18 )
4 17 ( 4 0 17 ) ( 4 22 17 )
4 25 ( 4 22 25 ) ( 4 34 25 )
5 30 ( 5 28 30 ) ( 5 1 30 )
7 8 ( 7 18 8 ) ( 7 3 8 )
7 15 ( 7 8 3 18 15 ) ( 7 19 15 )
8 15 ( 8 7 15 ) ( 8 3 15 )
8 18 ( 8 7 18 ) ( 8 16 18 )
9 14 ( 9 12 14 ) ( 9 26 14 )
9 34 ( 9 25 34 ) ( 9 20 34 )
17 25 ( 17 0 25 ) ( 17 20 25 )

EOF