DIMENSIONS
35 sommetsG2
30 sommetsG1
140 dem

SOMMETS
0  New-york  C  40.67  -73.94
1  Los-angeles  C  34.11  -118.41
2  Chicago  C  41.84  -87.68
3  Houston  C  29.77  -95.39
4  Philadelphia  C  40.01  -75.13
5  Phoenix  C  33.54  -112.07
6  San-diego  T  32.81  -117.14
7  San-antonio  C  29.46  -98.51
8  Dallas  C  32.79  -96.77
9  Detroit  C  42.38  -83.1
10  San-jose  C  37.3  -121.85
11  Jacksonville  C  30.33  -81.66
12  Indianapolis  C  39.78  -86.15
13  San-francisco  T  37.77  -122.45
14  Columbus  C  39.99  -82.99
15  Austin  C  30.31  -97.75
16  Memphis  C  35.11  -90.01
17  Baltimore  C  39.3  -76.61
18  Fort-worth  C  32.75  -97.34
19  El-paso  C  31.85  -106.44
20  Charlotte  C  35.2  -80.83
21  Milwaukee  C  43.06  -87.97
22  Boston  C  42.34  -71.02
23  Seattle  C  47.62  -122.35
24  Denver  C  39.77  -104.87
25  Washington  C  38.91  -77.02
26  Nashville  C  36.17  -86.78
27  Portland  T  45.54  -122.66
28  Las-vegas  C  36.21  -115.22
29  Oklahoma-city  T  35.47  -97.51
30  Tucson  C  32.2  -110.89
31  Long-beach  T  33.79  -118.16
32  Albuquerque  C  35.12  -106.62
33  New-orleans  C  30.07  -89.93
34  Cleveland  C  41.48  -81.68

DEMANDES
0 1 ( 0 14 1 ) ( 0 32 1 )
0 2 ( 0 9 12 21 2 ) ( 0 20 2 )
0 3 ( 0 25 3 ) ( 0 17 26 3 )
0 4 ( 0 22 4 ) ( 0 14 4 )
0 5 ( 0 12 5 ) ( 0 17 5 )
0 7 ( 0 17 7 ) ( 0 4 7 )
0 8 ( 0 26 8 ) ( 0 12 16 8 )
0 9 ( 0 4 9 ) ( 0 17 9 )
0 10 ( 0 12 10 ) ( 0 17 10 )
0 11 ( 0 17 11 ) ( 0 25 11 )
0 12 ( 0 34 9 12 ) ( 0 17 4 12 )
0 14 ( 0 4 14 ) ( 0 17 14 )
0 15 ( 0 4 15 ) ( 0 17 15 )
0 16 ( 0 26 16 ) ( 0 14 16 )
0 17 ( 0 25 17 ) ( 0 22 17 )
0 18 ( 0 8 18 ) ( 0 4 18 )
0 19 ( 0 4 19 ) ( 0 16 19 )
0 20 ( 0 25 20 ) ( 0 17 25 4 20 )
0 21 ( 0 9 21 ) ( 0 34 21 )
0 22 ( 0 4 22 ) ( 0 25 22 )
0 23 ( 0 34 23 ) ( 0 4 23 )
0 24 ( 0 14 24 ) ( 0 12 24 )
0 25 ( 0 4 25 ) ( 0 17 25 )
0 26 ( 0 17 26 ) ( 0 25 26 )
0 28 ( 0 14 28 ) ( 0 4 28 )
0 30 ( 0 4 30 ) ( 0 26 30 )
0 32 ( 0 12 32 ) ( 0 17 32 )
0 33 ( 0 4 33 ) ( 0 17 33 )
0 34 ( 0 17 34 ) ( 0 25 34 )
1 2 ( 1 32 2 ) ( 1 24 2 )
1 3 ( 1 19 3 ) ( 1 7 3 )
1 4 ( 1 17 4 ) ( 1 14 4 )
1 5 ( 1 28 5 ) ( 1 30 5 )
1 7 ( 1 19 7 ) ( 1 5 7 )
1 8 ( 1 5 8 ) ( 1 30 18 8 )
1 9 ( 1 2 9 ) ( 1 32 9 )
1 10 ( 1 28 10 ) ( 1 30 5 10 )
1 11 ( 1 33 11 ) ( 1 5 19 11 )
1 12 ( 1 28 12 ) ( 1 24 12 )
1 14 ( 1 32 14 ) ( 1 5 32 12 14 )
1 15 ( 1 19 15 ) ( 1 30 15 )
1 16 ( 1 5 32 16 ) ( 1 18 16 )
1 18 ( 1 5 18 ) ( 1 30 18 )
1 19 ( 1 30 19 ) ( 1 32 19 )
1 20 ( 1 26 20 ) ( 1 18 16 20 )
1 21 ( 1 24 21 ) ( 1 32 21 )
1 23 ( 1 10 23 ) ( 1 5 28 23 )
1 24 ( 1 28 24 ) ( 1 5 24 )
1 26 ( 1 16 26 ) ( 1 30 26 )
1 28 ( 1 5 30 28 ) ( 1 24 28 )
1 30 ( 1 28 30 ) ( 1 5 28 32 30 )
1 32 ( 1 28 32 ) ( 1 30 32 )
1 33 ( 1 5 33 ) ( 1 30 33 )
2 3 ( 2 12 16 3 ) ( 2 21 3 )
2 4 ( 2 14 4 ) ( 2 9 34 4 )
2 5 ( 2 32 5 ) ( 2 21 24 5 )
2 7 ( 2 16 15 7 ) ( 2 21 8 7 )
2 8 ( 2 18 8 ) ( 2 21 16 8 )
2 9 ( 2 34 9 ) ( 2 26 9 )
2 10 ( 2 28 10 ) ( 2 21 10 )
2 11 ( 2 21 20 11 ) ( 2 34 11 )
2 12 ( 2 26 12 ) ( 2 9 14 12 )
2 14 ( 2 12 14 ) ( 2 21 9 14 )
2 15 ( 2 8 15 ) ( 2 16 15 )
2 16 ( 2 26 16 ) ( 2 21 12 16 )
2 17 ( 2 4 17 ) ( 2 34 9 17 )
2 18 ( 2 8 18 ) ( 2 12 18 )
2 19 ( 2 8 18 19 ) ( 2 21 19 )
2 20 ( 2 21 20 ) ( 2 9 14 20 )
2 21 ( 2 12 21 ) ( 2 9 21 )
2 22 ( 2 9 22 ) ( 2 34 22 )
2 24 ( 2 21 24 ) ( 2 8 24 )
2 25 ( 2 9 25 ) ( 2 17 25 )
2 26 ( 2 21 26 ) ( 2 14 26 )
2 32 ( 2 21 32 ) ( 2 24 32 )
2 33 ( 2 16 33 ) ( 2 12 33 )
2 34 ( 2 9 34 ) ( 2 12 14 34 )
3 4 ( 3 20 25 4 ) ( 3 12 4 )
3 5 ( 3 32 5 ) ( 3 24 5 )
3 7 ( 3 15 7 ) ( 3 18 7 )
3 8 ( 3 15 8 ) ( 3 7 8 )
3 9 ( 3 16 9 ) ( 3 12 9 )
3 11 ( 3 33 11 ) ( 3 26 11 )
3 12 ( 3 16 12 ) ( 3 26 12 )
3 14 ( 3 16 14 ) ( 3 33 14 )
3 15 ( 3 7 15 ) ( 3 8 15 )
3 16 ( 3 33 16 ) ( 3 18 16 )
3 18 ( 3 8 7 18 ) ( 3 33 18 )
3 19 ( 3 15 19 ) ( 3 8 19 )
3 20 ( 3 16 20 ) ( 3 11 20 )
3 21 ( 3 2 21 ) ( 3 16 21 )
3 24 ( 3 18 24 ) ( 3 15 24 )
3 26 ( 3 33 26 ) ( 3 18 26 )
3 30 ( 3 19 30 ) ( 3 7 30 )
3 32 ( 3 7 32 ) ( 3 8 32 )
3 33 ( 3 18 33 ) ( 3 8 16 33 )
4 9 ( 4 34 9 ) ( 4 17 9 )
4 11 ( 4 25 11 ) ( 4 20 11 )
4 12 ( 4 14 12 ) ( 4 17 12 )
4 14 ( 4 17 14 ) ( 4 25 14 )
4 17 ( 4 34 17 ) ( 4 12 25 17 )
4 20 ( 4 25 20 ) ( 4 14 20 )
4 22 ( 4 0 22 ) ( 4 11 22 )
4 25 ( 4 0 25 ) ( 4 34 25 )
4 34 ( 4 0 34 ) ( 4 14 34 )
5 7 ( 5 32 7 ) ( 5 8 7 )
5 8 ( 5 19 8 ) ( 5 30 32 8 )
5 10 ( 5 1 10 ) ( 5 32 10 )
5 19 ( 5 24 19 ) ( 5 15 19 )
5 24 ( 5 30 32 24 ) ( 5 28 24 )
5 28 ( 5 30 28 ) ( 5 1 28 )
5 30 ( 5 28 30 ) ( 5 19 30 )
5 32 ( 5 19 32 ) ( 5 1 32 )
7 8 ( 7 15 8 ) ( 7 18 8 )
7 15 ( 7 3 15 ) ( 7 8 15 )
7 16 ( 7 15 8 16 ) ( 7 18 16 )
7 18 ( 7 8 18 ) ( 7 33 18 )
7 19 ( 7 15 19 ) ( 7 8 19 )
8 15 ( 8 7 15 ) ( 8 24 15 )
8 16 ( 8 7 16 ) ( 8 12 16 )
8 18 ( 8 7 18 ) ( 8 33 18 )
8 19 ( 8 15 19 ) ( 8 7 19 )
8 33 ( 8 18 33 ) ( 8 15 33 )
9 12 ( 9 14 12 ) ( 9 21 12 )
9 14 ( 9 34 14 ) ( 9 12 14 )
9 17 ( 9 34 17 ) ( 9 25 17 )
9 21 ( 9 2 21 ) ( 9 14 21 )
9 34 ( 9 14 34 ) ( 9 21 34 )
11 20 ( 11 25 20 ) ( 11 34 20 )
12 14 ( 12 9 14 ) ( 12 34 14 )
12 16 ( 12 14 16 ) ( 12 9 16 )
12 21 ( 12 2 21 ) ( 12 16 21 )
12 26 ( 12 2 26 ) ( 12 14 26 )
12 34 ( 12 2 9 34 ) ( 12 21 34 )
14 20 ( 14 34 20 ) ( 14 12 20 )
14 34 ( 14 25 34 ) ( 14 17 34 )
15 18 ( 15 8 18 ) ( 15 3 18 )
16 26 ( 16 12 26 ) ( 16 14 26 )
17 25 ( 17 4 0 25 ) ( 17 9 25 )
19 32 ( 19 30 32 ) ( 19 5 32 )

EOF