DIMENSIONS
40 sommetsG2
35 sommetsG1
130 dem

SOMMETS
0  New-york  C  40.67  -73.94
1  Los-angeles  C  34.11  -118.41
2  Chicago  C  41.84  -87.68
3  Houston  C  29.77  -95.39
4  Philadelphia  C  40.01  -75.13
5  Phoenix  C  33.54  -112.07
6  San-diego  C  32.81  -117.14
7  San-antonio  T  29.46  -98.51
8  Dallas  C  32.79  -96.77
9  Detroit  C  42.38  -83.1
10  San-jose  C  37.3  -121.85
11  Jacksonville  C  30.33  -81.66
12  Indianapolis  C  39.78  -86.15
13  San-francisco  C  37.77  -122.45
14  Columbus  C  39.99  -82.99
15  Austin  T  30.31  -97.75
16  Memphis  C  35.11  -90.01
17  Baltimore  C  39.3  -76.61
18  Fort-worth  C  32.75  -97.34
19  El-paso  C  31.85  -106.44
20  Charlotte  C  35.2  -80.83
21  Milwaukee  C  43.06  -87.97
22  Boston  C  42.34  -71.02
23  Seattle  C  47.62  -122.35
24  Denver  C  39.77  -104.87
25  Washington  C  38.91  -77.02
26  Nashville  C  36.17  -86.78
27  Portland  C  45.54  -122.66
28  Las-vegas  C  36.21  -115.22
29  Oklahoma-city  C  35.47  -97.51
30  Tucson  C  32.2  -110.89
31  Long-beach  T  33.79  -118.16
32  Albuquerque  C  35.12  -106.62
33  New-orleans  T  30.07  -89.93
34  Cleveland  C  41.48  -81.68
35  Fresno  C  36.78  -119.79
36  Sacramento  T  38.57  -121.47
37  Virginia-beach  C  36.74  -76.04
38  Kansas-city  C  39.12  -94.55
39  Mesa  C  33.42  -111.74

DEMANDES
0 1 ( 0 12 1 ) ( 0 29 1 )
0 2 ( 0 9 2 ) ( 0 4 2 )
0 3 ( 0 26 3 ) ( 0 20 3 )
0 4 ( 0 25 4 ) ( 0 37 4 )
0 5 ( 0 4 5 ) ( 0 12 5 )
0 6 ( 0 32 6 ) ( 0 39 6 )
0 8 ( 0 16 8 ) ( 0 26 8 )
0 9 ( 0 34 9 ) ( 0 4 9 )
0 10 ( 0 14 38 10 ) ( 0 24 10 )
0 11 ( 0 4 37 11 ) ( 0 25 11 )
0 12 ( 0 4 12 ) ( 0 34 12 )
0 13 ( 0 14 12 13 ) ( 0 38 13 )
0 14 ( 0 17 14 ) ( 0 9 14 )
0 16 ( 0 26 16 ) ( 0 4 16 )
0 17 ( 0 4 17 ) ( 0 25 17 )
0 18 ( 0 16 18 ) ( 0 8 18 )
0 19 ( 0 26 19 ) ( 0 17 19 )
0 20 ( 0 4 20 ) ( 0 17 20 )
0 21 ( 0 9 21 ) ( 0 34 21 )
0 22 ( 0 4 17 22 ) ( 0 25 22 )
0 23 ( 0 34 23 ) ( 0 21 23 )
0 24 ( 0 14 24 ) ( 0 12 24 )
0 25 ( 0 37 4 25 ) ( 0 34 25 )
0 26 ( 0 17 26 ) ( 0 25 20 26 )
0 27 ( 0 34 27 ) ( 0 2 27 )
0 28 ( 0 14 28 ) ( 0 12 28 )
0 29 ( 0 25 29 ) ( 0 26 16 29 )
0 30 ( 0 4 30 ) ( 0 16 30 )
0 32 ( 0 4 32 ) ( 0 38 32 )
0 34 ( 0 37 34 ) ( 0 25 4 34 )
0 35 ( 0 14 12 35 ) ( 0 28 35 )
0 37 ( 0 4 37 ) ( 0 17 37 )
0 38 ( 0 14 38 ) ( 0 12 38 )
0 39 ( 0 29 39 ) ( 0 32 39 )
1 2 ( 1 24 2 ) ( 1 5 32 2 )
1 3 ( 1 30 3 ) ( 1 39 3 )
1 4 ( 1 32 4 ) ( 1 17 4 )
1 5 ( 1 39 5 ) ( 1 30 5 )
1 6 ( 1 10 6 ) ( 1 39 6 )
1 8 ( 1 18 8 ) ( 1 19 8 )
1 9 ( 1 38 9 ) ( 1 32 9 )
1 10 ( 1 35 10 ) ( 1 28 6 10 )
1 12 ( 1 5 12 ) ( 1 39 12 )
1 13 ( 1 35 10 13 ) ( 1 28 13 )
1 16 ( 1 32 16 ) ( 1 29 16 )
1 18 ( 1 5 18 ) ( 1 39 18 )
1 19 ( 1 30 19 ) ( 1 39 19 )
1 23 ( 1 35 23 ) ( 1 13 23 )
1 24 ( 1 28 24 ) ( 1 32 24 )
1 27 ( 1 28 27 ) ( 1 35 6 27 )
1 28 ( 1 6 28 ) ( 1 35 28 )
1 29 ( 1 32 29 ) ( 1 30 29 )
1 30 ( 1 6 30 ) ( 1 5 30 )
1 32 ( 1 30 32 ) ( 1 19 32 )
1 35 ( 1 10 35 ) ( 1 13 35 )
1 39 ( 1 5 39 ) ( 1 6 39 )
2 3 ( 2 8 3 ) ( 2 21 3 )
2 4 ( 2 34 4 ) ( 2 37 4 )
2 5 ( 2 32 5 ) ( 2 38 5 )
2 6 ( 2 38 6 ) ( 2 39 6 )
2 8 ( 2 18 8 ) ( 2 38 8 )
2 9 ( 2 21 9 ) ( 2 12 9 )
2 11 ( 2 26 11 ) ( 2 14 11 )
2 12 ( 2 14 12 ) ( 2 21 9 12 )
2 14 ( 2 12 14 ) ( 2 9 14 )
2 16 ( 2 21 16 ) ( 2 38 16 )
2 17 ( 2 14 17 ) ( 2 9 17 )
2 18 ( 2 8 18 ) ( 2 16 18 )
2 20 ( 2 12 20 ) ( 2 26 20 )
2 21 ( 2 14 21 ) ( 2 34 21 )
2 22 ( 2 34 22 ) ( 2 0 22 )
2 24 ( 2 29 24 ) ( 2 12 24 )
2 25 ( 2 17 25 ) ( 2 20 25 )
2 26 ( 2 12 26 ) ( 2 14 26 )
2 29 ( 2 16 29 ) ( 2 8 29 )
2 34 ( 2 12 34 ) ( 2 9 14 34 )
2 37 ( 2 14 37 ) ( 2 12 37 )
2 38 ( 2 21 38 ) ( 2 12 38 )
3 4 ( 3 17 4 ) ( 3 14 4 )
3 5 ( 3 39 5 ) ( 3 30 5 )
3 6 ( 3 30 6 ) ( 3 5 6 )
3 8 ( 3 29 8 ) ( 3 38 8 )
3 9 ( 3 16 9 ) ( 3 26 9 )
3 11 ( 3 16 11 ) ( 3 8 11 )
3 12 ( 3 16 12 ) ( 3 26 12 )
3 16 ( 3 8 16 ) ( 3 29 16 )
3 18 ( 3 29 18 ) ( 3 16 18 )
3 19 ( 3 29 19 ) ( 3 30 19 )
3 26 ( 3 29 16 26 ) ( 3 38 26 )
3 29 ( 3 16 29 ) ( 3 19 29 )
3 38 ( 3 8 38 ) ( 3 18 29 16 38 )
4 9 ( 4 34 9 ) ( 4 17 9 )
4 12 ( 4 25 9 12 ) ( 4 26 12 )
4 14 ( 4 25 14 ) ( 4 17 34 14 )
4 17 ( 4 0 17 ) ( 4 37 17 )
4 20 ( 4 37 20 ) ( 4 0 20 )
4 22 ( 4 0 22 ) ( 4 37 22 )
4 25 ( 4 0 25 ) ( 4 37 25 )
4 34 ( 4 17 34 ) ( 4 25 34 )
4 37 ( 4 25 17 37 ) ( 4 34 37 )
5 6 ( 5 28 6 ) ( 5 1 6 )
5 10 ( 5 35 10 ) ( 5 39 10 )
5 19 ( 5 30 19 ) ( 5 32 19 )
5 28 ( 5 30 28 ) ( 5 6 28 )
5 30 ( 5 19 30 ) ( 5 39 32 30 )
5 32 ( 5 30 32 ) ( 5 19 32 )
5 39 ( 5 1 39 ) ( 5 10 39 )
6 10 ( 6 35 10 ) ( 6 39 5 28 10 )
6 13 ( 6 1 13 ) ( 6 28 13 )
6 28 ( 6 35 28 ) ( 6 39 28 )
6 30 ( 6 5 30 ) ( 6 19 30 )
6 35 ( 6 1 35 ) ( 6 10 35 )
6 39 ( 6 28 39 ) ( 6 19 24 39 )
8 16 ( 8 3 16 ) ( 8 38 16 )
8 18 ( 8 29 18 ) ( 8 38 18 )
8 29 ( 8 3 29 ) ( 8 38 29 )
9 12 ( 9 14 12 ) ( 9 34 12 )
9 14 ( 9 21 14 ) ( 9 26 14 )
9 34 ( 9 12 34 ) ( 9 25 34 )
10 13 ( 10 35 13 ) ( 10 6 13 )
10 35 ( 10 13 35 ) ( 10 6 35 )
12 14 ( 12 34 14 ) ( 12 2 14 )
12 21 ( 12 2 21 ) ( 12 26 21 )
12 26 ( 12 14 9 26 ) ( 12 20 26 )
13 35 ( 13 10 35 ) ( 13 1 35 )
14 34 ( 14 26 34 ) ( 14 37 34 )
17 25 ( 17 4 25 ) ( 17 22 37 25 )
18 29 ( 18 8 29 ) ( 18 38 29 )
23 27 ( 23 13 27 ) ( 23 1 27 )
30 39 ( 30 32 5 39 ) ( 30 6 39 )

EOF