DIMENSIONS
40 sommetsG2
35 sommetsG1
150 dem

SOMMETS
0  New-york  C  40.67  -73.94
1  Los-angeles  C  34.11  -118.41
2  Chicago  C  41.84  -87.68
3  Houston  C  29.77  -95.39
4  Philadelphia  C  40.01  -75.13
5  Phoenix  C  33.54  -112.07
6  San-diego  C  32.81  -117.14
7  San-antonio  T  29.46  -98.51
8  Dallas  C  32.79  -96.77
9  Detroit  C  42.38  -83.1
10  San-jose  C  37.3  -121.85
11  Jacksonville  C  30.33  -81.66
12  Indianapolis  C  39.78  -86.15
13  San-francisco  C  37.77  -122.45
14  Columbus  C  39.99  -82.99
15  Austin  T  30.31  -97.75
16  Memphis  C  35.11  -90.01
17  Baltimore  C  39.3  -76.61
18  Fort-worth  C  32.75  -97.34
19  El-paso  C  31.85  -106.44
20  Charlotte  C  35.2  -80.83
21  Milwaukee  C  43.06  -87.97
22  Boston  C  42.34  -71.02
23  Seattle  C  47.62  -122.35
24  Denver  C  39.77  -104.87
25  Washington  C  38.91  -77.02
26  Nashville  C  36.17  -86.78
27  Portland  C  45.54  -122.66
28  Las-vegas  C  36.21  -115.22
29  Oklahoma-city  C  35.47  -97.51
30  Tucson  C  32.2  -110.89
31  Long-beach  T  33.79  -118.16
32  Albuquerque  C  35.12  -106.62
33  New-orleans  T  30.07  -89.93
34  Cleveland  C  41.48  -81.68
35  Fresno  C  36.78  -119.79
36  Sacramento  T  38.57  -121.47
37  Virginia-beach  C  36.74  -76.04
38  Kansas-city  C  39.12  -94.55
39  Mesa  C  33.42  -111.74

DEMANDES
0 1 ( 0 14 1 ) ( 0 5 1 )
0 2 ( 0 34 2 ) ( 0 9 2 )
0 3 ( 0 4 25 3 ) ( 0 26 3 )
0 4 ( 0 17 4 ) ( 0 20 4 )
0 5 ( 0 29 5 ) ( 0 14 5 )
0 6 ( 0 29 6 ) ( 0 4 6 )
0 8 ( 0 16 8 ) ( 0 26 8 )
0 9 ( 0 17 9 ) ( 0 14 9 )
0 10 ( 0 12 10 ) ( 0 35 10 )
0 11 ( 0 37 11 ) ( 0 4 11 )
0 12 ( 0 4 12 ) ( 0 25 34 12 )
0 13 ( 0 38 13 ) ( 0 34 13 )
0 14 ( 0 25 14 ) ( 0 37 17 14 )
0 16 ( 0 4 16 ) ( 0 17 16 )
0 17 ( 0 22 17 ) ( 0 34 25 17 )
0 18 ( 0 16 18 ) ( 0 26 18 )
0 19 ( 0 26 19 ) ( 0 29 19 )
0 20 ( 0 4 20 ) ( 0 25 20 )
0 21 ( 0 4 21 ) ( 0 14 21 )
0 22 ( 0 4 25 22 ) ( 0 34 22 )
0 23 ( 0 34 23 ) ( 0 21 23 )
0 24 ( 0 14 24 ) ( 0 12 24 )
0 25 ( 0 17 25 ) ( 0 37 25 )
0 26 ( 0 4 26 ) ( 0 37 26 )
0 27 ( 0 34 27 ) ( 0 9 27 )
0 28 ( 0 12 28 ) ( 0 38 28 )
0 29 ( 0 4 29 ) ( 0 25 29 )
0 30 ( 0 4 30 ) ( 0 26 30 )
0 32 ( 0 4 32 ) ( 0 29 32 )
0 34 ( 0 17 34 ) ( 0 14 34 )
0 35 ( 0 14 35 ) ( 0 12 35 )
0 37 ( 0 25 17 37 ) ( 0 22 37 )
0 38 ( 0 12 38 ) ( 0 4 38 )
0 39 ( 0 29 39 ) ( 0 32 39 )
1 2 ( 1 38 2 ) ( 1 5 2 )
1 3 ( 1 19 3 ) ( 1 39 3 )
1 4 ( 1 12 4 ) ( 1 29 4 )
1 5 ( 1 6 5 ) ( 1 39 5 )
1 6 ( 1 5 6 ) ( 1 35 28 6 )
1 8 ( 1 5 8 ) ( 1 39 8 )
1 9 ( 1 38 9 ) ( 1 32 9 )
1 10 ( 1 35 10 ) ( 1 6 39 10 )
1 11 ( 1 39 11 ) ( 1 30 19 11 )
1 12 ( 1 28 12 ) ( 1 6 12 )
1 13 ( 1 6 13 ) ( 1 35 28 13 )
1 14 ( 1 12 14 ) ( 1 38 14 )
1 16 ( 1 29 16 ) ( 1 5 16 )
1 18 ( 1 5 18 ) ( 1 19 18 )
1 19 ( 1 30 19 ) ( 1 5 19 )
1 21 ( 1 32 21 ) ( 1 28 38 21 )
1 23 ( 1 27 23 ) ( 1 13 23 )
1 24 ( 1 28 24 ) ( 1 39 24 )
1 27 ( 1 35 27 ) ( 1 10 27 )
1 28 ( 1 5 28 ) ( 1 39 28 )
1 29 ( 1 30 29 ) ( 1 28 29 )
1 30 ( 1 28 5 30 ) ( 1 35 30 )
1 32 ( 1 28 32 ) ( 1 6 32 )
1 35 ( 1 6 35 ) ( 1 28 35 )
1 38 ( 1 5 38 ) ( 1 39 38 )
1 39 ( 1 28 39 ) ( 1 30 5 39 )
2 3 ( 2 12 3 ) ( 2 26 3 )
2 4 ( 2 34 4 ) ( 2 9 4 )
2 5 ( 2 32 5 ) ( 2 39 5 )
2 6 ( 2 32 5 6 ) ( 2 30 6 )
2 8 ( 2 29 8 ) ( 2 21 8 )
2 9 ( 2 26 9 ) ( 2 12 14 21 9 )
2 11 ( 2 14 11 ) ( 2 21 11 )
2 12 ( 2 9 12 ) ( 2 26 12 )
2 14 ( 2 12 14 ) ( 2 21 14 )
2 16 ( 2 12 16 ) ( 2 38 16 )
2 17 ( 2 14 17 ) ( 2 34 17 )
2 18 ( 2 8 18 ) ( 2 38 18 )
2 19 ( 2 29 19 ) ( 2 8 19 )
2 20 ( 2 14 20 ) ( 2 26 20 )
2 21 ( 2 9 21 ) ( 2 14 21 )
2 22 ( 2 0 22 ) ( 2 4 22 )
2 24 ( 2 16 24 ) ( 2 18 24 )
2 25 ( 2 14 25 ) ( 2 34 25 )
2 26 ( 2 21 26 ) ( 2 9 26 )
2 29 ( 2 8 29 ) ( 2 18 29 )
2 34 ( 2 9 34 ) ( 2 12 34 )
2 37 ( 2 14 37 ) ( 2 12 37 )
2 38 ( 2 21 38 ) ( 2 16 38 )
3 4 ( 3 25 4 ) ( 3 26 4 )
3 5 ( 3 39 5 ) ( 3 19 5 )
3 6 ( 3 30 6 ) ( 3 19 6 )
3 8 ( 3 16 8 ) ( 3 26 29 8 )
3 9 ( 3 12 9 ) ( 3 34 9 )
3 11 ( 3 16 11 ) ( 3 26 11 )
3 12 ( 3 26 12 ) ( 3 8 12 )
3 14 ( 3 16 14 ) ( 3 8 14 )
3 16 ( 3 18 16 ) ( 3 26 16 )
3 18 ( 3 26 18 ) ( 3 24 18 )
3 19 ( 3 30 19 ) ( 3 24 19 )
3 20 ( 3 11 20 ) ( 3 8 16 20 )
3 21 ( 3 2 21 ) ( 3 16 21 )
3 24 ( 3 8 24 ) ( 3 29 24 )
3 26 ( 3 16 26 ) ( 3 8 26 )
3 29 ( 3 8 29 ) ( 3 18 29 )
3 32 ( 3 18 8 32 ) ( 3 30 32 )
3 38 ( 3 8 38 ) ( 3 18 38 )
4 9 ( 4 34 9 ) ( 4 25 14 9 )
4 11 ( 4 17 11 ) ( 4 34 11 )
4 12 ( 4 14 12 ) ( 4 34 12 )
4 14 ( 4 17 14 ) ( 4 0 14 )
4 17 ( 4 25 17 ) ( 4 0 17 )
4 20 ( 4 37 20 ) ( 4 34 20 )
4 22 ( 4 0 22 ) ( 4 25 22 )
4 25 ( 4 17 25 ) ( 4 22 0 25 )
4 34 ( 4 17 34 ) ( 4 25 34 )
4 37 ( 4 25 37 ) ( 4 0 37 )
5 6 ( 5 35 6 ) ( 5 28 30 6 )
5 8 ( 5 18 8 ) ( 5 39 8 )
5 10 ( 5 39 35 10 ) ( 5 13 10 )
5 13 ( 5 35 13 ) ( 5 28 35 10 13 )
5 19 ( 5 39 19 ) ( 5 30 19 )
5 24 ( 5 39 24 ) ( 5 19 32 24 )
5 28 ( 5 6 28 ) ( 5 35 28 )
5 30 ( 5 19 30 ) ( 5 32 30 )
5 32 ( 5 39 32 ) ( 5 30 32 )
5 39 ( 5 30 39 ) ( 5 28 39 )
6 10 ( 6 1 10 ) ( 6 35 10 )
6 13 ( 6 1 13 ) ( 6 35 13 )
6 28 ( 6 1 28 ) ( 6 39 28 )
6 30 ( 6 39 30 ) ( 6 1 30 )
6 35 ( 6 10 35 ) ( 6 28 1 35 )
6 39 ( 6 30 39 ) ( 6 28 39 )
8 16 ( 8 18 16 ) ( 8 29 16 )
8 18 ( 8 38 29 18 ) ( 8 16 18 )
8 29 ( 8 16 29 ) ( 8 26 29 )
8 38 ( 8 29 38 ) ( 8 18 38 )
9 12 ( 9 34 12 ) ( 9 2 12 )
9 14 ( 9 2 14 ) ( 9 17 14 )
9 21 ( 9 12 21 ) ( 9 34 21 )
9 34 ( 9 14 34 ) ( 9 12 34 )
10 13 ( 10 35 13 ) ( 10 1 13 )
10 35 ( 10 1 35 ) ( 10 28 35 )
11 20 ( 11 14 20 ) ( 11 25 20 )
12 14 ( 12 26 14 ) ( 12 21 2 14 )
12 21 ( 12 9 21 ) ( 12 2 14 21 )
12 26 ( 12 2 26 ) ( 12 21 26 )
13 35 ( 13 10 35 ) ( 13 6 35 )
14 34 ( 14 9 34 ) ( 14 12 34 )
16 26 ( 16 2 26 ) ( 16 20 26 )
17 25 ( 17 4 25 ) ( 17 37 25 )
17 37 ( 17 4 37 ) ( 17 0 37 )
18 29 ( 18 8 29 ) ( 18 16 29 )
23 27 ( 23 10 27 ) ( 23 13 35 27 )
25 37 ( 25 4 37 ) ( 25 0 17 37 )
30 39 ( 30 19 39 ) ( 30 28 39 )

EOF