DIMENSIONS
75 sommetsG2
70 sommetsG1
150 dem

SOMMETS
0  New-york  C  40.67  -73.94
1  Los-angeles  C  34.11  -118.41
2  Chicago  C  41.84  -87.68
3  Houston  C  29.77  -95.39
4  Philadelphia  C  40.01  -75.13
5  Phoenix  C  33.54  -112.07
6  San-diego  C  32.81  -117.14
7  San-antonio  C  29.46  -98.51
8  Dallas  C  32.79  -96.77
9  Detroit  C  42.38  -83.1
10  San-jose  C  37.3  -121.85
11  Jacksonville  C  30.33  -81.66
12  Indianapolis  C  39.78  -86.15
13  San-francisco  C  37.77  -122.45
14  Columbus  C  39.99  -82.99
15  Austin  C  30.31  -97.75
16  Memphis  C  35.11  -90.01
17  Baltimore  C  39.3  -76.61
18  Fort-worth  C  32.75  -97.34
19  El-paso  C  31.85  -106.44
20  Charlotte  C  35.2  -80.83
21  Milwaukee  C  43.06  -87.97
22  Boston  C  42.34  -71.02
23  Seattle  C  47.62  -122.35
24  Denver  C  39.77  -104.87
25  Washington  C  38.91  -77.02
26  Nashville  C  36.17  -86.78
27  Portland  C  45.54  -122.66
28  Las-vegas  C  36.21  -115.22
29  Oklahoma-city  T  35.47  -97.51
30  Tucson  C  32.2  -110.89
31  Long-beach  C  33.79  -118.16
32  Albuquerque  C  35.12  -106.62
33  New-orleans  C  30.07  -89.93
34  Cleveland  C  41.48  -81.68
35  Fresno  C  36.78  -119.79
36  Sacramento  C  38.57  -121.47
37  Virginia-beach  C  36.74  -76.04
38  Kansas-city  C  39.12  -94.55
39  Mesa  C  33.42  -111.74
40  Atlanta  C  33.76  -84.42
41  Omaha  C  41.26  -96.01
42  Oakland  C  37.77  -122.22
43  Tulsa  C  36.13  -95.92
44  Honolulu  C  21.32  -157.8
45  Miami  C  25.78  -80.21
46  Minneapolis  C  44.96  -93.27
47  Colorado-springs  C  38.86  -104.76
48  Arlington  C  32.69  -97.13
49  Wichita  C  37.69  -97.34
50  Santa-ana  C  33.74  -117.88
51  Anaheim  C  33.84  -117.87
52  Saint-louis  C  38.64  -90.24
53  Raleigh  C  35.82  -78.66
54  Pittsburgh  C  40.44  -79.98
55  Tampa  C  27.96  -82.48
56  Cincinnati  C  39.14  -84.51
57  Toledo  C  41.66  -83.58
58  Aurora  T  39.71  -104.73
59  Riverside  T  33.94  -117.4
60  Buffalo  C  42.89  -78.86
61  Corpus-christi  C  27.71  -97.29
62  Newark  C  40.72  -74.17
63  Saint-paul  T  44.95  -93.1
64  Bakersfield  C  35.36  -119
65  Stockton  C  37.97  -121.31
66  Anchorage  C  61.18  -149.19
67  Lexington-fayette  C  38.04  -84.46
68  Saint-petersburg  T  27.76  -82.64
69  Louisville  C  38.22  -85.74
70  Plano  C  33.05  -96.75
71  Norfolk  C  36.92  -76.24
72  Jersey-city  C  40.71  -74.06
73  Lincoln  C  40.82  -96.69
74  Glendale  C  33.58  -112.2

DEMANDES
0 1 ( 0 52 1 ) ( 0 49 1 )
0 2 ( 0 34 2 ) ( 0 72 2 )
0 3 ( 0 40 3 ) ( 0 26 3 )
0 4 ( 0 71 4 ) ( 0 62 71 37 4 )
0 5 ( 0 69 5 ) ( 0 62 5 )
0 6 ( 0 5 6 ) ( 0 69 6 )
0 7 ( 0 4 7 ) ( 0 72 7 )
0 8 ( 0 16 8 ) ( 0 4 8 )
0 9 ( 0 62 9 ) ( 0 72 9 )
0 10 ( 0 12 10 ) ( 0 14 10 )
0 11 ( 0 71 11 ) ( 0 37 11 )
0 12 ( 0 14 12 ) ( 0 72 12 )
0 13 ( 0 14 13 ) ( 0 12 47 13 )
0 14 ( 0 72 14 ) ( 0 54 14 )
0 15 ( 0 4 15 ) ( 0 17 15 )
0 16 ( 0 4 16 ) ( 0 72 16 )
0 17 ( 0 72 17 ) ( 0 71 25 17 )
0 18 ( 0 26 18 ) ( 0 4 18 )
0 19 ( 0 72 62 19 ) ( 0 4 19 )
0 20 ( 0 62 20 ) ( 0 71 20 )
0 21 ( 0 62 21 ) ( 0 34 21 )
0 22 ( 0 72 22 ) ( 0 62 22 )
0 24 ( 0 72 24 ) ( 0 12 24 )
0 25 ( 0 17 25 ) ( 0 4 62 25 )
0 26 ( 0 4 17 26 ) ( 0 25 26 )
0 30 ( 0 72 30 ) ( 0 56 30 )
0 32 ( 0 56 32 ) ( 0 69 32 )
0 33 ( 0 40 33 ) ( 0 17 33 )
0 34 ( 0 62 34 ) ( 0 72 62 4 34 )
0 37 ( 0 72 37 ) ( 0 4 37 )
0 38 ( 0 54 38 ) ( 0 72 38 )
0 40 ( 0 4 40 ) ( 0 17 40 )
0 41 ( 0 62 41 ) ( 0 54 41 )
0 43 ( 0 69 43 ) ( 0 62 43 )
0 45 ( 0 37 45 ) ( 0 71 45 )
0 46 ( 0 9 46 ) ( 0 34 46 )
0 48 ( 0 26 48 ) ( 0 8 48 )
0 49 ( 0 56 49 ) ( 0 14 49 )
0 52 ( 0 14 52 ) ( 0 12 52 )
0 53 ( 0 17 53 ) ( 0 25 53 )
0 54 ( 0 62 54 ) ( 0 25 54 )
0 55 ( 0 71 55 ) ( 0 37 55 )
0 56 ( 0 62 56 ) ( 0 54 56 )
0 57 ( 0 34 57 ) ( 0 62 57 )
0 60 ( 0 4 62 60 ) ( 0 54 60 )
0 62 ( 0 72 62 ) ( 0 22 62 )
0 67 ( 0 72 67 ) ( 0 62 67 )
0 69 ( 0 72 69 ) ( 0 62 69 )
0 71 ( 0 72 71 ) ( 0 62 71 )
0 72 ( 0 62 72 ) ( 0 4 72 )
1 2 ( 1 47 2 ) ( 1 73 2 )
1 3 ( 1 30 3 ) ( 1 51 3 )
1 5 ( 1 74 5 ) ( 1 51 5 )
1 6 ( 1 50 51 6 ) ( 1 64 6 )
1 7 ( 1 30 7 ) ( 1 39 7 )
1 8 ( 1 74 8 ) ( 1 5 8 )
1 10 ( 1 35 10 ) ( 1 51 10 )
1 13 ( 1 10 13 ) ( 1 31 13 )
1 19 ( 1 51 19 ) ( 1 30 19 )
1 23 ( 1 64 23 ) ( 1 35 23 )
1 24 ( 1 28 24 ) ( 1 50 24 )
1 27 ( 1 65 27 ) ( 1 10 27 )
1 28 ( 1 51 28 ) ( 1 35 28 )
1 30 ( 1 51 30 ) ( 1 50 30 )
1 31 ( 1 50 31 ) ( 1 64 31 )
1 32 ( 1 74 32 ) ( 1 50 51 39 32 )
1 35 ( 1 64 35 ) ( 1 51 35 )
1 36 ( 1 64 36 ) ( 1 10 36 )
1 39 ( 1 5 39 ) ( 1 51 39 )
1 42 ( 1 10 42 ) ( 1 35 42 )
1 50 ( 1 51 50 ) ( 1 28 51 31 50 )
1 51 ( 1 50 51 ) ( 1 6 51 )
1 64 ( 1 31 64 ) ( 1 51 64 )
1 65 ( 1 64 65 ) ( 1 35 65 )
1 74 ( 1 31 74 ) ( 1 51 5 74 )
2 3 ( 2 8 3 ) ( 2 43 3 )
2 4 ( 2 57 4 ) ( 2 34 4 )
2 7 ( 2 15 7 ) ( 2 52 7 )
2 8 ( 2 52 8 ) ( 2 48 8 )
2 9 ( 2 21 9 ) ( 2 34 9 )
2 11 ( 2 67 11 ) ( 2 12 69 40 11 )
2 12 ( 2 56 12 ) ( 2 57 12 )
2 14 ( 2 12 14 ) ( 2 57 14 )
2 16 ( 2 52 16 ) ( 2 12 16 )
2 17 ( 2 14 17 ) ( 2 57 17 )
2 20 ( 2 56 20 ) ( 2 67 20 )
2 21 ( 2 69 21 ) ( 2 56 12 21 )
2 25 ( 2 14 25 ) ( 2 34 25 )
2 26 ( 2 12 26 ) ( 2 69 26 )
2 34 ( 2 14 34 ) ( 2 12 34 )
2 38 ( 2 21 38 ) ( 2 12 38 )
2 40 ( 2 12 40 ) ( 2 26 40 )
2 41 ( 2 38 41 ) ( 2 52 41 )
2 46 ( 2 41 46 ) ( 2 38 46 )
2 52 ( 2 21 52 ) ( 2 12 52 )
2 54 ( 2 57 54 ) ( 2 34 54 )
2 56 ( 2 69 56 ) ( 2 67 56 )
2 57 ( 2 12 57 ) ( 2 21 57 )
2 67 ( 2 26 67 ) ( 2 52 67 )
2 69 ( 2 56 69 ) ( 2 67 69 )
3 7 ( 3 15 7 ) ( 3 18 7 )
3 8 ( 3 48 8 ) ( 3 70 8 )
3 15 ( 3 7 15 ) ( 3 61 15 )
3 16 ( 3 8 16 ) ( 3 33 16 )
3 18 ( 3 48 18 ) ( 3 70 18 )
3 33 ( 3 15 33 ) ( 3 61 33 )
3 48 ( 3 15 48 ) ( 3 7 48 )
3 61 ( 3 18 8 61 ) ( 3 70 7 61 )
3 70 ( 3 8 70 ) ( 3 7 70 )
4 17 ( 4 25 17 ) ( 4 0 17 )
4 22 ( 4 62 22 ) ( 4 17 22 )
4 25 ( 4 62 25 ) ( 4 0 25 )
4 37 ( 4 72 37 ) ( 4 0 37 )
4 62 ( 4 0 62 ) ( 4 25 62 )
4 72 ( 4 62 72 ) ( 4 0 72 )
5 6 ( 5 51 6 ) ( 5 74 51 31 6 )
5 28 ( 5 74 28 ) ( 5 39 28 )
5 30 ( 5 39 30 ) ( 5 74 30 )
5 39 ( 5 30 39 ) ( 5 6 39 )
5 74 ( 5 30 74 ) ( 5 32 74 )
6 10 ( 6 1 10 ) ( 6 51 10 )
6 28 ( 6 51 28 ) ( 6 31 28 )
6 31 ( 6 1 31 ) ( 6 64 31 )
6 50 ( 6 1 50 ) ( 6 35 64 50 )
6 51 ( 6 50 51 ) ( 6 31 51 )
7 8 ( 7 48 8 ) ( 7 61 8 )
7 15 ( 7 3 15 ) ( 7 48 15 )
7 18 ( 7 15 18 ) ( 7 43 18 )
7 61 ( 7 48 61 ) ( 7 15 18 61 )
8 15 ( 8 48 7 15 ) ( 8 3 15 )
8 18 ( 8 43 18 ) ( 8 15 7 18 )
8 48 ( 8 15 48 ) ( 8 3 48 )
8 70 ( 8 48 70 ) ( 8 15 70 )
9 12 ( 9 57 12 ) ( 9 56 12 )
9 14 ( 9 67 14 ) ( 9 57 67 56 14 )
9 34 ( 9 54 14 34 ) ( 9 12 57 34 )
9 57 ( 9 34 57 ) ( 9 14 57 )
10 13 ( 10 36 65 13 ) ( 10 1 13 )
10 35 ( 10 65 35 ) ( 10 13 35 )
10 36 ( 10 65 36 ) ( 10 42 36 )
10 42 ( 10 35 42 ) ( 10 1 42 )
10 65 ( 10 36 65 ) ( 10 13 35 65 )
12 14 ( 12 67 14 ) ( 12 2 14 )
13 36 ( 13 65 36 ) ( 13 10 36 )
13 42 ( 13 65 42 ) ( 13 10 36 42 )
13 65 ( 13 10 65 ) ( 13 36 65 )
14 34 ( 14 57 9 34 ) ( 14 54 34 )
17 25 ( 17 71 25 ) ( 17 4 62 25 )
18 48 ( 18 8 48 ) ( 18 70 48 )
24 47 ( 24 32 47 ) ( 24 49 47 )

EOF