DIMENSIONS
50 sommetsG2
45 sommetsG1
50 dem

SOMMETS
0  N0  C  288  149
1  N1  C  288  129
2  N2  C  270  133
3  N3  C  256  141
4  N4  C  256  157
5  N5  C  246  157
6  N6  C  236  169
7  N7  C  228  169
8  N8  C  228  161
9  N9  T  220  169
10  N10  C  212  169
11  N11  C  204  169
12  N12  C  196  169
13  N13  C  188  169
14  N14  C  196  161
15  N15  C  188  145
16  N16  C  172  145
17  N17  C  164  145
18  N18  C  156  145
19  N19  T  148  145
20  N20  C  140  145
21  N21  C  148  169
22  N22  C  164  169
23  N23  C  172  169
24  N24  C  156  169
25  N25  C  140  169
26  N26  C  132  169
27  N27  C  124  169
28  N28  C  116  161
29  N29  C  104  153
30  N30  C  104  161
31  N31  C  104  169
32  N32  C  90  165
33  N33  C  80  157
34  N34  C  64  157
35  N35  C  64  165
36  N36  C  56  169
37  N37  C  56  161
38  N38  C  56  153
39  N39  T  56  145
40  N40  C  56  137
41  N41  C  56  129
42  N42  T  56  121
43  N43  C  40  121
44  N44  C  40  129
45  N45  T  40  137
46  N46  C  40  145
47  N47  C  40  153
48  N48  C  40  161
49  N49  C  40  169

DEMANDES
16 38 ( 16 23 38 ) ( 16 31 18 38 )
25 47 ( 25 35 7 30 47 ) ( 25 0 12 47 )
6 40 ( 6 40 ) ( 6 5 49 40 )
10 25 ( 10 14 31 26 25 ) ( 10 24 48 25 )
14 38 ( 14 20 44 38 ) ( 14 17 40 3 38 )
47 26 ( 47 26 ) ( 47 33 26 )
44 17 ( 44 17 ) ( 44 22 17 )
3 11 ( 3 13 26 18 11 ) ( 3 38 25 33 11 )
26 1 ( 26 46 1 ) ( 26 36 14 31 1 )
17 34 ( 17 34 ) ( 17 44 41 34 )
16 11 ( 16 34 47 29 11 ) ( 16 32 21 11 )
46 40 ( 46 24 10 40 ) ( 46 47 7 44 40 )
32 21 ( 32 15 22 21 ) ( 32 11 21 )
13 27 ( 13 5 27 ) ( 13 6 27 )
24 38 ( 24 34 37 18 38 ) ( 24 14 11 29 38 )
12 7 ( 12 8 37 7 ) ( 12 3 7 )
47 2 ( 47 12 36 2 ) ( 47 32 2 )
48 31 ( 48 6 26 3 31 ) ( 48 10 31 )
23 40 ( 23 2 7 40 ) ( 23 49 10 44 40 )
6 49 ( 6 49 ) ( 6 3 0 46 49 )
29 8 ( 29 40 8 ) ( 29 17 27 28 8 )
22 34 ( 22 34 ) ( 22 37 15 34 )
49 28 ( 49 31 1 37 28 ) ( 49 41 46 43 28 )
41 48 ( 41 49 33 48 ) ( 41 24 8 44 48 )
3 32 ( 3 32 ) ( 3 11 35 32 )
15 16 ( 15 16 ) ( 15 31 16 )
11 32 ( 11 14 27 32 ) ( 11 35 5 23 32 )
29 47 ( 29 21 47 ) ( 29 0 17 47 )
29 41 ( 29 41 ) ( 29 24 15 35 41 )
31 2 ( 31 33 2 ) ( 31 17 30 36 2 )
16 37 ( 16 37 ) ( 16 34 32 12 37 )
26 4 ( 26 34 4 ) ( 26 5 18 28 4 )
29 33 ( 29 14 33 ) ( 29 16 49 0 33 )
41 16 ( 41 16 ) ( 41 47 38 16 )
34 6 ( 34 38 47 6 ) ( 34 43 10 6 )
27 14 ( 27 43 24 28 14 ) ( 27 8 13 23 14 )
24 14 ( 24 14 ) ( 24 36 6 30 14 )
24 41 ( 24 11 6 41 ) ( 24 18 41 )
16 46 ( 16 41 40 24 46 ) ( 16 32 30 46 )
3 5 ( 3 14 16 5 ) ( 3 4 21 5 )
46 29 ( 46 38 29 ) ( 46 24 7 29 )
44 31 ( 44 27 21 31 ) ( 44 41 31 )
12 16 ( 12 49 44 16 ) ( 12 6 20 16 )
0 38 ( 0 43 38 ) ( 0 36 38 )
2 22 ( 2 10 23 43 22 ) ( 2 4 15 32 22 )
5 29 ( 5 18 15 29 ) ( 5 44 23 29 )
8 30 ( 8 29 11 30 ) ( 8 41 3 30 )
4 46 ( 4 46 ) ( 4 11 41 46 )
14 17 ( 14 40 32 1 17 ) ( 14 12 38 17 )
31 41 ( 31 30 41 ) ( 31 5 41 )

EOF