DIMENSIONS
75 sommetsG2
70 sommetsG1
18 dem

SOMMETS
0  N0  C  9860  14152
1  N1  C  9396  14616
2  N2  C  11252  14848
3  N3  C  11020  13456
4  N4  C  9512  15776
5  N5  C  10788  13804
6  N6  C  10208  14384
7  N7  C  11600  13456
8  N8  C  11252  14036
9  N9  C  10672  15080
10  N10  C  11136  14152
11  N11  C  9860  13108
12  N12  C  10092  14964
13  N13  C  9512  13340
14  N14  C  10556  13688
15  N15  C  9628  14036
16  N16  C  10904  13108
17  N17  C  11368  12644
18  N18  C  11252  13340
19  N19  C  10672  13340
20  N20  C  11020  13108
21  N21  C  11020  13340
22  N22  C  11136  13572
23  N23  C  11020  13688
24  N24  C  8468  11136
25  N25  C  8932  12064
26  N26  C  9512  12412
27  N27  C  7772  11020
28  N28  C  8352  10672
29  N29  T  9164  12876
30  N30  C  9744  12528
31  N31  C  8352  10324
32  N32  C  8236  11020
33  N33  C  8468  12876
34  N34  C  8700  14036
35  N35  C  8932  13688
36  N36  C  9048  13804
37  N37  C  8468  12296
38  N38  C  8352  12644
39  N39  C  8236  13572
40  N40  C  9164  13340
41  N41  C  8004  12760
42  N42  C  8584  13108
43  N43  C  7772  14732
44  N44  C  7540  15080
45  N45  C  7424  17516
46  N46  C  8352  17052
47  N47  C  7540  16820
48  N48  C  7888  17168
49  N49  C  9744  15196
50  N50  C  9164  14964
51  N51  C  9744  16240
52  N52  C  7888  16936
53  N53  C  8236  15428
54  N54  C  9512  17400
55  N55  C  9164  16008
56  N56  C  8700  15312
57  N57  C  11716  16008
58  N58  T  12992  14964
59  N59  T  12412  14964
60  N60  C  12296  15312
61  N61  C  12528  15196
62  N62  C  15312  6612
63  N63  T  11716  16124
64  N64  C  11600  19720
65  N65  C  10324  17516
66  N66  C  12412  13340
67  N67  C  12876  12180
68  N68  T  13688  10904
69  N69  C  13688  11716
70  N70  C  13688  12528
71  N71  C  11484  13224
72  N72  C  12296  12760
73  N73  C  12064  12528
74  N74  C  12644  10556

DEMANDES
14 25 ( 14 41 35 47 25 ) ( 14 27 25 )
38 71 ( 38 53 10 45 71 ) ( 38 1 18 71 )
10 60 ( 10 60 ) ( 10 9 8 60 )
74 16 ( 74 45 22 16 ) ( 74 47 39 37 16 )
72 21 ( 72 57 30 66 21 ) ( 72 26 60 21 )
5 71 ( 5 14 49 71 ) ( 5 66 71 )
26 4 ( 26 4 ) ( 26 17 72 4 )
67 19 ( 67 57 38 19 ) ( 67 50 39 19 )
2 32 ( 2 54 21 55 32 ) ( 2 47 26 51 32 )
12 33 ( 12 24 17 67 33 ) ( 12 26 51 71 33 )
44 49 ( 44 69 61 51 49 ) ( 44 36 16 49 )
71 69 ( 71 69 ) ( 71 48 32 46 69 )
21 23 ( 21 14 23 ) ( 21 20 23 )
41 31 ( 41 31 ) ( 41 7 9 37 31 )
57 73 ( 57 28 56 27 73 ) ( 57 22 17 43 73 )
18 11 ( 18 12 55 11 ) ( 18 5 11 )
71 3 ( 71 18 54 3 ) ( 71 49 3 )
72 47 ( 72 10 39 5 47 ) ( 72 15 47 )

EOF