DIMENSIONS
12 sommetsG2
10 sommetsG1
10 dem

SOMMETS
0  N0  C  9860  14152
1  N1  C  9396  14616
2  N2  C  11252  14848
3  N3  C  11020  13456
4  N4  T  9512  15776
5  N5  C  10788  13804
6  N6  C  10208  14384
7  N7  C  11600  13456
8  N8  C  11252  14036
9  N9  C  10672  15080
10  N10  T  11136  14152
11  N11  C  9860  13108

DEMANDES
9 2 ( 9 3 2 ) ( 9 6 5 7 2 )
6 11 ( 6 8 1 7 11 ) ( 6 0 2 11 )
1 9 ( 1 9 ) ( 1 11 2 9 )
6 7 ( 6 5 7 ) ( 6 11 3 7 )
9 6 ( 9 3 11 0 6 ) ( 9 1 2 6 )
7 0 ( 7 0 ) ( 7 2 11 0 )
3 6 ( 3 8 6 ) ( 3 0 5 11 6 )
11 8 ( 11 7 8 ) ( 11 1 5 9 8 )
3 2 ( 3 8 11 7 2 ) ( 3 5 9 2 )
8 5 ( 8 5 ) ( 8 11 1 7 5 )

EOF