DIMENSIONS
100 sommetsG2
95 sommetsG1
65 dem

SOMMETS
0  N0  C  63  71
1  N1  C  94  71
2  N2  C  142  370
3  N3  C  173  1276
4  N4  C  205  1213
5  N5  C  213  69
6  N6  C  244  69
7  N7  C  276  630
8  N8  C  283  732
9  N9  C  362  69
10  N10  C  394  69
11  N11  C  449  370
12  N12  C  480  1276
13  N13  C  512  1213
14  N14  C  528  157
15  N15  C  583  630
16  N16  C  591  732
17  N17  C  638  654
18  N18  C  638  496
19  N19  C  638  314
20  N20  C  638  142
21  N21  C  669  142
22  N22  C  677  315
23  N23  C  677  496
24  N24  C  677  654
25  N25  C  709  654
26  N26  C  709  496
27  N27  C  709  315
28  N28  C  701  142
29  N29  C  764  220
30  N30  C  811  189
31  N31  C  843  173
32  N32  C  858  370
33  N33  C  890  1276
34  N34  C  921  1213
35  N35  C  992  630
36  N36  C  1000  732
37  N37  C  1197  1276
38  N38  C  1228  1213
39  N39  T  1276  205
40  N40  C  1299  630
41  N41  C  1307  732
42  N42  C  1362  654
43  N43  C  1362  496
44  N44  C  1362  291
45  N45  C  1425  654
46  N46  C  1425  496
47  N47  C  1425  291
48  N48  C  1417  173
49  N49  C  1488  291
50  N50  C  1488  496
51  N51  C  1488  654
52  N52  C  1551  654
53  N53  C  1551  496
54  N54  C  1551  291
55  N55  C  1614  291
56  N56  C  1614  496
57  N57  C  1614  654
58  N58  C  1732  189
59  N59  C  1811  1276
60  N60  C  1843  1213
61  N61  C  1913  630
62  N62  C  1921  732
63  N63  C  2087  370
64  N64  C  2118  1276
65  N65  C  2150  1213
66  N66  C  2189  205
67  N67  C  2220  189
68  N68  C  2220  630
69  N69  C  2228  732
70  N70  C  2244  142
71  N71  C  2276  315
72  N72  C  2276  496
73  N73  C  2276  654
74  N74  C  2315  654
75  N75  C  2315  496
76  N76  C  2315  315
77  N77  C  2331  142
78  N78  T  2346  315
79  N79  T  2346  496
80  N80  C  2346  654
81  N81  C  2362  142
82  N82  C  2402  157
83  N83  C  2402  220
84  N84  T  2480  142
85  N85  C  2496  370
86  N86  C  2528  1276
87  N87  C  2559  1213
88  N88  C  2630  630
89  N89  C  2638  732
90  N90  C  2756  69
91  N91  T  2787  69
92  N92  C  2803  370
93  N93  C  2835  1276
94  N94  C  2866  1213
95  N95  C  2906  69
96  N96  C  2937  69
97  N97  C  2937  630
98  N98  C  2945  732
99  N99  C  3016  1276

DEMANDES
19 33 ( 19 55 47 62 33 ) ( 19 36 33 )
51 95 ( 51 71 14 60 95 ) ( 51 1 24 95 )
13 80 ( 13 80 ) ( 13 12 10 80 )
99 21 ( 99 61 29 21 ) ( 99 63 52 49 21 )
97 29 ( 97 76 40 89 29 ) ( 97 28 35 29 )
80 6 ( 80 8 19 66 6 ) ( 80 89 34 6 )
6 2 ( 6 23 2 ) ( 6 97 2 )
90 85 ( 90 37 85 ) ( 90 76 51 85 )
66 53 ( 66 53 ) ( 66 93 72 53 )
28 73 ( 28 68 16 73 ) ( 28 44 88 73 )
82 33 ( 82 33 ) ( 82 35 68 95 33 )
58 65 ( 58 92 81 68 65 ) ( 58 48 21 65 )
95 92 ( 95 92 ) ( 95 64 43 61 92 )
28 30 ( 28 18 30 ) ( 28 27 30 )
55 41 ( 55 41 ) ( 55 10 12 49 41 )
76 98 ( 76 38 74 36 98 ) ( 76 29 23 58 98 )
24 15 ( 24 16 74 15 ) ( 24 7 15 )
95 5 ( 95 24 73 5 ) ( 95 65 5 )
96 63 ( 96 13 52 7 63 ) ( 96 6 63 )
20 46 ( 20 75 5 15 46 ) ( 20 99 88 46 )
12 99 ( 12 99 ) ( 12 7 0 92 99 )
59 18 ( 59 18 ) ( 59 81 35 18 )
55 57 ( 55 9 57 ) ( 55 53 75 30 57 )
99 57 ( 99 62 3 74 57 ) ( 99 83 92 87 57 )
83 97 ( 83 98 66 97 ) ( 83 49 16 88 97 )
7 64 ( 7 64 ) ( 7 22 70 64 )
31 32 ( 31 32 ) ( 31 63 32 )
22 65 ( 22 28 54 65 ) ( 22 71 11 47 65 )
59 94 ( 59 43 94 ) ( 59 0 34 94 )
59 83 ( 59 83 ) ( 59 48 30 71 83 )
18 62 ( 18 62 ) ( 18 69 67 62 )
63 34 ( 63 34 ) ( 63 62 73 34 )
32 74 ( 32 74 ) ( 32 68 65 25 74 )
53 8 ( 53 68 8 ) ( 53 9 11 36 8 )
57 59 ( 57 77 28 59 ) ( 57 32 59 )
18 98 ( 18 98 ) ( 18 33 43 95 98 )
76 69 ( 76 69 ) ( 76 38 77 94 69 )
86 20 ( 86 29 90 87 20 ) ( 86 49 57 20 )
16 27 ( 16 46 49 29 27 ) ( 16 18 68 27 )
72 13 ( 72 83 17 13 ) ( 72 22 49 13 )
12 13 ( 12 93 13 ) ( 12 90 13 )
62 83 ( 62 33 65 60 83 ) ( 62 25 15 83 )
7 10 ( 7 28 33 10 ) ( 7 9 42 10 )
93 58 ( 93 76 58 ) ( 93 48 15 58 )
88 62 ( 88 55 42 62 ) ( 88 82 62 )
24 32 ( 24 98 33 32 ) ( 24 89 13 32 )
41 0 ( 41 29 11 86 0 ) ( 41 72 4 44 0 )
98 70 ( 98 70 ) ( 98 86 9 70 )
9 38 ( 9 80 38 ) ( 9 13 5 38 )
5 45 ( 5 44 11 58 45 ) ( 5 57 52 59 45 )
36 30 ( 36 16 60 52 30 ) ( 36 61 59 30 )
23 82 ( 23 82 ) ( 23 92 82 )
16 48 ( 16 48 ) ( 16 29 35 87 48 )
34 81 ( 34 25 77 81 ) ( 34 62 81 )
83 30 ( 83 30 ) ( 83 61 30 )
10 67 ( 10 20 40 31 67 ) ( 10 43 23 38 67 )
53 15 ( 53 38 30 15 ) ( 53 73 15 )
26 64 ( 26 68 80 64 ) ( 26 69 31 0 64 )
53 61 ( 53 40 36 61 ) ( 53 71 80 61 )
67 15 ( 67 15 ) ( 67 68 15 )
18 61 ( 18 0 30 61 ) ( 18 26 65 61 )
85 18 ( 85 87 18 ) ( 85 65 31 88 18 )
18 15 ( 18 67 90 15 ) ( 18 19 70 86 15 )
54 73 ( 54 92 55 93 73 ) ( 54 49 73 )
55 93 ( 55 59 65 99 93 ) ( 55 32 87 58 93 )

EOF