DIMENSIONS
20 sommetsG2
18 sommetsG1
35 dem

SOMMETS
0  N0  C  63  71
1  N1  C  94  71
2  N2  C  142  370
3  N3  C  173  1276
4  N4  C  205  1213
5  N5  C  213  69
6  N6  C  244  69
7  N7  T  276  630
8  N8  C  283  732
9  N9  C  362  69
10  N10  C  394  69
11  N11  C  449  370
12  N12  C  480  1276
13  N13  C  512  1213
14  N14  C  528  157
15  N15  C  583  630
16  N16  T  591  732
17  N17  C  638  654
18  N18  C  638  496
19  N19  C  638  314

DEMANDES
15 18 ( 15 18 ) ( 15 5 11 18 )
9 12 ( 9 19 12 ) ( 9 18 14 12 )
2 12 ( 2 12 ) ( 2 3 12 )
8 2 ( 8 2 ) ( 8 4 10 12 2 )
5 12 ( 5 19 15 12 ) ( 5 10 8 12 )
17 5 ( 17 18 5 ) ( 17 1 10 3 5 )
13 17 ( 13 0 17 ) ( 13 9 17 )
1 4 ( 1 17 5 10 4 ) ( 1 15 13 0 4 )
8 18 ( 8 5 14 12 18 ) ( 8 13 3 17 18 )
6 4 ( 6 13 19 11 4 ) ( 6 17 8 4 )
18 13 ( 18 4 19 2 13 ) ( 18 17 12 13 )
8 12 ( 8 6 12 ) ( 8 4 3 5 12 )
11 8 ( 11 8 ) ( 11 2 9 15 8 )
19 18 ( 19 14 5 18 ) ( 19 4 11 18 )
4 3 ( 4 15 14 3 ) ( 4 1 3 )
19 1 ( 19 4 15 1 ) ( 19 14 1 )
13 19 ( 13 1 2 19 ) ( 13 10 4 9 19 )
11 15 ( 11 15 ) ( 11 19 15 )
4 17 ( 4 17 ) ( 4 1 0 18 17 )
11 3 ( 11 3 ) ( 11 18 9 3 )
13 1 ( 13 6 19 1 ) ( 13 11 17 14 1 )
12 0 ( 12 18 17 0 ) ( 12 19 14 13 0 )
9 3 ( 9 1 12 4 3 ) ( 9 14 6 13 3 )
10 19 ( 10 14 19 ) ( 10 2 9 19 )
11 18 ( 11 8 18 ) ( 11 0 6 18 )
11 4 ( 11 9 6 4 ) ( 11 14 3 4 )
8 13 ( 8 6 3 13 ) ( 8 12 14 13 )
6 14 ( 6 14 ) ( 6 13 5 10 14 )
1 5 ( 1 2 11 13 5 ) ( 1 15 6 3 5 )
19 0 ( 19 3 8 18 0 ) ( 19 15 0 )
13 2 ( 13 15 18 2 ) ( 13 17 4 2 )
15 10 ( 15 18 10 ) ( 15 17 9 11 10 )
3 5 ( 3 9 13 14 5 ) ( 3 2 12 5 )
9 14 ( 9 14 ) ( 9 2 14 )
2 6 ( 2 12 9 13 6 ) ( 2 5 3 1 6 )

EOF