DIMENSIONS
90 sommetsG2
85 sommetsG1
90 dem

SOMMETS
0  N0  C  63  71
1  N1  C  94  71
2  N2  C  142  370
3  N3  C  173  1276
4  N4  C  205  1213
5  N5  C  213  69
6  N6  C  244  69
7  N7  C  276  630
8  N8  C  283  732
9  N9  C  362  69
10  N10  C  394  69
11  N11  C  449  370
12  N12  C  480  1276
13  N13  C  512  1213
14  N14  C  528  157
15  N15  C  583  630
16  N16  C  591  732
17  N17  C  638  654
18  N18  C  638  496
19  N19  C  638  314
20  N20  C  638  142
21  N21  C  669  142
22  N22  C  677  315
23  N23  C  677  496
24  N24  C  677  654
25  N25  C  709  654
26  N26  C  709  496
27  N27  C  709  315
28  N28  C  701  142
29  N29  C  764  220
30  N30  C  811  189
31  N31  C  843  173
32  N32  C  858  370
33  N33  C  890  1276
34  N34  C  921  1213
35  N35  T  992  630
36  N36  C  1000  732
37  N37  C  1197  1276
38  N38  C  1228  1213
39  N39  C  1276  205
40  N40  C  1299  630
41  N41  C  1307  732
42  N42  C  1362  654
43  N43  C  1362  496
44  N44  C  1362  291
45  N45  C  1425  654
46  N46  C  1425  496
47  N47  C  1425  291
48  N48  C  1417  173
49  N49  C  1488  291
50  N50  C  1488  496
51  N51  C  1488  654
52  N52  C  1551  654
53  N53  C  1551  496
54  N54  C  1551  291
55  N55  C  1614  291
56  N56  C  1614  496
57  N57  C  1614  654
58  N58  C  1732  189
59  N59  C  1811  1276
60  N60  C  1843  1213
61  N61  C  1913  630
62  N62  C  1921  732
63  N63  C  2087  370
64  N64  C  2118  1276
65  N65  C  2150  1213
66  N66  C  2189  205
67  N67  C  2220  189
68  N68  C  2220  630
69  N69  C  2228  732
70  N70  T  2244  142
71  N71  T  2276  315
72  N72  C  2276  496
73  N73  C  2276  654
74  N74  C  2315  654
75  N75  T  2315  496
76  N76  C  2315  315
77  N77  C  2331  142
78  N78  C  2346  315
79  N79  C  2346  496
80  N80  C  2346  654
81  N81  C  2362  142
82  N82  T  2402  157
83  N83  C  2402  220
84  N84  C  2480  142
85  N85  C  2496  370
86  N86  C  2528  1276
87  N87  C  2559  1213
88  N88  C  2630  630
89  N89  C  2638  732

DEMANDES
17 30 ( 17 49 42 56 30 ) ( 17 32 30 )
46 85 ( 46 64 12 54 85 ) ( 46 1 21 85 )
12 72 ( 12 72 ) ( 12 11 9 72 )
89 19 ( 89 55 26 19 ) ( 89 57 47 44 19 )
87 26 ( 87 69 36 80 26 ) ( 87 25 31 26 )
72 6 ( 72 7 17 59 6 ) ( 72 80 31 6 )
5 1 ( 5 21 1 ) ( 5 87 1 )
81 76 ( 81 33 76 ) ( 81 68 46 76 )
60 47 ( 60 47 ) ( 60 83 64 47 )
25 66 ( 25 61 14 66 ) ( 25 39 79 66 )
74 29 ( 74 29 ) ( 74 31 61 86 29 )
52 59 ( 52 83 73 61 59 ) ( 52 81 43 59 )
19 85 ( 19 79 57 38 85 ) ( 19 55 85 )
25 27 ( 25 16 27 ) ( 25 24 27 )
50 37 ( 50 37 ) ( 50 9 11 44 37 )
68 88 ( 68 34 67 33 88 ) ( 68 26 20 52 88 )
21 13 ( 21 14 67 13 ) ( 21 6 13 )
85 4 ( 85 21 65 4 ) ( 85 59 4 )
87 57 ( 87 12 46 7 57 ) ( 87 6 57 )
18 41 ( 18 68 4 14 41 ) ( 18 89 80 41 )
11 89 ( 11 89 ) ( 11 6 0 83 89 )
53 16 ( 53 16 ) ( 53 73 32 16 )
49 52 ( 49 8 52 ) ( 49 47 68 27 52 )
89 51 ( 89 56 3 67 51 ) ( 89 74 83 78 51 )
74 88 ( 74 60 44 88 ) ( 74 14 80 6 88 )
58 22 ( 58 63 28 22 ) ( 58 29 22 )
20 6 ( 20 58 45 6 ) ( 20 87 6 )
25 49 ( 25 42 53 49 ) ( 25 84 49 )
40 30 ( 40 0 31 53 30 ) ( 40 74 21 30 )
60 43 ( 60 64 43 ) ( 60 16 43 )
55 3 ( 55 60 3 ) ( 55 57 31 16 3 )
54 56 ( 54 66 18 56 ) ( 54 61 56 )
58 23 ( 58 78 61 23 ) ( 58 8 23 )
10 32 ( 10 59 25 32 ) ( 10 69 29 32 )
17 88 ( 17 88 ) ( 17 29 16 39 88 )
86 68 ( 86 61 34 68 ) ( 86 69 68 )
84 77 ( 84 77 ) ( 84 49 26 81 77 )
81 78 ( 81 14 78 ) ( 81 24 77 78 )
44 41 ( 44 26 16 61 41 ) ( 44 65 12 41 )
54 44 ( 54 16 19 10 44 ) ( 54 12 32 29 44 )
83 81 ( 83 73 44 81 ) ( 83 30 59 54 81 )
23 13 ( 23 13 ) ( 23 58 13 )
32 25 ( 32 38 25 ) ( 32 84 25 )
52 23 ( 52 43 14 23 ) ( 52 79 56 46 23 )
18 50 ( 18 21 50 ) ( 18 29 65 57 50 )
88 30 ( 88 36 0 69 30 ) ( 88 26 30 )
10 77 ( 10 40 88 77 ) ( 10 63 77 )
18 42 ( 18 8 34 27 42 ) ( 18 59 42 )
72 11 ( 72 11 ) ( 72 41 11 )
62 39 ( 62 39 ) ( 62 52 47 39 )
53 32 ( 53 42 32 ) ( 53 15 54 47 32 )
55 53 ( 55 53 ) ( 55 6 8 83 53 )
15 43 ( 15 43 ) ( 15 26 32 79 43 )
30 73 ( 30 23 56 73 ) ( 30 27 73 )
19 17 ( 19 60 64 17 ) ( 19 18 17 )
36 28 ( 36 34 28 ) ( 36 47 28 )
13 49 ( 13 49 ) ( 13 34 27 49 )
66 23 ( 66 61 72 23 ) ( 66 62 28 23 )
58 0 ( 58 55 57 0 ) ( 58 46 36 32 0 )
64 72 ( 64 2 5 72 ) ( 64 61 72 )
16 55 ( 16 0 27 55 ) ( 16 23 58 55 )
77 16 ( 77 79 16 ) ( 77 58 28 14 16 )
45 74 ( 45 17 63 74 ) ( 45 78 49 66 74 )
83 20 ( 83 84 44 49 20 ) ( 83 73 53 20 )
59 89 ( 59 78 53 57 89 ) ( 59 68 89 )
69 23 ( 69 15 77 23 ) ( 69 78 59 23 )
37 55 ( 37 48 13 55 ) ( 37 52 2 55 )
63 46 ( 63 10 44 45 46 ) ( 63 4 73 46 )
34 57 ( 34 37 57 ) ( 34 22 57 )
36 1 ( 36 73 52 1 ) ( 36 40 42 1 )
89 5 ( 89 5 ) ( 89 53 20 5 )
19 56 ( 19 41 39 76 56 ) ( 19 85 80 69 56 )
30 48 ( 30 48 ) ( 30 85 41 48 )
79 87 ( 79 87 ) ( 79 68 81 87 )
23 68 ( 23 36 50 49 68 ) ( 23 55 68 )
17 43 ( 17 18 43 ) ( 17 54 77 43 )
9 33 ( 9 33 ) ( 9 53 60 33 )
53 5 ( 53 21 1 5 ) ( 53 30 0 5 )
83 54 ( 83 15 40 43 54 ) ( 83 57 86 13 54 )
26 79 ( 26 67 79 ) ( 26 42 24 85 79 )
11 77 ( 11 83 16 77 ) ( 11 25 15 18 77 )
56 15 ( 56 15 ) ( 56 85 15 )
1 14 ( 1 14 ) ( 1 58 9 14 )
55 6 ( 55 39 6 ) ( 55 26 21 6 )
50 17 ( 50 17 ) ( 50 73 67 17 )
32 89 ( 32 89 ) ( 32 18 59 89 )
62 29 ( 62 30 4 69 29 ) ( 62 72 61 29 )
81 28 ( 81 72 17 53 28 ) ( 81 4 28 )
9 14 ( 9 14 ) ( 9 53 14 )
5 80 ( 5 83 42 23 80 ) ( 5 52 80 )

EOF