DIMENSIONS
60 sommetsG2
55 sommetsG1
120 dem

SOMMETS
0  N0  C  155.42  150.65
1  N1  C  375.92  164.65
2  N2  C  183.92  150.65
3  N3  C  205.42  150.65
4  N4  C  205.42  171.65
5  N5  C  226.42  171.65
6  N6  C  226.42  186.15
7  N7  C  226.42  207.15
8  N8  C  226.42  235.65
9  N9  C  226.42  264.15
10  N10  C  226.42  292.65
11  N11  C  226.42  314.15
12  N12  C  226.42  335.65
13  N13  C  205.42  335.65
14  N14  C  190.92  335.65
15  N15  C  190.92  328.15
16  N16  C  176.92  328.15
17  N17  C  176.92  299.65
18  N18  C  155.42  299.65
19  N19  C  155.42  328.15
20  N20  C  155.42  356.65
21  N21  C  183.92  356.65
22  N22  C  219.42  356.65
23  N23  T  240.92  356.65
24  N24  C  269.42  356.65
25  N25  C  290.42  356.65
26  N26  C  387.42  136.15
27  N27  C  318.92  356.65
28  N28  C  318.92  335.65
29  N29  C  318.92  328.15
30  N30  C  318.92  299.65
31  N31  C  297.92  299.65
32  N32  C  290.42  328.15
33  N33  C  290.42  335.65
34  N34  C  297.92  328.15
35  N35  C  254.92  335.65
36  N36  C  254.92  314.15
37  N37  C  254.92  292.65
38  N38  C  254.92  271.65
39  N39  C  254.92  243.15
40  N40  C  254.92  221.65
41  N41  C  254.92  193.15
42  N42  C  254.92  171.65
43  N43  C  276.42  171.65
44  N44  C  296.42  150.65
45  N45  C  276.42  150.65
46  N46  T  375.92  150.65
47  N47  T  308.92  150.65
48  N48  C  354.92  164.65
49  N49  C  338.42  174.65
50  N50  T  354.92  174.65
51  N51  C  338.42  200.15
52  N52  C  338.42  221.65
53  N53  C  354.92  221.65
54  N54  T  354.92  200.15
55  N55  C  361.92  200.15
56  N56  C  361.92  186.15
57  N57  C  383.42  186.15
58  N58  C  383.42  179.15
59  N59  C  404.42  179.15

DEMANDES
11 20 ( 11 33 28 37 20 ) ( 11 21 20 )
30 57 ( 30 43 8 36 57 ) ( 30 0 14 57 )
8 48 ( 8 48 ) ( 8 7 6 48 )
59 13 ( 59 36 17 13 ) ( 59 38 31 29 13 )
58 17 ( 58 24 53 16 17 ) ( 58 21 48 17 )
55 4 ( 55 5 11 39 4 ) ( 55 53 20 4 )
3 1 ( 3 14 1 ) ( 3 58 1 )
51 15 ( 51 45 30 15 ) ( 51 40 31 15 )
2 26 ( 2 43 17 44 26 ) ( 2 38 21 41 26 )
9 26 ( 9 19 13 53 26 ) ( 9 21 41 57 26 )
35 39 ( 35 55 48 41 39 ) ( 35 28 12 39 )
57 55 ( 57 55 ) ( 57 38 25 37 55 )
16 18 ( 16 11 18 ) ( 16 33 18 )
24 10 ( 24 7 29 45 10 ) ( 24 59 10 )
56 41 ( 56 22 41 ) ( 56 17 13 35 41 )
14 9 ( 14 44 4 9 ) ( 14 57 9 )
3 31 ( 3 31 ) ( 3 43 31 )
39 58 ( 39 5 8 58 ) ( 39 31 4 12 58 )
27 49 ( 27 3 9 49 ) ( 27 59 12 53 49 )
7 59 ( 7 59 ) ( 7 4 0 55 59 )
35 10 ( 35 10 ) ( 35 49 21 10 )
33 34 ( 33 5 34 ) ( 33 31 45 18 34 )
59 34 ( 59 37 2 44 34 ) ( 59 49 55 52 34 )
49 58 ( 49 59 40 58 ) ( 49 29 9 53 58 )
4 38 ( 4 38 ) ( 4 13 42 38 )
19 13 ( 19 13 ) ( 19 39 30 13 )
58 16 ( 58 6 28 16 ) ( 58 35 56 27 16 )
20 26 ( 20 26 ) ( 20 35 49 26 )
14 40 ( 14 18 40 ) ( 14 42 10 40 )
37 2 ( 37 40 2 ) ( 37 38 20 11 2 )
36 37 ( 36 44 12 37 ) ( 36 55 37 )
41 39 ( 41 5 39 ) ( 41 15 52 39 )
41 5 ( 41 5 ) ( 41 34 35 5 )
39 17 ( 39 19 11 59 17 ) ( 39 0 17 )
49 19 ( 49 19 ) ( 49 57 55 19 )
45 41 ( 45 41 ) ( 45 56 51 12 41 )
32 17 ( 32 52 29 34 17 ) ( 32 9 16 51 17 )
29 27 ( 29 17 10 41 27 ) ( 29 43 8 27 )
36 29 ( 36 10 13 7 29 ) ( 36 8 21 19 29 )
55 37 ( 55 29 20 39 37 ) ( 55 36 15 9 37 )
4 6 ( 4 17 19 6 ) ( 4 5 25 6 )
56 35 ( 56 45 35 ) ( 56 29 9 35 )
52 37 ( 52 33 25 37 ) ( 52 49 37 )
14 19 ( 14 59 20 19 ) ( 14 53 8 19 )
24 0 ( 24 17 6 51 0 ) ( 24 43 2 26 0 )
59 42 ( 59 42 ) ( 59 51 5 42 )
5 22 ( 5 48 22 ) ( 5 7 3 22 )
3 27 ( 3 26 7 35 27 ) ( 3 34 31 21 27 )
18 53 ( 18 36 53 ) ( 18 31 53 )
37 35 ( 37 35 ) ( 37 4 5 55 35 )
10 28 ( 10 28 ) ( 10 17 21 52 28 )
20 48 ( 20 15 37 48 ) ( 20 18 48 )
13 11 ( 13 40 43 11 ) ( 13 12 11 )
24 18 ( 24 31 18 ) ( 24 9 18 )
33 0 ( 33 18 0 ) ( 33 44 15 0 )
38 33 ( 38 48 41 18 33 ) ( 38 0 31 37 33 )
38 31 ( 38 43 31 ) ( 38 48 40 31 )
9 1 ( 9 1 ) ( 9 11 37 42 1 )
34 0 ( 34 0 ) ( 34 15 0 )
39 51 ( 39 51 ) ( 39 40 52 51 )
39 18 ( 39 9 30 49 18 ) ( 39 40 18 )
11 42 ( 11 44 55 13 42 ) ( 11 33 56 42 )
29 33 ( 29 48 35 39 33 ) ( 29 59 56 19 33 )
52 35 ( 52 15 36 35 ) ( 52 28 10 51 35 )
52 39 ( 52 35 39 ) ( 52 38 32 39 )
8 34 ( 8 34 ) ( 8 31 49 30 34 )
6 29 ( 6 48 38 29 ) ( 6 27 29 )
8 24 ( 8 24 ) ( 8 1 43 24 )
34 48 ( 34 28 59 48 ) ( 34 3 4 48 )
38 35 ( 38 35 ) ( 38 37 35 )
55 44 ( 55 51 44 ) ( 55 57 56 44 )
53 20 ( 53 28 56 20 ) ( 53 27 20 )
53 58 ( 53 58 ) ( 53 45 15 58 )
45 57 ( 45 33 57 ) ( 45 37 11 57 )
28 21 ( 28 12 36 21 ) ( 28 51 6 22 21 )
11 38 ( 11 35 3 38 ) ( 11 33 14 1 38 )
20 0 ( 20 53 55 10 0 ) ( 20 26 29 0 )
38 57 ( 38 57 ) ( 38 52 57 )
21 53 ( 21 16 56 53 ) ( 21 7 51 53 )
37 43 ( 37 16 10 12 43 ) ( 37 7 43 )
13 56 ( 13 56 ) ( 13 7 56 )
27 38 ( 27 36 4 29 38 ) ( 27 26 38 )
17 14 ( 17 11 2 25 14 ) ( 17 48 45 14 )
21 59 ( 21 59 ) ( 21 12 39 59 )
41 19 ( 41 20 3 48 19 ) ( 41 40 18 19 )
45 17 ( 45 35 3 6 17 ) ( 45 9 17 )
14 8 ( 14 53 56 8 ) ( 14 3 8 )
55 28 ( 55 10 28 ) ( 55 35 48 28 )
55 31 ( 55 13 15 31 ) ( 55 38 32 0 31 )
55 20 ( 55 20 ) ( 55 24 18 20 )
40 38 ( 40 42 38 ) ( 40 19 38 )
12 45 ( 12 0 45 ) ( 12 51 36 19 45 )
40 31 ( 40 15 4 30 31 ) ( 40 53 31 )
36 31 ( 36 44 20 21 31 ) ( 36 2 1 0 31 )
29 17 ( 29 30 28 17 ) ( 29 4 11 55 17 )
2 5 ( 2 5 ) ( 2 36 57 52 5 )
9 28 ( 9 0 34 44 28 ) ( 9 55 5 56 28 )
6 16 ( 6 16 ) ( 6 5 44 10 16 )
56 45 ( 56 45 ) ( 56 20 41 27 45 )
26 39 ( 26 7 39 ) ( 26 4 22 39 )
8 39 ( 8 39 ) ( 8 34 12 40 39 )
31 18 ( 31 7 2 30 18 ) ( 31 12 27 9 18 )
18 26 ( 18 26 ) ( 18 7 27 26 )
52 3 ( 52 3 ) ( 52 10 55 3 )
6 35 ( 6 32 24 35 ) ( 6 49 34 55 35 )
13 22 ( 13 48 22 ) ( 13 44 22 )
56 49 ( 56 30 37 49 ) ( 56 34 40 49 )
1 45 ( 1 8 11 45 ) ( 1 44 45 )
11 40 ( 11 53 40 ) ( 11 6 40 )
28 16 ( 28 16 ) ( 28 39 16 )
30 56 ( 30 56 ) ( 30 33 56 )
38 52 ( 38 52 ) ( 38 37 49 48 52 )
1 35 ( 1 17 4 35 ) ( 1 52 10 21 35 )
26 22 ( 26 19 52 22 ) ( 26 36 22 )
6 48 ( 6 22 16 48 ) ( 6 35 4 48 )
25 52 ( 25 28 17 52 ) ( 25 13 14 52 )
34 18 ( 34 18 ) ( 34 28 29 11 18 )
51 8 ( 51 0 8 ) ( 51 17 8 )
48 39 ( 48 2 57 39 ) ( 48 6 39 )
51 12 ( 51 40 27 49 12 ) ( 51 53 42 12 )

EOF