DIMENSIONS
70 sommetsG2
65 sommetsG1
14 dem

SOMMETS
0  N0  C  155.42  150.65
1  N1  C  375.92  164.65
2  N2  C  183.92  150.65
3  N3  C  205.42  150.65
4  N4  C  205.42  171.65
5  N5  C  226.42  171.65
6  N6  C  226.42  186.15
7  N7  C  226.42  207.15
8  N8  C  226.42  235.65
9  N9  C  226.42  264.15
10  N10  C  226.42  292.65
11  N11  C  226.42  314.15
12  N12  C  226.42  335.65
13  N13  C  205.42  335.65
14  N14  C  190.92  335.65
15  N15  C  190.92  328.15
16  N16  C  176.92  328.15
17  N17  C  176.92  299.65
18  N18  C  155.42  299.65
19  N19  C  155.42  328.15
20  N20  C  155.42  356.65
21  N21  C  183.92  356.65
22  N22  C  219.42  356.65
23  N23  C  240.92  356.65
24  N24  C  269.42  356.65
25  N25  C  290.42  356.65
26  N26  C  387.42  136.15
27  N27  T  318.92  356.65
28  N28  C  318.92  335.65
29  N29  C  318.92  328.15
30  N30  C  318.92  299.65
31  N31  C  297.92  299.65
32  N32  C  290.42  328.15
33  N33  C  290.42  335.65
34  N34  C  297.92  328.15
35  N35  C  254.92  335.65
36  N36  C  254.92  314.15
37  N37  C  254.92  292.65
38  N38  C  254.92  271.65
39  N39  C  254.92  243.15
40  N40  C  254.92  221.65
41  N41  C  254.92  193.15
42  N42  C  254.92  171.65
43  N43  C  276.42  171.65
44  N44  C  296.42  150.65
45  N45  C  276.42  150.65
46  N46  C  375.92  150.65
47  N47  C  308.92  150.65
48  N48  C  354.92  164.65
49  N49  C  338.42  174.65
50  N50  C  354.92  174.65
51  N51  C  338.42  200.15
52  N52  C  338.42  221.65
53  N53  C  354.92  221.65
54  N54  T  354.92  200.15
55  N55  T  361.92  200.15
56  N56  C  361.92  186.15
57  N57  C  383.42  186.15
58  N58  T  383.42  179.15
59  N59  C  404.42  179.15
60  N60  C  404.42  186.15
61  N61  C  418.92  186.15
62  N62  C  418.92  200.15
63  N63  T  432.92  200.15
64  N64  C  432.92  221.65
65  N65  C  418.92  221.65
66  N66  C  418.92  235.65
67  N67  C  397.42  235.65
68  N68  C  397.42  243.15
69  N69  C  375.92  243.15

DEMANDES
13 23 ( 13 38 33 44 23 ) ( 13 25 23 )
35 66 ( 35 50 9 42 66 ) ( 35 1 17 66 )
9 56 ( 9 56 ) ( 9 7 69 56 )
15 35 ( 15 20 44 36 35 ) ( 15 34 68 35 )
20 53 ( 20 28 62 53 ) ( 20 19 24 56 53 )
64 4 ( 64 6 13 46 4 ) ( 64 62 24 4 )
4 1 ( 4 16 1 ) ( 4 67 1 )
59 18 ( 59 53 35 18 ) ( 59 46 37 18 )
2 30 ( 2 50 19 51 30 ) ( 2 44 24 48 30 )
11 30 ( 11 23 16 62 30 ) ( 11 24 48 66 30 )
41 46 ( 41 64 57 47 46 ) ( 41 33 15 46 )
66 64 ( 66 64 ) ( 66 44 30 43 64 )
19 21 ( 19 13 21 ) ( 19 38 21 )
29 11 ( 29 8 34 53 11 ) ( 29 68 11 )

EOF