DIMENSIONS
80 sommetsG2
75 sommetsG1
45 dem

SOMMETS
0  N0  C  155.42  150.65
1  N1  C  375.92  164.65
2  N2  C  183.92  150.65
3  N3  C  205.42  150.65
4  N4  C  205.42  171.65
5  N5  C  226.42  171.65
6  N6  C  226.42  186.15
7  N7  C  226.42  207.15
8  N8  C  226.42  235.65
9  N9  C  226.42  264.15
10  N10  C  226.42  292.65
11  N11  C  226.42  314.15
12  N12  C  226.42  335.65
13  N13  C  205.42  335.65
14  N14  C  190.92  335.65
15  N15  C  190.92  328.15
16  N16  C  176.92  328.15
17  N17  C  176.92  299.65
18  N18  C  155.42  299.65
19  N19  C  155.42  328.15
20  N20  C  155.42  356.65
21  N21  C  183.92  356.65
22  N22  C  219.42  356.65
23  N23  C  240.92  356.65
24  N24  C  269.42  356.65
25  N25  C  290.42  356.65
26  N26  C  387.42  136.15
27  N27  C  318.92  356.65
28  N28  C  318.92  335.65
29  N29  C  318.92  328.15
30  N30  C  318.92  299.65
31  N31  T  297.92  299.65
32  N32  C  290.42  328.15
33  N33  C  290.42  335.65
34  N34  C  297.92  328.15
35  N35  C  254.92  335.65
36  N36  C  254.92  314.15
37  N37  C  254.92  292.65
38  N38  C  254.92  271.65
39  N39  C  254.92  243.15
40  N40  C  254.92  221.65
41  N41  C  254.92  193.15
42  N42  C  254.92  171.65
43  N43  C  276.42  171.65
44  N44  C  296.42  150.65
45  N45  C  276.42  150.65
46  N46  C  375.92  150.65
47  N47  C  308.92  150.65
48  N48  C  354.92  164.65
49  N49  C  338.42  174.65
50  N50  C  354.92  174.65
51  N51  C  338.42  200.15
52  N52  C  338.42  221.65
53  N53  C  354.92  221.65
54  N54  C  354.92  200.15
55  N55  C  361.92  200.15
56  N56  C  361.92  186.15
57  N57  C  383.42  186.15
58  N58  C  383.42  179.15
59  N59  C  404.42  179.15
60  N60  C  404.42  186.15
61  N61  C  418.92  186.15
62  N62  T  418.92  200.15
63  N63  T  432.92  200.15
64  N64  C  432.92  221.65
65  N65  C  418.92  221.65
66  N66  C  418.92  235.65
67  N67  T  397.42  235.65
68  N68  C  397.42  243.15
69  N69  C  375.92  243.15
70  N70  C  375.92  257.15
71  N71  C  368.92  257.15
72  N72  T  368.92  264.15
73  N73  C  347.42  264.15
74  N74  C  347.42  278.65
75  N75  C  336.42  278.65
76  N76  C  336.42  328.15
77  N77  C  347.42  328.15
78  N78  C  347.42  342.65
79  N79  C  368.92  342.65

DEMANDES
15 26 ( 15 44 38 50 26 ) ( 15 29 26 )
41 76 ( 41 57 11 48 76 ) ( 41 1 19 76 )
10 64 ( 10 64 ) ( 10 8 79 64 )
17 41 ( 17 23 51 39 41 ) ( 17 77 61 41 )
42 61 ( 42 22 61 ) ( 42 28 64 73 61 )
5 75 ( 5 15 53 75 ) ( 5 71 75 )
27 5 ( 27 5 ) ( 27 19 77 5 )
68 21 ( 68 60 41 21 ) ( 68 53 42 21 )
3 35 ( 3 57 22 59 35 ) ( 3 51 28 55 35 )
13 35 ( 13 26 18 71 35 ) ( 13 28 54 76 35 )
47 52 ( 47 73 65 54 52 ) ( 47 38 17 52 )
76 73 ( 76 73 ) ( 76 51 34 49 73 )
22 24 ( 22 15 24 ) ( 22 44 24 )
33 13 ( 33 10 39 60 13 ) ( 33 78 13 )
74 54 ( 74 29 54 ) ( 74 23 18 46 54 )
19 12 ( 19 13 59 12 ) ( 19 5 12 )
76 4 ( 76 19 58 4 ) ( 76 52 4 )
77 51 ( 77 10 41 6 51 ) ( 77 5 51 )
16 36 ( 16 60 4 12 36 ) ( 16 79 71 36 )
10 79 ( 10 79 ) ( 10 5 0 73 79 )
47 14 ( 47 14 ) ( 47 73 65 14 )
28 44 ( 28 54 7 44 ) ( 28 42 60 44 )
24 79 ( 24 59 50 79 ) ( 24 2 66 74 79 )
69 66 ( 69 78 53 39 66 ) ( 69 13 71 6 66 )
51 19 ( 51 56 25 19 ) ( 51 26 19 )
18 5 ( 18 52 40 5 ) ( 18 77 5 )
22 43 ( 22 37 47 43 ) ( 22 75 43 )
36 26 ( 36 0 27 47 26 ) ( 36 66 18 26 )
54 38 ( 54 56 38 ) ( 54 14 38 )
49 3 ( 49 53 3 ) ( 49 51 27 14 3 )
48 50 ( 48 59 16 50 ) ( 48 73 50 )
54 52 ( 54 7 52 ) ( 54 20 70 52 )
54 7 ( 54 7 ) ( 54 46 47 7 )
53 23 ( 53 26 15 78 23 ) ( 53 0 23 )
66 26 ( 66 26 ) ( 66 76 73 26 )
61 55 ( 61 55 ) ( 61 30 75 73 55 )
68 16 ( 68 23 69 39 16 ) ( 68 46 13 16 )
21 69 ( 21 39 69 ) ( 21 23 14 69 )
54 58 ( 54 58 ) ( 54 39 57 58 )
14 17 ( 14 11 17 ) ( 14 28 17 )
25 74 ( 25 66 65 39 74 ) ( 25 26 52 74 )
48 20 ( 48 20 ) ( 48 8 20 )
51 29 ( 51 7 29 ) ( 51 34 29 )
74 46 ( 74 60 46 ) ( 74 38 12 46 )
70 50 ( 70 44 34 50 ) ( 70 66 50 )

EOF