DIMENSIONS
95 sommetsG2
90 sommetsG1
55 dem

SOMMETS
0  N0  C  155.42  150.65
1  N1  C  375.92  164.65
2  N2  C  183.92  150.65
3  N3  C  205.42  150.65
4  N4  C  205.42  171.65
5  N5  C  226.42  171.65
6  N6  C  226.42  186.15
7  N7  C  226.42  207.15
8  N8  C  226.42  235.65
9  N9  C  226.42  264.15
10  N10  C  226.42  292.65
11  N11  C  226.42  314.15
12  N12  C  226.42  335.65
13  N13  C  205.42  335.65
14  N14  C  190.92  335.65
15  N15  C  190.92  328.15
16  N16  C  176.92  328.15
17  N17  C  176.92  299.65
18  N18  C  155.42  299.65
19  N19  C  155.42  328.15
20  N20  C  155.42  356.65
21  N21  C  183.92  356.65
22  N22  C  219.42  356.65
23  N23  C  240.92  356.65
24  N24  C  269.42  356.65
25  N25  C  290.42  356.65
26  N26  C  387.42  136.15
27  N27  C  318.92  356.65
28  N28  C  318.92  335.65
29  N29  C  318.92  328.15
30  N30  C  318.92  299.65
31  N31  C  297.92  299.65
32  N32  C  290.42  328.15
33  N33  C  290.42  335.65
34  N34  C  297.92  328.15
35  N35  C  254.92  335.65
36  N36  C  254.92  314.15
37  N37  T  254.92  292.65
38  N38  C  254.92  271.65
39  N39  C  254.92  243.15
40  N40  C  254.92  221.65
41  N41  C  254.92  193.15
42  N42  C  254.92  171.65
43  N43  C  276.42  171.65
44  N44  C  296.42  150.65
45  N45  C  276.42  150.65
46  N46  C  375.92  150.65
47  N47  C  308.92  150.65
48  N48  C  354.92  164.65
49  N49  C  338.42  174.65
50  N50  C  354.92  174.65
51  N51  C  338.42  200.15
52  N52  C  338.42  221.65
53  N53  C  354.92  221.65
54  N54  C  354.92  200.15
55  N55  C  361.92  200.15
56  N56  C  361.92  186.15
57  N57  C  383.42  186.15
58  N58  C  383.42  179.15
59  N59  C  404.42  179.15
60  N60  C  404.42  186.15
61  N61  C  418.92  186.15
62  N62  C  418.92  200.15
63  N63  C  432.92  200.15
64  N64  C  432.92  221.65
65  N65  C  418.92  221.65
66  N66  C  418.92  235.65
67  N67  C  397.42  235.65
68  N68  C  397.42  243.15
69  N69  C  375.92  243.15
70  N70  C  375.92  257.15
71  N71  C  368.92  257.15
72  N72  C  368.92  264.15
73  N73  C  347.42  264.15
74  N74  T  347.42  278.65
75  N75  T  336.42  278.65
76  N76  C  336.42  328.15
77  N77  C  347.42  328.15
78  N78  C  347.42  342.65
79  N79  T  368.92  342.65
80  N80  C  368.92  353.65
81  N81  C  418.92  353.65
82  N82  C  418.92  342.65
83  N83  C  432.92  342.65
84  N84  C  432.92  356.65
85  N85  C  447.42  356.65
86  N86  T  447.42  321.15
87  N87  C  447.42  292.65
88  N88  C  432.92  292.65
89  N89  C  432.92  314.15
90  N90  C  418.92  314.15
91  N91  C  418.92  321.15
92  N92  C  397.42  321.15
93  N93  C  397.42  333.65
94  N94  C  375.92  333.65

DEMANDES
18 31 ( 18 52 45 59 31 ) ( 18 34 31 )
48 90 ( 48 68 13 57 90 ) ( 48 1 23 90 )
13 76 ( 13 76 ) ( 13 12 10 76 )
94 20 ( 94 58 28 20 ) ( 94 60 49 46 20 )
92 27 ( 92 73 38 84 27 ) ( 92 26 33 27 )
76 87 ( 76 87 ) ( 76 49 8 18 87 )
63 84 ( 63 1 84 ) ( 63 43 84 )
5 22 ( 5 80 25 51 22 ) ( 5 35 72 48 22 )
63 50 ( 63 50 ) ( 63 88 68 50 )
27 70 ( 27 65 15 70 ) ( 27 41 83 70 )
78 31 ( 78 31 ) ( 78 33 65 90 31 )
55 62 ( 55 87 77 65 62 ) ( 55 45 20 62 )
90 87 ( 90 87 ) ( 90 60 41 58 87 )
26 29 ( 26 17 29 ) ( 26 52 29 )
39 16 ( 39 11 47 72 16 ) ( 39 93 16 )
88 65 ( 88 35 65 ) ( 88 27 22 55 65 )
23 14 ( 23 15 70 14 ) ( 23 7 14 )
90 4 ( 90 22 69 4 ) ( 90 62 4 )
91 60 ( 91 12 49 7 60 ) ( 91 6 60 )
19 43 ( 19 71 4 14 43 ) ( 19 94 84 43 )
11 94 ( 11 94 ) ( 11 6 0 87 94 )
56 17 ( 56 17 ) ( 56 77 34 17 )
52 55 ( 52 9 55 ) ( 52 50 71 28 55 )
94 54 ( 94 59 3 71 54 ) ( 94 87 82 78 54 )
93 70 ( 93 63 47 15 70 ) ( 93 78 84 7 70 )
61 23 ( 61 66 30 23 ) ( 61 31 23 )
21 7 ( 21 61 48 7 ) ( 21 92 7 )
26 51 ( 26 44 56 51 ) ( 26 89 51 )
42 31 ( 42 0 32 56 31 ) ( 42 22 64 31 )
45 28 ( 45 59 3 28 ) ( 45 39 28 )
66 64 ( 66 17 57 64 ) ( 66 59 69 64 )
31 70 ( 31 70 ) ( 31 65 62 24 70 )
50 8 ( 50 65 8 ) ( 50 10 34 54 8 )
56 63 ( 56 27 63 ) ( 56 31 18 93 63 )
0 78 ( 0 41 78 ) ( 0 91 78 )
87 72 ( 87 65 36 72 ) ( 87 73 72 )
89 87 ( 89 52 28 85 87 ) ( 89 83 87 )
47 54 ( 47 54 ) ( 47 82 54 )
46 44 ( 46 27 17 64 44 ) ( 46 69 13 44 )
57 46 ( 57 16 21 47 46 ) ( 57 11 13 34 46 )
30 88 ( 30 77 47 31 88 ) ( 30 62 57 88 )
24 14 ( 24 14 ) ( 24 61 14 )
34 27 ( 34 40 27 ) ( 34 88 27 )
55 25 ( 55 46 14 25 ) ( 55 83 59 49 25 )
19 52 ( 19 23 52 ) ( 19 30 69 60 52 )
93 32 ( 93 39 0 73 32 ) ( 93 27 32 )
10 82 ( 10 42 93 82 ) ( 10 67 82 )
20 45 ( 20 9 36 28 45 ) ( 20 62 45 )
76 12 ( 76 12 ) ( 76 43 12 )
65 42 ( 65 42 ) ( 65 54 50 42 )
56 34 ( 56 45 34 ) ( 56 16 57 49 34 )
58 56 ( 58 56 ) ( 58 6 9 87 56 )
16 45 ( 16 45 ) ( 16 27 33 83 45 )
32 77 ( 32 24 73 77 ) ( 32 59 77 )
29 20 ( 29 20 ) ( 29 10 64 20 )

EOF