DIMENSIONS
55 sommetsG2
50 sommetsG1
110 dem

SOMMETS
0  Sao-paulo  C  -23.53  -46.63
1  Rio-de-janeiro  C  -22.91  -43.2
2  Salvador  C  -12.97  -38.5
3  Belo-horizonte  C  -19.92  -43.94
4  Fortaleza  C  -3.78  -38.59
5  Brasilia  C  -15.78  -47.91
6  Curitiba  C  -25.42  -49.29
7  Manaus  C  -3.12  -60.02
8  Recife  C  -8.08  -34.92
9  Belem  C  -1.44  -48.5
10  Porto-alegre  T  -30.04  -51.22
11  Goiania  C  -16.72  -49.26
12  Guarulhos  C  -23.46  -46.49
13  Campinas  C  -22.91  -47.08
14  Nova-iguacu  C  -22.74  -43.47
15  Sao-goncalo  C  -22.84  -43.07
16  Sao-luis  C  -2.5  -44.3
17  Maceio  C  -9.65  -35.75
18  Duque-de-caxias  C  -22.77  -43.31
19  Natal  C  -5.8  -35.22
20  Sao-bernardo-do-campo  C  -23.71  -46.54
21  Teresina  T  -5.1  -42.8
22  Campo-grande  C  -20.45  -54.63
23  Osasco  C  -23.53  -46.78
24  Santo-andre  C  -23.65  -46.53
25  Jaboatao  C  -8.11  -35.02
26  Joao-pessoa  C  -7.12  -34.86
27  Contagem  C  -19.91  -44.1
28  Sao-jose-dos-campos  C  -23.2  -45.88
29  Ribeirao-preto  C  -21.17  -47.8
30  Sorocaba  C  -23.49  -47.47
31  Uberlandia  C  -18.9  -48.28
32  Cuiaba  C  -15.61  -56.09
33  Aracaju  C  -10.91  -37.07
34  Niteroi  C  -22.9  -43.13
35  Juiz-de-fora  C  -21.75  -43.36
36  Sao-joao-de-meriti  C  -22.8  -43.35
37  Belford-roxo  C  -22.75  -43.42
38  Feira-de-santana  C  -12.25  -38.97
39  Londrina  C  -23.3  -51.18
40  Joinville  C  -26.32  -48.84
41  Ananindeua  C  -1.38  -48.38
42  Santos  C  -23.95  -46.33
43  Aparecida-de-goiania  T  -16.82  -49.24
44  Campos  C  -21.75  -41.34
45  Diadema  C  -23.69  -46.61
46  Vila-velha  T  -20.32  -40.28
47  Maua  C  -23.66  -46.46
48  Florianopolis  C  -27.6  -48.54
49  Olinda  C  -8  -34.85
50  Sao-jose-do-rio-preto  T  -20.8  -49.39
51  Caxias-do-sul  C  -29.18  -51.17
52  Serra  C  -20.13  -40.32
53  Carapicuiba  C  -23.52  -46.84
54  Campina-grande  C  -7.23  -35.88

DEMANDES
0 1 ( 0 12 28 1 ) ( 0 47 1 )
0 2 ( 0 3 2 ) ( 0 27 2 )
0 3 ( 0 12 3 ) ( 0 27 3 )
0 4 ( 0 12 4 ) ( 0 23 4 )
0 5 ( 0 13 5 ) ( 0 53 5 )
0 6 ( 0 53 6 ) ( 0 45 6 )
0 7 ( 0 29 7 ) ( 0 23 7 )
0 8 ( 0 33 8 ) ( 0 3 2 8 )
0 9 ( 0 5 9 ) ( 0 23 9 )
0 11 ( 0 31 11 ) ( 0 13 11 )
0 12 ( 0 45 12 ) ( 0 23 12 )
0 13 ( 0 23 13 ) ( 0 12 13 )
0 14 ( 0 12 14 ) ( 0 28 14 )
0 15 ( 0 1 15 ) ( 0 34 15 )
0 16 ( 0 13 16 ) ( 0 20 16 )
0 17 ( 0 3 17 ) ( 0 2 17 )
0 18 ( 0 14 18 ) ( 0 47 18 )
0 19 ( 0 27 19 ) ( 0 38 19 )
0 20 ( 0 47 20 ) ( 0 53 20 )
0 22 ( 0 53 22 ) ( 0 24 22 )
0 23 ( 0 45 23 ) ( 0 12 23 )
0 24 ( 0 20 24 ) ( 0 45 47 24 )
0 27 ( 0 12 27 ) ( 0 28 27 )
0 28 ( 0 20 28 ) ( 0 13 53 28 )
0 29 ( 0 13 29 ) ( 0 24 12 29 )
0 30 ( 0 53 30 ) ( 0 23 30 )
0 31 ( 0 29 31 ) ( 0 53 31 )
0 32 ( 0 13 32 ) ( 0 53 32 )
0 34 ( 0 36 34 ) ( 0 18 34 )
0 35 ( 0 24 35 ) ( 0 20 35 )
0 36 ( 0 12 36 ) ( 0 28 36 )
0 37 ( 0 12 37 ) ( 0 47 37 )
0 38 ( 0 12 38 ) ( 0 24 38 )
0 39 ( 0 53 39 ) ( 0 30 39 )
0 40 ( 0 23 40 ) ( 0 53 40 )
0 42 ( 0 24 42 ) ( 0 47 42 )
0 44 ( 0 12 44 ) ( 0 28 44 )
0 45 ( 0 24 45 ) ( 0 12 45 )
0 47 ( 0 12 47 ) ( 0 24 45 47 )
0 48 ( 0 20 48 ) ( 0 23 48 )
0 51 ( 0 20 51 ) ( 0 47 51 )
0 52 ( 0 12 52 ) ( 0 24 52 )
0 53 ( 0 23 53 ) ( 0 45 53 )
1 2 ( 1 34 2 ) ( 1 36 2 )
1 3 ( 1 18 3 ) ( 1 36 3 )
1 4 ( 1 34 4 ) ( 1 14 35 4 )
1 5 ( 1 36 5 ) ( 1 14 5 )
1 6 ( 1 42 6 ) ( 1 36 6 )
1 8 ( 1 34 8 ) ( 1 33 8 )
1 11 ( 1 36 11 ) ( 1 37 11 )
1 12 ( 1 28 12 ) ( 1 36 12 )
1 13 ( 1 14 13 ) ( 1 18 13 )
1 14 ( 1 37 14 ) ( 1 34 14 )
1 15 ( 1 37 15 ) ( 1 35 15 )
1 18 ( 1 37 36 18 ) ( 1 34 14 18 )
1 20 ( 1 47 20 ) ( 1 36 20 )
1 23 ( 1 28 23 ) ( 1 24 23 )
1 24 ( 1 36 24 ) ( 1 37 24 )
1 27 ( 1 35 27 ) ( 1 37 27 )
1 28 ( 1 37 28 ) ( 1 18 28 )
1 29 ( 1 36 29 ) ( 1 37 29 )
1 30 ( 1 12 30 ) ( 1 23 30 )
1 31 ( 1 37 31 ) ( 1 14 31 )
1 34 ( 1 18 34 ) ( 1 37 34 )
1 35 ( 1 18 35 ) ( 1 34 35 )
1 36 ( 1 37 36 ) ( 1 15 36 )
1 37 ( 1 18 37 ) ( 1 36 14 37 )
1 40 ( 1 37 40 ) ( 1 36 18 40 )
1 42 ( 1 37 42 ) ( 1 34 36 42 )
1 44 ( 1 34 15 44 ) ( 1 18 44 )
1 45 ( 1 20 45 ) ( 1 36 47 45 )
1 47 ( 1 36 47 ) ( 1 37 47 )
1 52 ( 1 34 52 ) ( 1 44 52 )
1 53 ( 1 12 23 53 ) ( 1 24 53 )
2 3 ( 2 27 3 ) ( 2 38 3 )
2 4 ( 2 33 4 ) ( 2 17 4 )
2 5 ( 2 38 5 ) ( 2 33 5 )
2 8 ( 2 33 8 ) ( 2 25 8 )
2 17 ( 2 33 25 17 ) ( 2 49 17 )
2 33 ( 2 38 33 ) ( 2 17 33 )
2 38 ( 2 25 38 ) ( 2 8 38 )
3 5 ( 3 27 5 ) ( 3 14 5 )
3 12 ( 3 27 12 ) ( 3 28 24 12 )
3 13 ( 3 27 13 ) ( 3 28 13 )
3 14 ( 3 35 14 ) ( 3 37 14 )
3 15 ( 3 35 15 ) ( 3 1 15 )
3 18 ( 3 37 18 ) ( 3 1 36 18 )
3 27 ( 3 35 27 ) ( 3 1 27 )
3 35 ( 3 18 35 ) ( 3 37 36 35 )
4 8 ( 4 49 8 ) ( 4 26 8 )
5 11 ( 5 27 11 ) ( 5 3 31 11 )
6 40 ( 6 53 40 ) ( 6 45 40 )
8 17 ( 8 25 17 ) ( 8 33 17 )
8 25 ( 8 49 25 ) ( 8 26 25 )
8 26 ( 8 25 26 ) ( 8 54 26 )
8 49 ( 8 25 49 ) ( 8 17 25 54 49 )
9 41 ( 9 16 4 41 ) ( 9 54 41 )
12 13 ( 12 53 23 13 ) ( 12 24 13 )
12 20 ( 12 24 20 ) ( 12 45 20 )
12 23 ( 12 0 23 ) ( 12 45 23 )
12 24 ( 12 47 24 ) ( 12 0 24 )
12 28 ( 12 47 28 ) ( 12 24 28 )
12 30 ( 12 23 30 ) ( 12 45 30 )
13 20 ( 13 24 20 ) ( 13 45 20 )
13 23 ( 13 53 23 ) ( 13 24 23 )
13 24 ( 13 45 24 ) ( 13 20 24 )
13 30 ( 13 53 30 ) ( 13 45 30 )
14 15 ( 14 18 37 15 ) ( 14 36 35 15 )
14 18 ( 14 37 18 ) ( 14 1 18 )
15 18 ( 15 34 18 ) ( 15 37 18 )

EOF