DIMENSIONS
45 sommetsG2
40 sommetsG1
50 dem

SOMMETS
0  Sao-paulo  C  -23.53  -46.63
1  Rio-de-janeiro  C  -22.91  -43.2
2  Salvador  C  -12.97  -38.5
3  Belo-horizonte  C  -19.92  -43.94
4  Fortaleza  C  -3.78  -38.59
5  Brasilia  C  -15.78  -47.91
6  Curitiba  C  -25.42  -49.29
7  Manaus  C  -3.12  -60.02
8  Recife  T  -8.08  -34.92
9  Belem  C  -1.44  -48.5
10  Porto-alegre  C  -30.04  -51.22
11  Goiania  C  -16.72  -49.26
12  Guarulhos  C  -23.46  -46.49
13  Campinas  C  -22.91  -47.08
14  Nova-iguacu  C  -22.74  -43.47
15  Sao-goncalo  C  -22.84  -43.07
16  Sao-luis  C  -2.5  -44.3
17  Maceio  T  -9.65  -35.75
18  Duque-de-caxias  C  -22.77  -43.31
19  Natal  C  -5.8  -35.22
20  Sao-bernardo-do-campo  C  -23.71  -46.54
21  Teresina  C  -5.1  -42.8
22  Campo-grande  C  -20.45  -54.63
23  Osasco  C  -23.53  -46.78
24  Santo-andre  C  -23.65  -46.53
25  Jaboatao  C  -8.11  -35.02
26  Joao-pessoa  C  -7.12  -34.86
27  Contagem  C  -19.91  -44.1
28  Sao-jose-dos-campos  C  -23.2  -45.88
29  Ribeirao-preto  C  -21.17  -47.8
30  Sorocaba  C  -23.49  -47.47
31  Uberlandia  C  -18.9  -48.28
32  Cuiaba  C  -15.61  -56.09
33  Aracaju  C  -10.91  -37.07
34  Niteroi  C  -22.9  -43.13
35  Juiz-de-fora  T  -21.75  -43.36
36  Sao-joao-de-meriti  C  -22.8  -43.35
37  Belford-roxo  T  -22.75  -43.42
38  Feira-de-santana  C  -12.25  -38.97
39  Londrina  C  -23.3  -51.18
40  Joinville  C  -26.32  -48.84
41  Ananindeua  T  -1.38  -48.38
42  Santos  C  -23.95  -46.33
43  Aparecida-de-goiania  C  -16.82  -49.24
44  Campos  C  -21.75  -41.34

DEMANDES
0 1 ( 0 14 1 ) ( 0 15 1 )
0 2 ( 0 12 27 2 ) ( 0 24 2 )
0 3 ( 0 27 3 ) ( 0 24 3 )
0 4 ( 0 12 4 ) ( 0 3 4 )
0 5 ( 0 13 5 ) ( 0 12 5 )
0 6 ( 0 24 6 ) ( 0 30 6 )
0 10 ( 0 23 10 ) ( 0 42 10 )
0 11 ( 0 13 11 ) ( 0 23 29 11 )
0 12 ( 0 24 12 ) ( 0 13 42 12 )
0 13 ( 0 24 13 ) ( 0 20 13 )
0 14 ( 0 28 14 ) ( 0 24 14 )
0 15 ( 0 1 15 ) ( 0 28 15 )
0 18 ( 0 12 18 ) ( 0 28 18 )
0 20 ( 0 23 20 ) ( 0 12 23 24 20 )
0 22 ( 0 23 22 ) ( 0 30 22 )
0 23 ( 0 13 23 ) ( 0 30 23 )
0 24 ( 0 23 24 ) ( 0 12 20 24 )
0 27 ( 0 28 27 ) ( 0 24 27 )
0 28 ( 0 12 28 ) ( 0 24 20 28 )
0 29 ( 0 13 29 ) ( 0 23 29 )
0 30 ( 0 24 30 ) ( 0 20 12 30 )
0 31 ( 0 23 13 31 ) ( 0 24 31 )
0 34 ( 0 1 34 ) ( 0 12 34 )
0 36 ( 0 28 36 ) ( 0 14 36 )
0 39 ( 0 30 39 ) ( 0 23 39 )
0 40 ( 0 23 40 ) ( 0 20 40 )
0 42 ( 0 12 24 42 ) ( 0 28 42 )
0 44 ( 0 36 44 ) ( 0 15 44 )
1 2 ( 1 18 2 ) ( 1 36 2 )
1 3 ( 1 18 3 ) ( 1 34 3 )
1 5 ( 1 14 5 ) ( 1 36 18 5 )
1 6 ( 1 42 6 ) ( 1 18 6 )
1 12 ( 1 28 12 ) ( 1 36 12 )
1 13 ( 1 14 13 ) ( 1 34 13 )
1 14 ( 1 36 14 ) ( 1 18 14 )
1 15 ( 1 18 15 ) ( 1 36 15 )
1 18 ( 1 36 18 ) ( 1 15 18 )
1 20 ( 1 24 20 ) ( 1 28 20 )
1 23 ( 1 12 0 23 ) ( 1 36 23 )
1 24 ( 1 28 24 ) ( 1 14 24 )
1 27 ( 1 14 27 ) ( 1 3 27 )
1 28 ( 1 36 28 ) ( 1 14 28 )
1 30 ( 1 12 30 ) ( 1 28 23 30 )
1 34 ( 1 15 34 ) ( 1 18 34 )
1 36 ( 1 18 36 ) ( 1 34 36 )
1 42 ( 1 18 42 ) ( 1 14 42 )
1 44 ( 1 34 44 ) ( 1 36 44 )
2 38 ( 2 33 19 38 ) ( 2 4 38 )
3 27 ( 3 14 27 ) ( 3 18 27 )
5 11 ( 5 27 11 ) ( 5 3 27 31 11 )

EOF