DIMENSIONS
40 sommetsG2
35 sommetsG1
150 dem

SOMMETS
0  Sao-paulo  C  -23.53  -46.63
1  Rio-de-janeiro  C  -22.91  -43.2
2  Salvador  C  -12.97  -38.5
3  Belo-horizonte  C  -19.92  -43.94
4  Fortaleza  C  -3.78  -38.59
5  Brasilia  C  -15.78  -47.91
6  Curitiba  C  -25.42  -49.29
7  Manaus  T  -3.12  -60.02
8  Recife  C  -8.08  -34.92
9  Belem  C  -1.44  -48.5
10  Porto-alegre  C  -30.04  -51.22
11  Goiania  C  -16.72  -49.26
12  Guarulhos  C  -23.46  -46.49
13  Campinas  C  -22.91  -47.08
14  Nova-iguacu  C  -22.74  -43.47
15  Sao-goncalo  T  -22.84  -43.07
16  Sao-luis  C  -2.5  -44.3
17  Maceio  C  -9.65  -35.75
18  Duque-de-caxias  C  -22.77  -43.31
19  Natal  C  -5.8  -35.22
20  Sao-bernardo-do-campo  C  -23.71  -46.54
21  Teresina  C  -5.1  -42.8
22  Campo-grande  C  -20.45  -54.63
23  Osasco  C  -23.53  -46.78
24  Santo-andre  C  -23.65  -46.53
25  Jaboatao  C  -8.11  -35.02
26  Joao-pessoa  C  -7.12  -34.86
27  Contagem  C  -19.91  -44.1
28  Sao-jose-dos-campos  C  -23.2  -45.88
29  Ribeirao-preto  C  -21.17  -47.8
30  Sorocaba  C  -23.49  -47.47
31  Uberlandia  T  -18.9  -48.28
32  Cuiaba  C  -15.61  -56.09
33  Aracaju  T  -10.91  -37.07
34  Niteroi  C  -22.9  -43.13
35  Juiz-de-fora  C  -21.75  -43.36
36  Sao-joao-de-meriti  T  -22.8  -43.35
37  Belford-roxo  C  -22.75  -43.42
38  Feira-de-santana  C  -12.25  -38.97
39  Londrina  C  -23.3  -51.18

DEMANDES
0 1 ( 0 28 1 ) ( 0 37 1 )
0 2 ( 0 28 3 2 ) ( 0 24 2 )
0 3 ( 0 27 3 ) ( 0 28 3 )
0 4 ( 0 3 4 ) ( 0 24 4 )
0 5 ( 0 24 5 ) ( 0 23 12 5 )
0 6 ( 0 24 20 6 ) ( 0 13 6 )
0 8 ( 0 12 8 ) ( 0 38 8 )
0 9 ( 0 12 9 ) ( 0 13 9 )
0 10 ( 0 23 10 ) ( 0 12 10 )
0 11 ( 0 20 11 ) ( 0 30 11 )
0 12 ( 0 13 12 ) ( 0 20 28 12 )
0 13 ( 0 23 13 ) ( 0 12 13 )
0 14 ( 0 12 14 ) ( 0 24 14 )
0 16 ( 0 12 16 ) ( 0 24 16 )
0 17 ( 0 3 17 ) ( 0 27 17 )
0 18 ( 0 12 18 ) ( 0 37 18 )
0 19 ( 0 27 3 19 ) ( 0 28 19 )
0 20 ( 0 23 24 20 ) ( 0 28 20 )
0 21 ( 0 23 21 ) ( 0 24 21 )
0 22 ( 0 23 22 ) ( 0 30 22 )
0 23 ( 0 12 23 ) ( 0 30 23 )
0 24 ( 0 20 24 ) ( 0 12 24 )
0 25 ( 0 3 25 ) ( 0 27 25 )
0 26 ( 0 27 26 ) ( 0 3 26 )
0 27 ( 0 24 27 ) ( 0 23 27 )
0 28 ( 0 12 28 ) ( 0 20 28 )
0 29 ( 0 13 29 ) ( 0 28 29 )
0 30 ( 0 12 24 30 ) ( 0 13 30 )
0 32 ( 0 23 32 ) ( 0 12 32 )
0 34 ( 0 12 34 ) ( 0 28 34 )
0 35 ( 0 12 35 ) ( 0 24 35 )
0 37 ( 0 28 37 ) ( 0 24 37 )
0 38 ( 0 27 38 ) ( 0 12 38 )
0 39 ( 0 23 39 ) ( 0 12 39 )
1 2 ( 1 18 2 ) ( 1 35 2 )
1 3 ( 1 34 3 ) ( 1 37 14 3 )
1 4 ( 1 18 4 ) ( 1 35 4 )
1 5 ( 1 37 5 ) ( 1 27 5 )
1 6 ( 1 20 6 ) ( 1 18 6 )
1 8 ( 1 34 8 ) ( 1 25 8 )
1 9 ( 1 3 9 ) ( 1 27 9 )
1 10 ( 1 18 10 ) ( 1 37 10 )
1 11 ( 1 18 11 ) ( 1 34 11 )
1 12 ( 1 28 12 ) ( 1 37 12 )
1 13 ( 1 28 13 ) ( 1 14 13 )
1 14 ( 1 18 14 ) ( 1 34 14 )
1 16 ( 1 35 16 ) ( 1 18 16 )
1 17 ( 1 2 17 ) ( 1 18 17 )
1 18 ( 1 37 18 ) ( 1 27 18 )
1 19 ( 1 2 19 ) ( 1 34 19 )
1 20 ( 1 24 20 ) ( 1 37 20 )
1 21 ( 1 18 35 21 ) ( 1 34 21 )
1 22 ( 1 18 14 22 ) ( 1 29 22 )
1 23 ( 1 28 12 23 ) ( 1 14 23 )
1 24 ( 1 37 24 ) ( 1 14 24 )
1 25 ( 1 34 25 ) ( 1 2 25 )
1 26 ( 1 34 26 ) ( 1 25 26 )
1 27 ( 1 35 27 ) ( 1 34 27 )
1 28 ( 1 18 28 ) ( 1 34 37 28 )
1 29 ( 1 37 14 29 ) ( 1 18 29 )
1 30 ( 1 28 30 ) ( 1 23 30 )
1 32 ( 1 37 14 32 ) ( 1 29 32 )
1 34 ( 1 37 34 ) ( 1 18 14 34 )
1 35 ( 1 34 35 ) ( 1 18 37 35 )
1 37 ( 1 18 37 ) ( 1 14 37 )
1 38 ( 1 34 38 ) ( 1 35 38 )
1 39 ( 1 13 39 ) ( 1 23 39 )
2 3 ( 2 27 3 ) ( 2 14 3 )
2 4 ( 2 25 4 ) ( 2 17 8 4 )
2 5 ( 2 27 5 ) ( 2 3 5 )
2 8 ( 2 17 8 ) ( 2 38 8 )
2 17 ( 2 8 25 17 ) ( 2 19 17 )
2 19 ( 2 17 19 ) ( 2 38 19 )
2 25 ( 2 26 25 ) ( 2 17 19 25 )
2 38 ( 2 17 38 ) ( 2 25 38 )
3 4 ( 3 27 4 ) ( 3 2 4 )
3 5 ( 3 27 11 5 ) ( 3 14 5 )
3 6 ( 3 30 6 ) ( 3 13 6 )
3 11 ( 3 5 11 ) ( 3 29 11 )
3 12 ( 3 27 12 ) ( 3 24 12 )
3 13 ( 3 28 13 ) ( 3 12 13 )
3 14 ( 3 27 14 ) ( 3 18 14 )
3 18 ( 3 14 18 ) ( 3 27 35 18 )
3 20 ( 3 24 20 ) ( 3 12 20 )
3 23 ( 3 27 23 ) ( 3 28 23 )
3 24 ( 3 28 24 ) ( 3 13 24 )
3 27 ( 3 37 27 ) ( 3 18 27 )
3 28 ( 3 27 28 ) ( 3 35 28 )
3 29 ( 3 13 29 ) ( 3 35 29 )
3 30 ( 3 12 30 ) ( 3 24 20 30 )
3 34 ( 3 37 34 ) ( 3 14 34 )
3 35 ( 3 27 35 ) ( 3 37 35 )
3 37 ( 3 1 37 ) ( 3 34 18 37 )
4 5 ( 4 38 5 ) ( 4 16 5 )
4 8 ( 4 19 25 8 ) ( 4 21 8 )
4 9 ( 4 21 9 ) ( 4 19 9 )
4 16 ( 4 21 16 ) ( 4 19 16 )
4 17 ( 4 25 17 ) ( 4 8 17 )
4 19 ( 4 8 19 ) ( 4 21 19 )
4 21 ( 4 16 21 ) ( 4 8 21 )
4 25 ( 4 19 25 ) ( 4 17 25 )
4 26 ( 4 19 26 ) ( 4 25 26 )
5 6 ( 5 11 6 ) ( 5 30 6 )
5 11 ( 5 29 11 ) ( 5 30 11 )
5 12 ( 5 0 12 ) ( 5 29 12 )
5 13 ( 5 29 13 ) ( 5 30 13 )
6 10 ( 6 23 10 ) ( 6 24 10 )
6 12 ( 6 0 12 ) ( 6 24 12 )
6 13 ( 6 30 13 ) ( 6 0 13 )
6 20 ( 6 24 20 ) ( 6 13 20 )
6 23 ( 6 30 23 ) ( 6 0 23 )
6 24 ( 6 23 24 ) ( 6 20 0 24 )
6 30 ( 6 23 30 ) ( 6 0 30 )
6 39 ( 6 23 39 ) ( 6 0 39 )
8 17 ( 8 26 17 ) ( 8 38 17 )
8 19 ( 8 26 19 ) ( 8 17 25 19 )
8 25 ( 8 17 25 ) ( 8 38 25 )
8 26 ( 8 25 26 ) ( 8 19 26 )
12 13 ( 12 0 13 ) ( 12 20 28 13 )
12 14 ( 12 28 14 ) ( 12 37 14 )
12 20 ( 12 0 20 ) ( 12 23 20 )
12 23 ( 12 0 20 23 ) ( 12 29 23 )
12 24 ( 12 23 24 ) ( 12 28 24 )
12 28 ( 12 24 28 ) ( 12 20 23 0 28 )
12 30 ( 12 0 30 ) ( 12 24 30 )
13 20 ( 13 24 20 ) ( 13 30 20 )
13 23 ( 13 24 23 ) ( 13 0 12 23 )
13 24 ( 13 0 24 ) ( 13 23 24 )
13 28 ( 13 12 28 ) ( 13 0 28 )
13 29 ( 13 23 29 ) ( 13 12 29 )
13 30 ( 13 23 30 ) ( 13 12 0 30 )
14 18 ( 14 1 18 ) ( 14 35 18 )
14 34 ( 14 37 34 ) ( 14 35 34 )
14 35 ( 14 37 35 ) ( 14 1 35 )
14 37 ( 14 34 37 ) ( 14 35 37 )
17 25 ( 17 19 25 ) ( 17 38 25 )
18 34 ( 18 1 34 ) ( 18 37 35 34 )
18 35 ( 18 37 35 ) ( 18 34 35 )
18 37 ( 18 14 37 ) ( 18 35 1 37 )
19 26 ( 19 8 26 ) ( 19 17 26 )
20 23 ( 20 24 23 ) ( 20 12 23 )
20 24 ( 20 0 24 ) ( 20 28 24 )
20 28 ( 20 24 12 28 ) ( 20 23 28 )
20 30 ( 20 23 30 ) ( 20 0 30 )
23 24 ( 23 0 24 ) ( 23 30 24 )
23 28 ( 23 20 28 ) ( 23 13 28 )
23 30 ( 23 0 30 ) ( 23 24 30 )
24 28 ( 24 0 28 ) ( 24 23 30 28 )
24 30 ( 24 23 30 ) ( 24 20 30 )
25 26 ( 25 19 26 ) ( 25 4 26 )

EOF