DIMENSIONS
60 sommetsG2
55 sommetsG1
90 dem

SOMMETS
0  Sao-paulo  C  -23.53  -46.63
1  Rio-de-janeiro  C  -22.91  -43.2
2  Salvador  C  -12.97  -38.5
3  Belo-horizonte  C  -19.92  -43.94
4  Fortaleza  C  -3.78  -38.59
5  Brasilia  C  -15.78  -47.91
6  Curitiba  C  -25.42  -49.29
7  Manaus  C  -3.12  -60.02
8  Recife  C  -8.08  -34.92
9  Belem  C  -1.44  -48.5
10  Porto-alegre  C  -30.04  -51.22
11  Goiania  C  -16.72  -49.26
12  Guarulhos  C  -23.46  -46.49
13  Campinas  C  -22.91  -47.08
14  Nova-iguacu  C  -22.74  -43.47
15  Sao-goncalo  C  -22.84  -43.07
16  Sao-luis  C  -2.5  -44.3
17  Maceio  C  -9.65  -35.75
18  Duque-de-caxias  C  -22.77  -43.31
19  Natal  C  -5.8  -35.22
20  Sao-bernardo-do-campo  C  -23.71  -46.54
21  Teresina  C  -5.1  -42.8
22  Campo-grande  C  -20.45  -54.63
23  Osasco  T  -23.53  -46.78
24  Santo-andre  C  -23.65  -46.53
25  Jaboatao  C  -8.11  -35.02
26  Joao-pessoa  C  -7.12  -34.86
27  Contagem  C  -19.91  -44.1
28  Sao-jose-dos-campos  C  -23.2  -45.88
29  Ribeirao-preto  C  -21.17  -47.8
30  Sorocaba  C  -23.49  -47.47
31  Uberlandia  C  -18.9  -48.28
32  Cuiaba  C  -15.61  -56.09
33  Aracaju  C  -10.91  -37.07
34  Niteroi  C  -22.9  -43.13
35  Juiz-de-fora  C  -21.75  -43.36
36  Sao-joao-de-meriti  C  -22.8  -43.35
37  Belford-roxo  C  -22.75  -43.42
38  Feira-de-santana  C  -12.25  -38.97
39  Londrina  C  -23.3  -51.18
40  Joinville  C  -26.32  -48.84
41  Ananindeua  C  -1.38  -48.38
42  Santos  C  -23.95  -46.33
43  Aparecida-de-goiania  C  -16.82  -49.24
44  Campos  C  -21.75  -41.34
45  Diadema  C  -23.69  -46.61
46  Vila-velha  T  -20.32  -40.28
47  Maua  T  -23.66  -46.46
48  Florianopolis  C  -27.6  -48.54
49  Olinda  C  -8  -34.85
50  Sao-jose-do-rio-preto  T  -20.8  -49.39
51  Caxias-do-sul  C  -29.18  -51.17
52  Serra  C  -20.13  -40.32
53  Carapicuiba  C  -23.52  -46.84
54  Campina-grande  T  -7.23  -35.88
55  Betim  C  -19.97  -44.19
56  Piracicaba  C  -22.71  -47.64
57  Cariacica  C  -20.23  -40.37
58  Bauru  C  -22.33  -49.08
59  Macapa  C  0.04  -51.05

DEMANDES
0 1 ( 0 28 1 ) ( 0 37 1 )
0 2 ( 0 28 55 2 ) ( 0 24 2 )
0 3 ( 0 12 3 ) ( 0 45 3 )
0 4 ( 0 12 4 ) ( 0 55 4 )
0 5 ( 0 13 5 ) ( 0 29 5 )
0 6 ( 0 53 6 ) ( 0 45 6 )
0 7 ( 0 56 7 ) ( 0 53 29 7 )
0 8 ( 0 33 8 ) ( 0 3 8 )
0 9 ( 0 13 9 ) ( 0 53 9 )
0 10 ( 0 40 10 ) ( 0 45 10 )
0 11 ( 0 29 11 ) ( 0 53 11 )
0 12 ( 0 53 45 24 12 ) ( 0 42 12 )
0 13 ( 0 12 13 ) ( 0 24 13 )
0 14 ( 0 28 14 ) ( 0 37 14 )
0 15 ( 0 12 15 ) ( 0 37 18 15 )
0 17 ( 0 3 17 ) ( 0 2 17 )
0 18 ( 0 12 18 ) ( 0 24 18 )
0 20 ( 0 24 20 ) ( 0 45 20 )
0 22 ( 0 53 22 ) ( 0 58 22 )
0 24 ( 0 20 24 ) ( 0 42 53 45 24 )
0 27 ( 0 20 27 ) ( 0 13 27 )
0 28 ( 0 12 28 ) ( 0 20 28 )
0 29 ( 0 53 29 ) ( 0 56 29 )
0 30 ( 0 24 30 ) ( 0 12 45 30 )
0 31 ( 0 13 31 ) ( 0 29 31 )
0 34 ( 0 12 34 ) ( 0 36 34 )
0 35 ( 0 45 24 35 ) ( 0 42 35 )
0 36 ( 0 37 36 ) ( 0 14 36 )
0 37 ( 0 12 37 ) ( 0 45 37 )
0 39 ( 0 53 39 ) ( 0 45 39 )
0 40 ( 0 53 40 ) ( 0 24 40 )
0 42 ( 0 24 42 ) ( 0 45 20 42 )
0 43 ( 0 13 29 43 ) ( 0 53 43 )
0 44 ( 0 12 14 44 ) ( 0 18 44 )
0 45 ( 0 24 45 ) ( 0 53 45 )
0 48 ( 0 42 48 ) ( 0 40 48 )
0 51 ( 0 53 51 ) ( 0 24 20 51 )
0 52 ( 0 12 52 ) ( 0 28 52 )
0 53 ( 0 45 53 ) ( 0 24 53 )
0 55 ( 0 28 55 ) ( 0 24 55 )
0 56 ( 0 53 56 ) ( 0 13 56 )
0 57 ( 0 12 57 ) ( 0 24 57 )
0 58 ( 0 53 58 ) ( 0 56 58 )
1 2 ( 1 34 2 ) ( 1 36 2 )
1 3 ( 1 18 3 ) ( 1 37 3 )
1 4 ( 1 36 4 ) ( 1 18 37 4 )
1 5 ( 1 18 5 ) ( 1 37 14 5 )
1 6 ( 1 36 6 ) ( 1 45 6 )
1 10 ( 1 36 10 ) ( 1 18 14 10 )
1 11 ( 1 36 11 ) ( 1 37 11 )
1 12 ( 1 28 12 ) ( 1 36 12 )
1 13 ( 1 36 13 ) ( 1 28 13 )
1 14 ( 1 34 36 14 ) ( 1 35 14 )
1 15 ( 1 18 15 ) ( 1 37 15 )
1 18 ( 1 34 18 ) ( 1 14 18 )
1 20 ( 1 36 20 ) ( 1 28 20 )
1 24 ( 1 36 24 ) ( 1 28 24 )
1 27 ( 1 18 27 ) ( 1 36 27 )
1 28 ( 1 36 28 ) ( 1 14 28 )
1 29 ( 1 36 29 ) ( 1 18 29 )
1 30 ( 1 12 30 ) ( 1 0 30 )
1 31 ( 1 36 31 ) ( 1 18 31 )
1 34 ( 1 18 34 ) ( 1 36 34 )
1 35 ( 1 18 35 ) ( 1 15 35 )
1 36 ( 1 34 36 ) ( 1 37 36 )
1 37 ( 1 36 37 ) ( 1 18 37 )
1 42 ( 1 36 42 ) ( 1 14 42 )
1 44 ( 1 15 44 ) ( 1 34 44 )
1 45 ( 1 36 45 ) ( 1 12 45 )
1 52 ( 1 15 52 ) ( 1 57 52 )
1 53 ( 1 12 53 ) ( 1 28 53 )
1 55 ( 1 18 55 ) ( 1 35 55 )
1 56 ( 1 13 56 ) ( 1 14 56 )
1 57 ( 1 15 57 ) ( 1 34 57 )
2 38 ( 2 8 25 38 ) ( 2 17 26 38 )
3 5 ( 3 55 5 ) ( 3 31 5 )
3 14 ( 3 27 14 ) ( 3 55 14 )
3 15 ( 3 1 15 ) ( 3 37 15 )
3 27 ( 3 37 27 ) ( 3 36 18 27 )
3 55 ( 3 27 55 ) ( 3 35 55 )
5 11 ( 5 43 11 ) ( 5 55 11 )
6 40 ( 6 30 40 ) ( 6 20 40 )
8 17 ( 8 49 17 ) ( 8 26 49 25 17 )
8 25 ( 8 26 25 ) ( 8 17 25 )
8 26 ( 8 25 26 ) ( 8 19 26 )
12 13 ( 12 0 13 ) ( 12 53 13 )
12 20 ( 12 53 20 ) ( 12 13 20 )
12 24 ( 12 0 24 ) ( 12 20 24 )
14 15 ( 14 37 15 ) ( 14 36 15 )
14 18 ( 14 37 18 ) ( 14 1 18 )

EOF