DIMENSIONS
18 sommetsG2
16 sommetsG1
40 dem

SOMMETS
0  Sao-paulo  C  -23.53  -46.63
1  Rio-de-janeiro  C  -22.91  -43.2
2  Salvador  C  -12.97  -38.5
3  Belo-horizonte  C  -19.92  -43.94
4  Fortaleza  C  -3.78  -38.59
5  Brasilia  C  -15.78  -47.91
6  Curitiba  C  -25.42  -49.29
7  Manaus  T  -3.12  -60.02
8  Recife  C  -8.08  -34.92
9  Belem  C  -1.44  -48.5
10  Porto-alegre  C  -30.04  -51.22
11  Goiania  C  -16.72  -49.26
12  Guarulhos  C  -23.46  -46.49
13  Campinas  C  -22.91  -47.08
14  Nova-iguacu  C  -22.74  -43.47
15  Sao-goncalo  T  -22.84  -43.07
16  Sao-luis  C  -2.5  -44.3
17  Maceio  C  -9.65  -35.75

DEMANDES
0 1 ( 0 12 1 ) ( 0 13 1 )
0 2 ( 0 3 2 ) ( 0 12 2 )
0 3 ( 0 14 3 ) ( 0 6 3 )
0 4 ( 0 12 4 ) ( 0 3 4 )
0 5 ( 0 13 5 ) ( 0 14 5 )
0 6 ( 0 12 6 ) ( 0 13 6 )
0 8 ( 0 3 8 ) ( 0 17 8 )
0 9 ( 0 13 9 ) ( 0 11 5 9 )
0 10 ( 0 14 10 ) ( 0 3 6 10 )
0 11 ( 0 13 11 ) ( 0 12 11 )
0 12 ( 0 14 12 ) ( 0 6 12 )
0 13 ( 0 12 13 ) ( 0 14 13 )
0 14 ( 0 12 14 ) ( 0 1 14 )
0 16 ( 0 12 16 ) ( 0 3 16 )
0 17 ( 0 3 17 ) ( 0 2 17 )
1 2 ( 1 14 2 ) ( 1 3 2 )
1 3 ( 1 12 3 ) ( 1 13 3 )
1 4 ( 1 14 4 ) ( 1 3 4 )
1 5 ( 1 14 5 ) ( 1 3 5 )
1 6 ( 1 14 6 ) ( 1 12 0 6 )
1 8 ( 1 2 8 ) ( 1 14 17 8 )
1 10 ( 1 14 10 ) ( 1 0 10 )
1 11 ( 1 14 11 ) ( 1 13 11 )
1 12 ( 1 14 12 ) ( 1 3 12 )
1 13 ( 1 14 13 ) ( 1 0 13 )
1 14 ( 1 0 14 ) ( 1 11 14 )
2 3 ( 2 1 14 3 ) ( 2 5 3 )
2 4 ( 2 17 8 4 ) ( 2 16 4 )
2 5 ( 2 14 5 ) ( 2 1 5 )
2 8 ( 2 4 8 ) ( 2 3 8 )
2 17 ( 2 16 17 ) ( 2 14 17 )
3 5 ( 3 11 5 ) ( 3 14 5 )
3 12 ( 3 13 12 ) ( 3 14 5 12 )
3 13 ( 3 12 13 ) ( 3 6 13 )
3 14 ( 3 1 14 ) ( 3 12 14 )
4 8 ( 4 2 8 ) ( 4 16 8 )
5 11 ( 5 3 11 ) ( 5 13 11 )
6 12 ( 6 14 12 ) ( 6 0 1 12 )
8 17 ( 8 2 17 ) ( 8 4 17 )
12 13 ( 12 0 13 ) ( 12 14 13 )

EOF