DIMENSIONS
18 sommetsG2
16 sommetsG1
95 dem

SOMMETS
0  Sao-paulo  C  -23.53  -46.63
1  Rio-de-janeiro  C  -22.91  -43.2
2  Salvador  C  -12.97  -38.5
3  Belo-horizonte  C  -19.92  -43.94
4  Fortaleza  C  -3.78  -38.59
5  Brasilia  C  -15.78  -47.91
6  Curitiba  C  -25.42  -49.29
7  Manaus  T  -3.12  -60.02
8  Recife  C  -8.08  -34.92
9  Belem  C  -1.44  -48.5
10  Porto-alegre  C  -30.04  -51.22
11  Goiania  C  -16.72  -49.26
12  Guarulhos  C  -23.46  -46.49
13  Campinas  C  -22.91  -47.08
14  Nova-iguacu  C  -22.74  -43.47
15  Sao-goncalo  T  -22.84  -43.07
16  Sao-luis  C  -2.5  -44.3
17  Maceio  C  -9.65  -35.75

DEMANDES
0 1 ( 0 12 1 ) ( 0 13 1 )
0 2 ( 0 3 2 ) ( 0 12 2 )
0 3 ( 0 14 3 ) ( 0 6 3 )
0 4 ( 0 12 4 ) ( 0 3 4 )
0 5 ( 0 13 5 ) ( 0 14 5 )
0 6 ( 0 12 6 ) ( 0 13 6 )
0 8 ( 0 3 8 ) ( 0 17 8 )
0 9 ( 0 13 9 ) ( 0 11 5 9 )
0 10 ( 0 14 10 ) ( 0 3 6 10 )
0 11 ( 0 13 11 ) ( 0 12 11 )
0 12 ( 0 14 12 ) ( 0 6 12 )
0 13 ( 0 12 13 ) ( 0 14 13 )
0 14 ( 0 12 14 ) ( 0 1 14 )
0 16 ( 0 12 16 ) ( 0 3 16 )
0 17 ( 0 3 17 ) ( 0 2 17 )
1 2 ( 1 14 2 ) ( 1 3 2 )
1 3 ( 1 12 3 ) ( 1 13 3 )
1 4 ( 1 14 4 ) ( 1 3 4 )
1 5 ( 1 14 5 ) ( 1 3 5 )
1 6 ( 1 14 6 ) ( 1 12 0 6 )
1 8 ( 1 2 8 ) ( 1 14 17 8 )
1 9 ( 1 14 9 ) ( 1 11 9 )
1 10 ( 1 14 10 ) ( 1 0 10 )
1 11 ( 1 14 11 ) ( 1 3 11 )
1 12 ( 1 14 12 ) ( 1 0 12 )
1 13 ( 1 12 13 ) ( 1 3 13 )
1 14 ( 1 10 12 14 ) ( 1 2 0 14 )
1 16 ( 1 14 16 ) ( 1 2 16 )
1 17 ( 1 3 17 ) ( 1 5 17 )
2 3 ( 2 5 3 ) ( 2 13 3 )
2 4 ( 2 16 4 ) ( 2 5 4 )
2 5 ( 2 11 5 ) ( 2 3 14 5 )
2 6 ( 2 13 6 ) ( 2 3 0 6 )
2 8 ( 2 16 4 8 ) ( 2 3 8 )
2 9 ( 2 8 9 ) ( 2 5 9 )
2 10 ( 2 12 10 ) ( 2 1 10 )
2 11 ( 2 17 11 ) ( 2 13 11 )
2 12 ( 2 13 12 ) ( 2 14 12 )
2 13 ( 2 3 13 ) ( 2 0 13 )
2 14 ( 2 12 14 ) ( 2 0 14 )
2 16 ( 2 4 16 ) ( 2 17 16 )
2 17 ( 2 8 17 ) ( 2 4 17 )
3 4 ( 3 8 4 ) ( 3 5 4 )
3 5 ( 3 11 5 ) ( 3 14 5 )
3 6 ( 3 13 0 6 ) ( 3 1 6 )
3 8 ( 3 2 8 ) ( 3 11 5 8 )
3 9 ( 3 11 9 ) ( 3 14 9 )
3 10 ( 3 12 10 ) ( 3 6 10 )
3 11 ( 3 5 11 ) ( 3 1 11 )
3 12 ( 3 0 12 ) ( 3 13 12 )
3 13 ( 3 0 13 ) ( 3 1 12 13 )
3 14 ( 3 1 14 ) ( 3 12 14 )
3 16 ( 3 4 16 ) ( 3 14 16 )
3 17 ( 3 2 17 ) ( 3 8 17 )
4 5 ( 4 8 5 ) ( 4 16 2 5 )
4 6 ( 4 3 0 6 ) ( 4 5 6 )
4 8 ( 4 16 9 8 ) ( 4 5 11 8 )
4 9 ( 4 8 9 ) ( 4 2 9 )
4 10 ( 4 13 10 ) ( 4 12 0 10 )
4 11 ( 4 5 11 ) ( 4 17 11 )
4 12 ( 4 3 12 ) ( 4 2 12 )
4 13 ( 4 12 13 ) ( 4 2 13 )
4 14 ( 4 17 14 ) ( 4 8 14 )
4 16 ( 4 8 16 ) ( 4 5 16 )
4 17 ( 4 8 17 ) ( 4 2 17 )
5 6 ( 5 11 6 ) ( 5 12 6 )
5 8 ( 5 17 8 ) ( 5 2 8 )
5 9 ( 5 3 9 ) ( 5 2 9 )
5 10 ( 5 11 10 ) ( 5 3 10 )
5 11 ( 5 3 11 ) ( 5 13 11 )
5 12 ( 5 13 12 ) ( 5 3 12 )
5 13 ( 5 12 13 ) ( 5 0 13 )
5 14 ( 5 1 14 ) ( 5 13 14 )
5 16 ( 5 11 16 ) ( 5 2 16 )
5 17 ( 5 2 17 ) ( 5 3 17 )
6 8 ( 6 2 8 ) ( 6 3 8 )
6 10 ( 6 0 10 ) ( 6 12 10 )
6 11 ( 6 3 11 ) ( 6 1 11 )
6 12 ( 6 14 12 ) ( 6 3 12 )
6 13 ( 6 12 0 13 ) ( 6 1 13 )
6 14 ( 6 0 14 ) ( 6 13 14 )
8 9 ( 8 2 9 ) ( 8 5 9 )
8 16 ( 8 4 16 ) ( 8 17 16 )
8 17 ( 8 2 17 ) ( 8 16 17 )
9 16 ( 9 4 16 ) ( 9 17 16 )
10 11 ( 10 6 11 ) ( 10 0 12 11 )
10 12 ( 10 13 12 ) ( 10 0 14 12 )
10 13 ( 10 0 13 ) ( 10 12 13 )
10 14 ( 10 12 13 14 ) ( 10 1 0 14 )
11 12 ( 11 13 12 ) ( 11 0 12 )
11 13 ( 11 12 13 ) ( 11 3 13 )
11 14 ( 11 1 14 ) ( 11 5 14 )
12 13 ( 12 0 13 ) ( 12 14 13 )
12 14 ( 12 0 14 ) ( 12 13 1 14 )
13 14 ( 13 0 14 ) ( 13 1 12 14 )

EOF