DIMENSIONS
14 sommetsG2
12 sommetsG1
35 dem

SOMMETS
0  Sao-paulo  C  -23.53  -46.63
1  Rio-de-janeiro  C  -22.91  -43.2
2  Salvador  C  -12.97  -38.5
3  Belo-horizonte  C  -19.92  -43.94
4  Fortaleza  C  -3.78  -38.59
5  Brasilia  T  -15.78  -47.91
6  Curitiba  C  -25.42  -49.29
7  Manaus  C  -3.12  -60.02
8  Recife  C  -8.08  -34.92
9  Belem  C  -1.44  -48.5
10  Porto-alegre  C  -30.04  -51.22
11  Goiania  T  -16.72  -49.26
12  Guarulhos  C  -23.46  -46.49
13  Campinas  C  -22.91  -47.08

DEMANDES
0 1 ( 0 12 1 ) ( 0 13 3 1 )
0 2 ( 0 3 2 ) ( 0 12 2 )
0 3 ( 0 13 3 ) ( 0 10 3 )
0 4 ( 0 12 4 ) ( 0 13 3 4 )
0 6 ( 0 3 6 ) ( 0 10 6 )
0 7 ( 0 12 3 7 ) ( 0 6 7 )
0 8 ( 0 3 8 ) ( 0 2 8 )
0 9 ( 0 12 9 ) ( 0 13 9 )
0 10 ( 0 6 10 ) ( 0 13 10 )
0 12 ( 0 6 12 ) ( 0 13 10 12 )
0 13 ( 0 6 13 ) ( 0 1 13 )
1 2 ( 1 3 2 ) ( 1 13 2 )
1 3 ( 1 13 3 ) ( 1 6 12 3 )
1 4 ( 1 3 4 ) ( 1 8 4 )
1 6 ( 1 12 6 ) ( 1 10 6 )
1 7 ( 1 13 7 ) ( 1 12 7 )
1 8 ( 1 13 8 ) ( 1 4 8 )
1 9 ( 1 0 9 ) ( 1 6 9 )
1 10 ( 1 12 10 ) ( 1 0 10 )
1 12 ( 1 6 12 ) ( 1 2 12 )
1 13 ( 1 12 0 13 ) ( 1 6 13 )
2 3 ( 2 0 3 ) ( 2 8 3 )
2 4 ( 2 8 4 ) ( 2 13 4 )
2 6 ( 2 13 6 ) ( 2 3 0 6 )
2 8 ( 2 4 8 ) ( 2 9 8 )
3 4 ( 3 2 4 ) ( 3 8 4 )
3 6 ( 3 12 6 ) ( 3 0 13 6 )
3 12 ( 3 1 13 12 ) ( 3 10 0 12 )
3 13 ( 3 1 0 13 ) ( 3 6 13 )
4 8 ( 4 9 8 ) ( 4 3 8 )
4 9 ( 4 7 9 ) ( 4 3 9 )
6 10 ( 6 12 10 ) ( 6 13 10 )
6 12 ( 6 3 12 ) ( 6 13 3 0 12 )
6 13 ( 6 0 13 ) ( 6 3 13 )
12 13 ( 12 6 13 ) ( 12 1 13 )

EOF