DIMENSIONS
30 sommetsG2
25 sommetsG1
150 dem

SOMMETS
0  Paris  C  48.86  2.34
1  Marseille  C  43.31  5.37
2  Lyon  C  45.76  4.83
3  Toulouse  C  43.62  1.45
4  Nice  C  43.7  7.27
5  Nantes  T  47.23  -1.57
6  Strasbourg  C  48.58  7.76
7  Montpellier  C  43.61  3.87
8  Bordeaux  C  44.84  -0.58
9  Rennes  C  48.11  -1.68
10  Le-havre  C  49.5  0.12
11  Reims  T  49.25  4.03
12  Lille  C  50.64  3.07
13  Saint-etienne  C  45.43  4.39
14  Toulon  C  43.13  5.92
15  Grenoble  C  45.19  5.72
16  Angers  C  47.48  -0.54
17  Brest  C  48.39  -4.5
18  Le-mans  C  48  0.2
19  Dijon  C  47.33  5.03
20  Aix-en-provence  C  43.53  5.44
21  Clermont-ferrand  C  45.78  3.08
22  Nimes  C  43.84  4.35
23  Amiens  T  49.9  2.3
24  Tours  C  47.38  0.69
25  Limoges  T  45.83  1.25
26  Metz  C  49.12  6.18
27  Villeurbanne  T  45.77  4.88
28  Besancon  C  47.24  6.02
29  Caen  C  49.19  -0.36

DEMANDES
0 1 ( 0 2 1 ) ( 0 21 1 )
0 2 ( 0 19 2 ) ( 0 15 2 )
0 3 ( 0 21 3 ) ( 0 13 3 )
0 4 ( 0 2 4 ) ( 0 13 4 )
0 6 ( 0 28 6 ) ( 0 12 6 )
0 7 ( 0 22 7 ) ( 0 19 13 7 )
0 8 ( 0 24 8 ) ( 0 18 8 )
0 9 ( 0 29 9 ) ( 0 16 9 )
0 10 ( 0 29 10 ) ( 0 18 10 )
0 12 ( 0 18 12 ) ( 0 24 12 )
0 13 ( 0 2 13 ) ( 0 19 13 )
0 14 ( 0 20 14 ) ( 0 2 14 )
0 15 ( 0 2 15 ) ( 0 13 15 )
0 16 ( 0 18 16 ) ( 0 24 16 )
0 17 ( 0 9 17 ) ( 0 29 17 )
0 18 ( 0 24 18 ) ( 0 29 18 )
0 19 ( 0 28 19 ) ( 0 26 19 )
0 20 ( 0 13 20 ) ( 0 2 20 )
0 21 ( 0 24 21 ) ( 0 2 21 )
0 22 ( 0 2 22 ) ( 0 7 22 )
0 24 ( 0 18 24 ) ( 0 10 24 )
0 26 ( 0 12 26 ) ( 0 28 26 )
0 28 ( 0 19 28 ) ( 0 13 15 28 )
0 29 ( 0 10 29 ) ( 0 18 29 )
1 2 ( 1 20 2 ) ( 1 15 2 )
1 3 ( 1 22 7 3 ) ( 1 14 20 3 )
1 4 ( 1 20 4 ) ( 1 7 4 )
1 6 ( 1 20 15 6 ) ( 1 28 6 )
1 7 ( 1 20 7 ) ( 1 14 7 )
1 8 ( 1 20 8 ) ( 1 14 22 8 )
1 9 ( 1 16 9 ) ( 1 21 9 )
1 10 ( 1 22 10 ) ( 1 20 10 )
1 12 ( 1 13 12 ) ( 1 20 12 )
1 13 ( 1 2 13 ) ( 1 14 13 )
1 14 ( 1 20 14 ) ( 1 22 14 )
1 15 ( 1 13 15 ) ( 1 7 15 )
1 16 ( 1 22 16 ) ( 1 7 16 )
1 17 ( 1 7 17 ) ( 1 16 17 )
1 18 ( 1 20 18 ) ( 1 13 21 18 )
1 19 ( 1 13 2 19 ) ( 1 14 19 )
1 20 ( 1 22 14 20 ) ( 1 4 20 )
1 21 ( 1 22 21 ) ( 1 2 21 )
1 22 ( 1 14 22 ) ( 1 13 22 )
1 24 ( 1 22 24 ) ( 1 21 24 )
1 26 ( 1 28 26 ) ( 1 20 15 26 )
1 28 ( 1 15 28 ) ( 1 20 28 )
1 29 ( 1 21 29 ) ( 1 22 29 )
2 3 ( 2 21 3 ) ( 2 7 3 )
2 4 ( 2 20 4 ) ( 2 1 4 )
2 6 ( 2 13 6 ) ( 2 26 6 )
2 7 ( 2 22 7 ) ( 2 20 7 )
2 8 ( 2 21 8 ) ( 2 13 3 8 )
2 9 ( 2 24 9 ) ( 2 16 9 )
2 10 ( 2 0 10 ) ( 2 21 10 )
2 12 ( 2 28 12 ) ( 2 21 12 )
2 13 ( 2 22 13 ) ( 2 19 13 )
2 14 ( 2 15 14 ) ( 2 13 20 14 )
2 15 ( 2 13 15 ) ( 2 19 15 )
2 16 ( 2 24 16 ) ( 2 18 16 )
2 18 ( 2 24 18 ) ( 2 0 18 )
2 19 ( 2 28 19 ) ( 2 15 19 )
2 20 ( 2 22 20 ) ( 2 21 20 )
2 21 ( 2 22 21 ) ( 2 7 21 )
2 22 ( 2 21 22 ) ( 2 14 22 )
2 24 ( 2 21 24 ) ( 2 19 24 )
2 26 ( 2 28 26 ) ( 2 13 15 26 )
2 28 ( 2 21 28 ) ( 2 26 28 )
2 29 ( 2 18 29 ) ( 2 24 29 )
3 4 ( 3 7 4 ) ( 3 1 4 )
3 6 ( 3 2 6 ) ( 3 21 6 )
3 7 ( 3 22 7 ) ( 3 21 7 )
3 8 ( 3 21 8 ) ( 3 22 8 )
3 9 ( 3 16 9 ) ( 3 8 9 )
3 10 ( 3 16 10 ) ( 3 8 18 10 )
3 12 ( 3 21 12 ) ( 3 19 12 )
3 13 ( 3 21 13 ) ( 3 22 7 13 )
3 14 ( 3 22 14 ) ( 3 21 14 )
3 15 ( 3 22 15 ) ( 3 7 15 )
3 16 ( 3 8 16 ) ( 3 18 16 )
3 17 ( 3 9 17 ) ( 3 16 17 )
3 18 ( 3 16 18 ) ( 3 8 24 18 )
3 19 ( 3 21 2 19 ) ( 3 7 19 )
3 20 ( 3 7 20 ) ( 3 22 20 )
3 21 ( 3 13 21 ) ( 3 2 21 )
3 22 ( 3 21 22 ) ( 3 13 22 )
3 24 ( 3 18 24 ) ( 3 16 24 )
3 26 ( 3 13 26 ) ( 3 2 26 )
3 28 ( 3 13 28 ) ( 3 15 28 )
3 29 ( 3 24 18 29 ) ( 3 16 29 )
4 6 ( 4 28 6 ) ( 4 26 6 )
4 7 ( 4 20 7 ) ( 4 1 7 )
4 8 ( 4 20 8 ) ( 4 1 8 )
4 13 ( 4 15 13 ) ( 4 2 13 )
4 14 ( 4 20 14 ) ( 4 1 14 )
4 15 ( 4 20 15 ) ( 4 2 15 )
4 19 ( 4 28 19 ) ( 4 13 19 )
4 20 ( 4 14 20 ) ( 4 1 20 )
4 21 ( 4 15 21 ) ( 4 20 21 )
4 22 ( 4 20 22 ) ( 4 1 22 )
4 28 ( 4 2 28 ) ( 4 14 28 )
6 7 ( 6 2 7 ) ( 6 13 7 )
6 12 ( 6 28 12 ) ( 6 19 12 )
6 13 ( 6 2 13 ) ( 6 28 13 )
6 15 ( 6 4 15 ) ( 6 20 15 )
6 19 ( 6 2 19 ) ( 6 28 26 19 )
6 26 ( 6 19 26 ) ( 6 15 26 )
6 28 ( 6 2 28 ) ( 6 13 28 )
7 8 ( 7 3 8 ) ( 7 22 13 8 )
7 13 ( 7 20 13 ) ( 7 14 20 1 13 )
7 14 ( 7 1 14 ) ( 7 20 14 )
7 15 ( 7 13 15 ) ( 7 2 15 )
7 19 ( 7 13 19 ) ( 7 2 19 )
7 20 ( 7 1 14 20 ) ( 7 21 20 )
7 21 ( 7 13 21 ) ( 7 2 21 )
7 22 ( 7 20 1 22 ) ( 7 14 22 )
8 9 ( 8 24 9 ) ( 8 29 9 )
8 16 ( 8 24 16 ) ( 8 9 16 )
8 18 ( 8 16 18 ) ( 8 29 18 )
8 24 ( 8 18 16 24 ) ( 8 9 24 )
9 10 ( 9 24 10 ) ( 9 17 10 )
9 16 ( 9 18 16 ) ( 9 24 10 16 )
9 17 ( 9 16 17 ) ( 9 10 17 )
9 18 ( 9 16 18 ) ( 9 29 18 )
9 24 ( 9 16 24 ) ( 9 18 24 )
9 29 ( 9 10 29 ) ( 9 16 29 )
10 12 ( 10 18 12 ) ( 10 24 12 )
10 16 ( 10 18 16 ) ( 10 24 16 )
10 18 ( 10 9 18 ) ( 10 0 29 18 )
10 24 ( 10 16 24 ) ( 10 0 24 )
10 29 ( 10 18 29 ) ( 10 16 29 )
13 14 ( 13 20 14 ) ( 13 1 14 )
13 15 ( 13 2 15 ) ( 13 20 15 )
13 19 ( 13 28 19 ) ( 13 2 15 19 )
13 20 ( 13 22 20 ) ( 13 15 20 )
13 21 ( 13 22 21 ) ( 13 15 21 )
13 22 ( 13 15 22 ) ( 13 1 22 )
14 15 ( 14 20 15 ) ( 14 22 15 )
14 20 ( 14 1 20 ) ( 14 22 20 )
14 22 ( 14 1 22 ) ( 14 20 22 )
15 19 ( 15 2 19 ) ( 15 28 19 )
15 20 ( 15 1 20 ) ( 15 2 20 )
15 22 ( 15 20 22 ) ( 15 14 22 )
15 28 ( 15 2 28 ) ( 15 19 28 )
16 18 ( 16 9 18 ) ( 16 10 18 )
16 24 ( 16 18 24 ) ( 16 9 24 )
16 29 ( 16 10 29 ) ( 16 9 29 )
18 24 ( 18 16 24 ) ( 18 10 24 )
18 29 ( 18 10 29 ) ( 18 24 29 )
19 28 ( 19 2 28 ) ( 19 13 28 )
20 22 ( 20 1 22 ) ( 20 15 22 )

EOF