DIMENSIONS
50 sommetsG2
45 sommetsG1
90 dem

SOMMETS
0  Paris  C  48.86  2.34
1  Marseille  C  43.31  5.37
2  Lyon  C  45.76  4.83
3  Toulouse  C  43.62  1.45
4  Nice  C  43.7  7.27
5  Nantes  C  47.23  -1.57
6  Strasbourg  C  48.58  7.76
7  Montpellier  C  43.61  3.87
8  Bordeaux  C  44.84  -0.58
9  Rennes  T  48.11  -1.68
10  Le-havre  C  49.5  0.12
11  Reims  C  49.25  4.03
12  Lille  C  50.64  3.07
13  Saint-etienne  C  45.43  4.39
14  Toulon  C  43.13  5.92
15  Grenoble  C  45.19  5.72
16  Angers  C  47.48  -0.54
17  Brest  C  48.39  -4.5
18  Le-mans  C  48  0.2
19  Dijon  T  47.33  5.03
20  Aix-en-provence  C  43.53  5.44
21  Clermont-ferrand  C  45.78  3.08
22  Nimes  C  43.84  4.35
23  Amiens  C  49.9  2.3
24  Tours  C  47.38  0.69
25  Limoges  C  45.83  1.25
26  Metz  C  49.12  6.18
27  Villeurbanne  C  45.77  4.88
28  Besancon  C  47.24  6.02
29  Caen  C  49.19  -0.36
30  Orleans  C  47.9  1.9
31  Mulhouse  C  47.76  7.34
32  Perpignan  C  42.7  2.89
33  Boulogne-billancourt  C  48.83  2.24
34  Rouen  C  49.44  1.08
35  Nancy  C  48.69  6.17
36  Roubaix  C  50.69  3.17
37  Tourcoing  C  50.72  3.16
38  Argenteuil  C  48.94  2.24
39  Avignon  T  43.96  4.81
40  Montreuil  C  48.86  2.43
41  Nanterre  C  48.9  2.2
42  Poitiers  T  46.58  0.34
43  Saint-denis  C  48.94  2.36
44  Versailles  C  48.81  2.14
45  Creteil  T  48.79  2.45
46  Pau  C  43.3  -0.39
47  La-rochelle  C  46.17  -1.18
48  Colombes  C  48.93  2.25
49  Asnieres-sur-seine  C  48.91  2.29

DEMANDES
0 1 ( 0 13 1 ) ( 0 20 1 )
0 2 ( 0 40 2 ) ( 0 49 2 )
0 3 ( 0 30 3 ) ( 0 33 3 )
0 4 ( 0 40 4 ) ( 0 2 4 )
0 5 ( 0 44 5 ) ( 0 49 5 )
0 6 ( 0 33 6 ) ( 0 48 6 )
0 7 ( 0 40 7 ) ( 0 33 7 )
0 8 ( 0 33 8 ) ( 0 41 8 )
0 10 ( 0 41 10 ) ( 0 49 10 )
0 11 ( 0 40 11 ) ( 0 48 11 )
0 12 ( 0 40 12 ) ( 0 49 43 12 )
0 13 ( 0 33 13 ) ( 0 49 13 )
0 14 ( 0 13 14 ) ( 0 20 14 )
0 15 ( 0 27 15 ) ( 0 2 15 )
0 16 ( 0 18 16 ) ( 0 38 16 )
0 17 ( 0 38 17 ) ( 0 44 29 17 )
0 18 ( 0 33 18 ) ( 0 41 18 )
0 20 ( 0 13 20 ) ( 0 40 20 )
0 21 ( 0 40 21 ) ( 0 33 21 )
0 22 ( 0 40 22 ) ( 0 21 22 )
0 23 ( 0 43 23 ) ( 0 48 23 )
0 24 ( 0 49 24 ) ( 0 41 24 )
0 25 ( 0 30 25 ) ( 0 33 25 )
0 26 ( 0 40 26 ) ( 0 11 26 )
0 27 ( 0 2 27 ) ( 0 40 27 )
0 28 ( 0 33 28 ) ( 0 40 43 28 )
0 29 ( 0 41 29 ) ( 0 44 29 )
0 30 ( 0 33 30 ) ( 0 49 44 30 )
0 31 ( 0 40 31 ) ( 0 43 31 )
0 32 ( 0 21 32 ) ( 0 40 32 )
0 33 ( 0 49 33 ) ( 0 48 33 )
0 34 ( 0 41 34 ) ( 0 48 34 )
0 35 ( 0 11 35 ) ( 0 49 35 )
0 36 ( 0 49 36 ) ( 0 40 36 )
0 37 ( 0 43 37 ) ( 0 12 37 )
0 38 ( 0 48 38 ) ( 0 49 41 38 )
0 40 ( 0 41 40 ) ( 0 23 40 )
0 41 ( 0 49 48 41 ) ( 0 38 41 )
0 43 ( 0 49 43 ) ( 0 40 43 )
0 44 ( 0 33 44 ) ( 0 49 44 )
0 46 ( 0 30 46 ) ( 0 33 46 )
0 47 ( 0 24 47 ) ( 0 41 47 )
0 48 ( 0 43 48 ) ( 0 33 48 )
0 49 ( 0 48 49 ) ( 0 41 49 )
1 2 ( 1 20 2 ) ( 1 13 2 )
1 3 ( 1 22 3 ) ( 1 14 3 )
1 4 ( 1 14 20 4 ) ( 1 27 4 )
1 5 ( 1 25 5 ) ( 1 20 5 )
1 6 ( 1 20 6 ) ( 1 15 6 )
1 7 ( 1 22 7 ) ( 1 20 7 )
1 8 ( 1 7 8 ) ( 1 25 8 )
1 11 ( 1 15 11 ) ( 1 28 11 )
1 12 ( 1 27 2 12 ) ( 1 37 12 )
1 13 ( 1 20 13 ) ( 1 2 13 )
1 14 ( 1 22 14 ) ( 1 7 14 )
1 15 ( 1 27 15 ) ( 1 2 15 )
1 20 ( 1 14 20 ) ( 1 7 20 )
1 21 ( 1 13 21 ) ( 1 7 21 )
1 22 ( 1 14 22 ) ( 1 15 22 )
1 25 ( 1 22 25 ) ( 1 7 25 )
1 27 ( 1 15 27 ) ( 1 22 27 )
1 28 ( 1 20 28 ) ( 1 27 28 )
1 31 ( 1 20 31 ) ( 1 28 31 )
1 32 ( 1 20 32 ) ( 1 14 32 )
2 3 ( 2 13 3 ) ( 2 21 3 )
2 4 ( 2 15 4 ) ( 2 27 4 )
2 6 ( 2 28 6 ) ( 2 31 6 )
2 7 ( 2 15 7 ) ( 2 21 7 )
2 11 ( 2 13 11 ) ( 2 28 11 )
2 13 ( 2 15 13 ) ( 2 21 13 )
2 14 ( 2 27 14 ) ( 2 1 14 )
2 15 ( 2 27 15 ) ( 2 22 15 )
2 20 ( 2 13 20 ) ( 2 1 20 )
2 21 ( 2 15 21 ) ( 2 13 22 21 )
2 22 ( 2 27 22 ) ( 2 15 22 )
2 27 ( 2 13 27 ) ( 2 28 27 )
2 28 ( 2 27 28 ) ( 2 21 28 )
3 5 ( 3 47 5 ) ( 3 25 5 )
3 7 ( 3 21 7 ) ( 3 20 7 )
3 8 ( 3 32 8 ) ( 3 46 47 8 )
3 21 ( 3 7 21 ) ( 3 32 21 )
3 25 ( 3 8 25 ) ( 3 46 25 )
3 32 ( 3 7 32 ) ( 3 22 32 )
4 14 ( 4 22 1 14 ) ( 4 7 14 )
4 15 ( 4 20 15 ) ( 4 14 15 )
4 20 ( 4 22 1 20 ) ( 4 2 20 )
5 16 ( 5 24 16 ) ( 5 29 16 )
5 47 ( 5 8 47 ) ( 5 18 47 )
6 31 ( 6 35 31 ) ( 6 26 31 )
7 22 ( 7 1 22 ) ( 7 32 22 )

EOF