DIMENSIONS
25 sommetsG2
20 sommetsG1
120 dem

SOMMETS
0  Paris  C  48.86  2.34
1  Marseille  C  43.31  5.37
2  Lyon  C  45.76  4.83
3  Toulouse  C  43.62  1.45
4  Nice  T  43.7  7.27
5  Nantes  C  47.23  -1.57
6  Strasbourg  C  48.58  7.76
7  Montpellier  C  43.61  3.87
8  Bordeaux  C  44.84  -0.58
9  Rennes  T  48.11  -1.68
10  Le-havre  C  49.5  0.12
11  Reims  C  49.25  4.03
12  Lille  C  50.64  3.07
13  Saint-etienne  C  45.43  4.39
14  Toulon  C  43.13  5.92
15  Grenoble  C  45.19  5.72
16  Angers  C  47.48  -0.54
17  Brest  C  48.39  -4.5
18  Le-mans  C  48  0.2
19  Dijon  T  47.33  5.03
20  Aix-en-provence  C  43.53  5.44
21  Clermont-ferrand  T  45.78  3.08
22  Nimes  T  43.84  4.35
23  Amiens  C  49.9  2.3
24  Tours  C  47.38  0.69

DEMANDES
0 1 ( 0 2 1 ) ( 0 15 1 )
0 2 ( 0 11 2 ) ( 0 24 2 )
0 3 ( 0 18 3 ) ( 0 13 3 )
0 5 ( 0 18 5 ) ( 0 10 5 )
0 6 ( 0 23 6 ) ( 0 12 6 )
0 7 ( 0 13 7 ) ( 0 15 7 )
0 8 ( 0 24 8 ) ( 0 18 16 8 )
0 10 ( 0 23 10 ) ( 0 11 10 )
0 11 ( 0 12 11 ) ( 0 10 11 )
0 12 ( 0 11 12 ) ( 0 18 12 )
0 13 ( 0 11 13 ) ( 0 23 13 )
0 14 ( 0 20 14 ) ( 0 2 1 14 )
0 15 ( 0 13 15 ) ( 0 11 15 )
0 16 ( 0 24 16 ) ( 0 5 16 )
0 17 ( 0 5 17 ) ( 0 24 17 )
0 18 ( 0 10 18 ) ( 0 23 24 18 )
0 20 ( 0 13 20 ) ( 0 1 20 )
0 23 ( 0 12 23 ) ( 0 11 23 )
0 24 ( 0 23 24 ) ( 0 16 24 )
1 2 ( 1 20 2 ) ( 1 13 2 )
1 3 ( 1 7 3 ) ( 1 20 3 )
1 5 ( 1 20 5 ) ( 1 24 5 )
1 6 ( 1 15 6 ) ( 1 14 6 )
1 7 ( 1 20 7 ) ( 1 14 7 )
1 8 ( 1 7 8 ) ( 1 3 8 )
1 10 ( 1 20 10 ) ( 1 24 10 )
1 11 ( 1 20 11 ) ( 1 7 11 )
1 12 ( 1 13 12 ) ( 1 20 12 )
1 13 ( 1 7 13 ) ( 1 2 15 13 )
1 14 ( 1 7 14 ) ( 1 2 13 14 )
1 15 ( 1 7 15 ) ( 1 3 15 )
1 16 ( 1 24 16 ) ( 1 20 7 16 )
1 17 ( 1 5 17 ) ( 1 24 17 )
1 18 ( 1 24 18 ) ( 1 7 18 )
1 20 ( 1 14 15 20 ) ( 1 2 20 )
1 23 ( 1 20 2 23 ) ( 1 11 23 )
1 24 ( 1 7 24 ) ( 1 20 2 24 )
2 3 ( 2 15 3 ) ( 2 7 13 3 )
2 5 ( 2 16 5 ) ( 2 3 5 )
2 6 ( 2 15 6 ) ( 2 13 6 )
2 7 ( 2 13 7 ) ( 2 15 7 )
2 8 ( 2 13 7 8 ) ( 2 24 8 )
2 10 ( 2 0 10 ) ( 2 13 10 )
2 11 ( 2 13 11 ) ( 2 15 11 )
2 12 ( 2 0 12 ) ( 2 23 12 )
2 13 ( 2 20 13 ) ( 2 14 13 )
2 14 ( 2 1 14 ) ( 2 15 14 )
2 15 ( 2 1 15 ) ( 2 7 15 )
2 16 ( 2 13 16 ) ( 2 15 16 )
2 17 ( 2 5 17 ) ( 2 13 24 17 )
2 18 ( 2 24 18 ) ( 2 13 18 )
2 20 ( 2 15 20 ) ( 2 7 13 20 )
2 23 ( 2 24 23 ) ( 2 18 23 )
2 24 ( 2 13 24 ) ( 2 18 24 )
3 5 ( 3 8 5 ) ( 3 10 5 )
3 6 ( 3 13 6 ) ( 3 2 6 )
3 7 ( 3 13 7 ) ( 3 1 7 )
3 8 ( 3 24 8 ) ( 3 18 8 )
3 10 ( 3 24 10 ) ( 3 18 10 )
3 11 ( 3 0 11 ) ( 3 24 11 )
3 12 ( 3 11 12 ) ( 3 18 23 12 )
3 13 ( 3 2 13 ) ( 3 14 13 )
3 14 ( 3 20 14 ) ( 3 8 7 14 )
3 15 ( 3 13 15 ) ( 3 7 15 )
3 16 ( 3 5 18 16 ) ( 3 24 10 16 )
3 17 ( 3 8 17 ) ( 3 5 17 )
3 18 ( 3 24 18 ) ( 3 5 18 )
3 20 ( 3 14 20 ) ( 3 13 20 )
3 23 ( 3 0 23 ) ( 3 11 23 )
3 24 ( 3 16 24 ) ( 3 5 24 )
5 6 ( 5 24 6 ) ( 5 0 6 )
5 7 ( 5 16 24 7 ) ( 5 18 13 7 )
5 8 ( 5 24 8 ) ( 5 18 8 )
5 10 ( 5 16 24 10 ) ( 5 23 10 )
5 11 ( 5 18 11 ) ( 5 16 11 )
5 12 ( 5 23 12 ) ( 5 18 12 )
5 13 ( 5 16 13 ) ( 5 18 13 )
5 16 ( 5 24 18 16 ) ( 5 0 16 )
5 17 ( 5 16 17 ) ( 5 18 17 )
5 18 ( 5 16 18 ) ( 5 24 18 )
5 23 ( 5 16 18 23 ) ( 5 12 23 )
5 24 ( 5 16 24 ) ( 5 23 24 )
6 7 ( 6 2 7 ) ( 6 13 7 )
6 11 ( 6 23 11 ) ( 6 2 11 )
6 12 ( 6 23 12 ) ( 6 0 11 12 )
6 13 ( 6 2 13 ) ( 6 15 13 )
6 14 ( 6 20 14 ) ( 6 1 14 )
6 15 ( 6 2 15 ) ( 6 14 1 15 )
6 20 ( 6 1 20 ) ( 6 13 20 )
6 23 ( 6 0 23 ) ( 6 15 23 )
7 8 ( 7 13 8 ) ( 7 1 14 8 )
7 11 ( 7 2 11 ) ( 7 15 11 )
7 13 ( 7 2 13 ) ( 7 1 15 13 )
7 14 ( 7 15 14 ) ( 7 13 20 14 )
7 15 ( 7 14 15 ) ( 7 3 15 )
7 20 ( 7 13 20 ) ( 7 2 1 20 )
8 10 ( 8 18 10 ) ( 8 5 10 )
8 13 ( 8 7 13 ) ( 8 3 7 2 13 )
8 16 ( 8 24 16 ) ( 8 18 16 )
8 18 ( 8 24 18 ) ( 8 5 18 )
8 24 ( 8 16 24 ) ( 8 0 18 24 )
10 11 ( 10 0 11 ) ( 10 18 11 )
10 12 ( 10 0 12 ) ( 10 11 23 12 )
10 16 ( 10 18 16 ) ( 10 24 16 )
10 18 ( 10 24 18 ) ( 10 16 18 )
10 23 ( 10 18 23 ) ( 10 24 23 )
10 24 ( 10 18 24 ) ( 10 11 24 )
11 12 ( 11 23 12 ) ( 11 0 12 )
11 13 ( 11 15 13 ) ( 11 23 13 )
11 23 ( 11 10 23 ) ( 11 18 0 23 )
12 23 ( 12 11 23 ) ( 12 18 23 )
13 14 ( 13 20 14 ) ( 13 2 14 )
13 15 ( 13 2 15 ) ( 13 14 15 )
13 20 ( 13 1 20 ) ( 13 2 20 )
14 15 ( 14 13 2 15 ) ( 14 6 15 )
14 20 ( 14 7 20 ) ( 14 15 20 )
15 20 ( 15 1 20 ) ( 15 14 20 )
16 18 ( 16 5 18 ) ( 16 0 18 )
16 24 ( 16 18 24 ) ( 16 10 24 )
18 24 ( 18 5 24 ) ( 18 8 24 )

EOF