DIMENSIONS
95 sommetsG2
90 sommetsG1
150 dem

SOMMETS
0  Paris  C  48.86  2.34
1  Marseille  C  43.31  5.37
2  Lyon  C  45.76  4.83
3  Toulouse  C  43.62  1.45
4  Nice  C  43.7  7.27
5  Nantes  C  47.23  -1.57
6  Strasbourg  C  48.58  7.76
7  Montpellier  C  43.61  3.87
8  Bordeaux  C  44.84  -0.58
9  Rennes  C  48.11  -1.68
10  Le-havre  C  49.5  0.12
11  Reims  C  49.25  4.03
12  Lille  C  50.64  3.07
13  Saint-etienne  C  45.43  4.39
14  Toulon  C  43.13  5.92
15  Grenoble  C  45.19  5.72
16  Angers  C  47.48  -0.54
17  Brest  C  48.39  -4.5
18  Le-mans  C  48  0.2
19  Dijon  C  47.33  5.03
20  Aix-en-provence  C  43.53  5.44
21  Clermont-ferrand  C  45.78  3.08
22  Nimes  C  43.84  4.35
23  Amiens  C  49.9  2.3
24  Tours  C  47.38  0.69
25  Limoges  C  45.83  1.25
26  Metz  C  49.12  6.18
27  Villeurbanne  C  45.77  4.88
28  Besancon  C  47.24  6.02
29  Caen  C  49.19  -0.36
30  Orleans  C  47.9  1.9
31  Mulhouse  C  47.76  7.34
32  Perpignan  C  42.7  2.89
33  Boulogne-billancourt  C  48.83  2.24
34  Rouen  C  49.44  1.08
35  Nancy  C  48.69  6.17
36  Roubaix  C  50.69  3.17
37  Tourcoing  T  50.72  3.16
38  Argenteuil  C  48.94  2.24
39  Avignon  C  43.96  4.81
40  Montreuil  C  48.86  2.43
41  Nanterre  C  48.9  2.2
42  Poitiers  C  46.58  0.34
43  Saint-denis  C  48.94  2.36
44  Versailles  C  48.81  2.14
45  Creteil  C  48.79  2.45
46  Pau  C  43.3  -0.39
47  La-rochelle  C  46.17  -1.18
48  Colombes  C  48.93  2.25
49  Asnieres-sur-seine  C  48.91  2.29
50  Calais  C  50.95  1.86
51  Aulnay-sous-bois  C  48.96  2.49
52  Vitry-sur-seine  C  48.79  2.39
53  Rueil-malmaison  C  48.89  2.17
54  Champigny-sur-marne  C  48.82  2.51
55  Beziers  C  43.35  3.21
56  Saint-maur-des-fosses  C  48.8  2.49
57  Dunkerque  C  51.04  2.34
58  Antibes  C  43.6  7.12
59  Saint-nazaire  C  47.28  -2.22
60  Courbevoie  C  48.9  2.25
61  Bourges  C  47.08  2.39
62  Colmar  C  48.08  7.36
63  Valence  C  44.94  4.89
64  Cannes  C  43.56  7.02
65  Villeneuve-d'ascq  C  50.62  3.14
66  Quimper  C  47.99  -4.11
67  Merignac  C  44.87  -0.65
68  Antony  C  48.76  2.3
69  La-seyne-sur-mer  C  43.11  5.87
70  Aubervillers  C  48.92  2.38
71  Troyes  C  48.3  4.08
72  Lorient  C  47.74  -3.37
73  Neuilly-sur-seine  C  48.89  2.27
74  Drancy  T  48.94  2.46
75  Saint-quentin  T  49.85  3.28
76  Pessac  C  44.8  -0.66
77  Chambery  C  45.58  5.91
78  Venissieux  C  45.69  4.86
79  Levallois-perret  T  48.9  2.29
80  Niort  C  46.32  -0.47
81  Sarcelles  C  49  2.38
82  Noisy-le-grand  C  48.85  2.55
83  Charleville-mezieres  C  49.75  4.73
84  Cholet  C  47.07  -0.88
85  Beauvais  C  49.43  2.09
86  Issy-les-moulineaux  T  48.83  2.26
87  Saint-malo  C  48.66  -2.01
88  Vannes  C  47.66  -2.76
89  Cergy  C  49.04  2.07
90  Arles  C  43.69  4.63
91  Hyeres  C  43.13  6.12
92  Montauban  C  44.02  1.35
93  Laval  C  48.07  -0.78
94  La-roche-sur-yon  C  46.67  -1.44

DEMANDES
0 1 ( 0 13 1 ) ( 0 52 45 1 )
0 2 ( 0 52 45 2 ) ( 0 54 2 )
0 3 ( 0 68 3 ) ( 0 61 3 )
0 4 ( 0 52 4 ) ( 0 15 4 )
0 5 ( 0 73 18 5 ) ( 0 53 5 )
0 6 ( 0 82 6 ) ( 0 40 6 )
0 7 ( 0 52 7 ) ( 0 68 7 )
0 8 ( 0 33 8 ) ( 0 68 30 8 )
0 9 ( 0 44 9 ) ( 0 33 9 )
0 10 ( 0 41 10 ) ( 0 60 10 )
0 11 ( 0 82 11 ) ( 0 70 51 11 )
0 12 ( 0 81 12 ) ( 0 70 12 )
0 13 ( 0 52 13 ) ( 0 56 13 )
0 14 ( 0 13 14 ) ( 0 63 14 )
0 15 ( 0 56 15 ) ( 0 52 45 15 )
0 16 ( 0 33 44 16 ) ( 0 18 16 )
0 17 ( 0 53 17 ) ( 0 41 17 )
0 18 ( 0 33 18 ) ( 0 44 18 )
0 19 ( 0 45 19 ) ( 0 52 19 )
0 20 ( 0 63 20 ) ( 0 56 20 )
0 21 ( 0 52 21 ) ( 0 68 21 )
0 22 ( 0 52 22 ) ( 0 45 22 )
0 23 ( 0 48 23 ) ( 0 60 48 38 23 )
0 24 ( 0 33 24 ) ( 0 68 24 )
0 25 ( 0 68 25 ) ( 0 30 25 )
0 26 ( 0 40 26 ) ( 0 82 26 )
0 27 ( 0 56 27 ) ( 0 68 27 )
0 28 ( 0 56 28 ) ( 0 45 28 )
0 29 ( 0 53 29 ) ( 0 41 29 )
0 30 ( 0 68 30 ) ( 0 33 30 )
0 31 ( 0 56 31 ) ( 0 71 31 )
0 32 ( 0 68 61 32 ) ( 0 45 32 )
0 33 ( 0 73 33 ) ( 0 60 33 )
0 34 ( 0 41 34 ) ( 0 53 34 )
0 35 ( 0 54 35 ) ( 0 45 35 )
0 36 ( 0 70 65 36 ) ( 0 43 81 36 )
0 38 ( 0 49 48 38 ) ( 0 73 60 38 )
0 39 ( 0 52 39 ) ( 0 45 39 )
0 40 ( 0 43 70 40 ) ( 0 45 40 )
0 41 ( 0 60 41 ) ( 0 49 73 41 )
0 42 ( 0 68 42 ) ( 0 73 42 )
0 43 ( 0 49 43 ) ( 0 73 43 )
0 44 ( 0 33 44 ) ( 0 73 44 )
0 45 ( 0 40 45 ) ( 0 56 45 )
0 46 ( 0 68 46 ) ( 0 30 46 )
0 47 ( 0 33 47 ) ( 0 24 47 )
0 48 ( 0 43 49 48 ) ( 0 41 48 )
0 49 ( 0 43 49 ) ( 0 48 49 )
0 50 ( 0 43 50 ) ( 0 49 50 )
0 51 ( 0 70 51 ) ( 0 43 51 )
0 52 ( 0 40 52 ) ( 0 45 52 )
0 53 ( 0 73 53 ) ( 0 41 53 )
0 54 ( 0 40 54 ) ( 0 43 54 )
0 55 ( 0 52 55 ) ( 0 21 55 )
0 56 ( 0 40 56 ) ( 0 54 56 )
0 57 ( 0 23 57 ) ( 0 81 57 )
0 58 ( 0 15 58 ) ( 0 52 58 )
0 59 ( 0 44 59 ) ( 0 60 59 )
0 60 ( 0 49 60 ) ( 0 48 60 )
0 61 ( 0 68 61 ) ( 0 52 61 )
0 62 ( 0 54 62 ) ( 0 40 62 )
0 63 ( 0 45 63 ) ( 0 40 63 )
0 64 ( 0 52 15 64 ) ( 0 40 64 )
0 65 ( 0 43 65 ) ( 0 81 65 )
0 66 ( 0 44 66 ) ( 0 53 66 )
0 67 ( 0 42 67 ) ( 0 30 67 )
0 68 ( 0 52 68 ) ( 0 73 68 )
0 69 ( 0 63 69 ) ( 0 20 69 )
0 70 ( 0 43 70 ) ( 0 49 70 )
0 71 ( 0 56 71 ) ( 0 54 71 )
0 72 ( 0 33 72 ) ( 0 73 72 )
0 73 ( 0 49 73 ) ( 0 43 73 )
0 76 ( 0 67 76 ) ( 0 33 8 76 )
0 77 ( 0 52 77 ) ( 0 45 77 )
0 78 ( 0 2 78 ) ( 0 45 56 78 )
0 80 ( 0 24 80 ) ( 0 44 80 )
0 81 ( 0 73 43 81 ) ( 0 48 81 )
0 82 ( 0 70 82 ) ( 0 52 45 82 )
0 83 ( 0 51 83 ) ( 0 40 82 83 )
0 84 ( 0 33 84 ) ( 0 68 84 )
0 85 ( 0 38 85 ) ( 0 43 85 )
0 87 ( 0 53 87 ) ( 0 73 87 )
0 88 ( 0 44 88 ) ( 0 33 88 )
0 89 ( 0 49 48 89 ) ( 0 41 89 )
0 90 ( 0 52 90 ) ( 0 45 90 )
0 91 ( 0 45 91 ) ( 0 56 91 )
0 92 ( 0 68 92 ) ( 0 73 92 )
0 93 ( 0 44 93 ) ( 0 53 93 )
0 94 ( 0 84 94 ) ( 0 44 94 )
1 2 ( 1 78 2 ) ( 1 20 2 )
1 3 ( 1 7 55 3 ) ( 1 22 3 )
1 4 ( 1 91 4 ) ( 1 69 4 )
1 5 ( 1 90 5 ) ( 1 22 5 )
1 6 ( 1 31 62 6 ) ( 1 20 77 6 )
1 7 ( 1 22 7 ) ( 1 90 39 7 )
1 8 ( 1 7 8 ) ( 1 90 8 )
1 11 ( 1 2 11 ) ( 1 63 11 )
1 13 ( 1 39 13 ) ( 1 63 13 )
1 14 ( 1 91 14 ) ( 1 90 14 )
1 15 ( 1 39 15 ) ( 1 63 15 )
1 19 ( 1 20 19 ) ( 1 78 2 19 )
1 20 ( 1 69 20 ) ( 1 14 20 )
1 21 ( 1 39 22 21 ) ( 1 13 21 )
1 22 ( 1 39 22 ) ( 1 14 22 )
1 25 ( 1 90 25 ) ( 1 20 25 )
1 27 ( 1 78 27 ) ( 1 20 27 )
1 28 ( 1 15 28 ) ( 1 63 28 )
1 31 ( 1 77 31 ) ( 1 15 31 )
1 32 ( 1 7 32 ) ( 1 22 32 )
1 39 ( 1 20 39 ) ( 1 22 90 39 )
1 55 ( 1 90 55 ) ( 1 22 55 )
1 58 ( 1 91 64 58 ) ( 1 14 69 58 )
1 63 ( 1 39 63 ) ( 1 20 22 63 )
1 64 ( 1 69 64 ) ( 1 14 91 64 )
1 69 ( 1 20 69 ) ( 1 91 69 )
1 77 ( 1 20 77 ) ( 1 63 77 )
1 78 ( 1 27 78 ) ( 1 90 78 )
1 90 ( 1 20 90 ) ( 1 39 22 90 )
1 91 ( 1 14 91 ) ( 1 39 91 )
2 3 ( 2 21 3 ) ( 2 7 3 )
2 4 ( 2 15 4 ) ( 2 58 4 )
2 6 ( 2 27 6 ) ( 2 28 6 )
2 7 ( 2 78 13 7 ) ( 2 22 7 )
2 13 ( 2 27 78 13 ) ( 2 63 13 )
2 14 ( 2 27 14 ) ( 2 69 14 )
2 15 ( 2 27 15 ) ( 2 13 15 )
2 19 ( 2 27 19 ) ( 2 13 19 )
2 20 ( 2 63 20 ) ( 2 27 15 20 )
2 21 ( 2 63 21 ) ( 2 13 27 21 )
2 22 ( 2 63 22 ) ( 2 27 22 )
2 27 ( 2 78 27 ) ( 2 13 27 )
2 28 ( 2 19 28 ) ( 2 78 15 28 )
2 39 ( 2 13 39 ) ( 2 90 39 )
2 63 ( 2 27 63 ) ( 2 78 15 63 )
2 77 ( 2 27 78 77 ) ( 2 15 77 )
2 78 ( 2 77 78 ) ( 2 15 27 13 78 )
3 7 ( 3 32 7 ) ( 3 90 7 )
3 8 ( 3 76 8 ) ( 3 25 8 )
3 25 ( 3 92 25 ) ( 3 42 25 )
3 32 ( 3 92 32 ) ( 3 7 32 )
3 92 ( 3 46 92 ) ( 3 76 92 )
4 14 ( 4 64 14 ) ( 4 58 69 14 )
4 15 ( 4 64 15 ) ( 4 58 91 15 )
4 20 ( 4 58 20 ) ( 4 91 20 )
4 58 ( 4 64 14 58 ) ( 4 91 14 69 58 )
4 64 ( 4 58 64 ) ( 4 91 64 )
5 9 ( 5 94 9 ) ( 5 93 9 )
5 16 ( 5 84 16 ) ( 5 9 16 )
6 31 ( 6 62 31 ) ( 6 35 19 31 )
7 22 ( 7 39 90 22 ) ( 7 55 22 )

EOF