DIMENSIONS
65 sommetsG2
60 sommetsG1
80 dem

SOMMETS
0  Paris  C  48.86  2.34
1  Marseille  C  43.31  5.37
2  Lyon  C  45.76  4.83
3  Toulouse  C  43.62  1.45
4  Nice  C  43.7  7.27
5  Nantes  C  47.23  -1.57
6  Strasbourg  C  48.58  7.76
7  Montpellier  C  43.61  3.87
8  Bordeaux  C  44.84  -0.58
9  Rennes  C  48.11  -1.68
10  Le-havre  C  49.5  0.12
11  Reims  C  49.25  4.03
12  Lille  C  50.64  3.07
13  Saint-etienne  C  45.43  4.39
14  Toulon  C  43.13  5.92
15  Grenoble  C  45.19  5.72
16  Angers  C  47.48  -0.54
17  Brest  C  48.39  -4.5
18  Le-mans  C  48  0.2
19  Dijon  C  47.33  5.03
20  Aix-en-provence  C  43.53  5.44
21  Clermont-ferrand  C  45.78  3.08
22  Nimes  C  43.84  4.35
23  Amiens  C  49.9  2.3
24  Tours  C  47.38  0.69
25  Limoges  T  45.83  1.25
26  Metz  C  49.12  6.18
27  Villeurbanne  C  45.77  4.88
28  Besancon  C  47.24  6.02
29  Caen  C  49.19  -0.36
30  Orleans  C  47.9  1.9
31  Mulhouse  C  47.76  7.34
32  Perpignan  C  42.7  2.89
33  Boulogne-billancourt  C  48.83  2.24
34  Rouen  C  49.44  1.08
35  Nancy  C  48.69  6.17
36  Roubaix  C  50.69  3.17
37  Tourcoing  C  50.72  3.16
38  Argenteuil  C  48.94  2.24
39  Avignon  C  43.96  4.81
40  Montreuil  C  48.86  2.43
41  Nanterre  C  48.9  2.2
42  Poitiers  C  46.58  0.34
43  Saint-denis  C  48.94  2.36
44  Versailles  C  48.81  2.14
45  Creteil  C  48.79  2.45
46  Pau  C  43.3  -0.39
47  La-rochelle  C  46.17  -1.18
48  Colombes  C  48.93  2.25
49  Asnieres-sur-seine  C  48.91  2.29
50  Calais  T  50.95  1.86
51  Aulnay-sous-bois  T  48.96  2.49
52  Vitry-sur-seine  C  48.79  2.39
53  Rueil-malmaison  C  48.89  2.17
54  Champigny-sur-marne  T  48.82  2.51
55  Beziers  C  43.35  3.21
56  Saint-maur-des-fosses  C  48.8  2.49
57  Dunkerque  C  51.04  2.34
58  Antibes  C  43.6  7.12
59  Saint-nazaire  T  47.28  -2.22
60  Courbevoie  C  48.9  2.25
61  Bourges  C  47.08  2.39
62  Colmar  C  48.08  7.36
63  Valence  C  44.94  4.89
64  Cannes  C  43.56  7.02

DEMANDES
0 1 ( 0 40 1 ) ( 0 63 1 )
0 2 ( 0 45 2 ) ( 0 27 2 )
0 3 ( 0 33 3 ) ( 0 40 3 )
0 4 ( 0 52 4 ) ( 0 56 4 )
0 5 ( 0 44 5 ) ( 0 16 5 )
0 6 ( 0 45 6 ) ( 0 52 6 )
0 7 ( 0 40 21 7 ) ( 0 61 7 )
0 8 ( 0 33 8 ) ( 0 49 8 )
0 9 ( 0 44 9 ) ( 0 33 9 )
0 10 ( 0 41 10 ) ( 0 53 10 )
0 11 ( 0 40 11 ) ( 0 56 11 )
0 12 ( 0 48 12 ) ( 0 38 12 )
0 13 ( 0 45 56 13 ) ( 0 40 13 )
0 14 ( 0 13 14 ) ( 0 20 14 )
0 15 ( 0 56 15 ) ( 0 40 15 )
0 16 ( 0 60 16 ) ( 0 41 16 )
0 17 ( 0 53 17 ) ( 0 49 60 17 )
0 18 ( 0 53 18 ) ( 0 60 18 )
0 19 ( 0 52 19 ) ( 0 40 19 )
0 20 ( 0 13 20 ) ( 0 45 20 )
0 21 ( 0 52 21 ) ( 0 45 21 )
0 22 ( 0 52 22 ) ( 0 45 22 )
0 23 ( 0 43 23 ) ( 0 49 23 )
0 24 ( 0 44 24 ) ( 0 60 24 )
0 26 ( 0 40 26 ) ( 0 56 26 )
0 27 ( 0 52 27 ) ( 0 45 27 )
0 28 ( 0 45 28 ) ( 0 52 28 )
0 29 ( 0 41 29 ) ( 0 49 29 )
0 30 ( 0 44 30 ) ( 0 49 30 )
0 31 ( 0 40 31 ) ( 0 56 31 )
0 32 ( 0 52 32 ) ( 0 33 32 )
0 33 ( 0 49 48 33 ) ( 0 52 33 )
0 34 ( 0 60 34 ) ( 0 48 34 )
0 35 ( 0 56 35 ) ( 0 45 35 )
0 36 ( 0 43 12 36 ) ( 0 49 36 )
0 37 ( 0 49 36 37 ) ( 0 48 37 )
0 38 ( 0 49 38 ) ( 0 60 38 )
0 39 ( 0 45 39 ) ( 0 56 39 )
0 40 ( 0 52 40 ) ( 0 43 40 )
0 41 ( 0 49 41 ) ( 0 48 41 )
0 42 ( 0 33 24 42 ) ( 0 52 42 )
0 43 ( 0 49 43 ) ( 0 48 43 )
0 44 ( 0 49 44 ) ( 0 41 44 )
0 45 ( 0 52 45 ) ( 0 43 40 56 45 )
0 46 ( 0 30 46 ) ( 0 52 46 )
0 47 ( 0 33 47 ) ( 0 24 47 )
0 48 ( 0 49 48 ) ( 0 60 48 )
0 49 ( 0 60 49 ) ( 0 48 49 )
0 52 ( 0 40 52 ) ( 0 49 52 )
0 53 ( 0 60 53 ) ( 0 49 53 )
0 55 ( 0 52 55 ) ( 0 45 55 )
0 56 ( 0 52 40 56 ) ( 0 49 56 )
0 57 ( 0 43 57 ) ( 0 49 48 57 )
0 60 ( 0 49 60 ) ( 0 43 60 )
0 61 ( 0 52 61 ) ( 0 45 61 )
0 62 ( 0 56 62 ) ( 0 45 62 )
0 63 ( 0 13 63 ) ( 0 56 63 )
1 2 ( 1 27 2 ) ( 1 39 2 )
1 3 ( 1 55 3 ) ( 1 32 3 )
1 4 ( 1 20 4 ) ( 1 14 39 4 )
1 6 ( 1 62 6 ) ( 1 15 6 )
1 7 ( 1 55 7 ) ( 1 32 7 )
1 13 ( 1 63 13 ) ( 1 20 13 )
1 14 ( 1 39 14 ) ( 1 7 14 )
1 15 ( 1 63 15 ) ( 1 14 15 )
1 20 ( 1 39 20 ) ( 1 22 20 )
1 22 ( 1 14 22 ) ( 1 63 22 )
1 27 ( 1 63 27 ) ( 1 20 27 )
1 32 ( 1 7 32 ) ( 1 20 32 )
1 39 ( 1 20 39 ) ( 1 22 39 )
1 58 ( 1 64 58 ) ( 1 4 58 )
1 63 ( 1 20 63 ) ( 1 22 63 )
1 64 ( 1 14 64 ) ( 1 58 4 64 )
2 4 ( 2 58 4 ) ( 2 64 4 )
2 7 ( 2 13 7 ) ( 2 63 7 )
2 13 ( 2 39 13 ) ( 2 22 13 )
2 15 ( 2 63 15 ) ( 2 39 15 )
2 19 ( 2 13 19 ) ( 2 63 19 )
2 27 ( 2 13 27 ) ( 2 63 27 )
5 9 ( 5 47 9 ) ( 5 18 9 )

EOF