DIMENSIONS
65 sommetsG2
60 sommetsG1
150 dem

SOMMETS
0  Paris  C  48.86  2.34
1  Marseille  C  43.31  5.37
2  Lyon  C  45.76  4.83
3  Toulouse  C  43.62  1.45
4  Nice  C  43.7  7.27
5  Nantes  C  47.23  -1.57
6  Strasbourg  C  48.58  7.76
7  Montpellier  C  43.61  3.87
8  Bordeaux  C  44.84  -0.58
9  Rennes  C  48.11  -1.68
10  Le-havre  C  49.5  0.12
11  Reims  C  49.25  4.03
12  Lille  C  50.64  3.07
13  Saint-etienne  C  45.43  4.39
14  Toulon  C  43.13  5.92
15  Grenoble  C  45.19  5.72
16  Angers  C  47.48  -0.54
17  Brest  C  48.39  -4.5
18  Le-mans  C  48  0.2
19  Dijon  C  47.33  5.03
20  Aix-en-provence  C  43.53  5.44
21  Clermont-ferrand  C  45.78  3.08
22  Nimes  C  43.84  4.35
23  Amiens  C  49.9  2.3
24  Tours  C  47.38  0.69
25  Limoges  T  45.83  1.25
26  Metz  C  49.12  6.18
27  Villeurbanne  C  45.77  4.88
28  Besancon  C  47.24  6.02
29  Caen  C  49.19  -0.36
30  Orleans  C  47.9  1.9
31  Mulhouse  C  47.76  7.34
32  Perpignan  C  42.7  2.89
33  Boulogne-billancourt  C  48.83  2.24
34  Rouen  C  49.44  1.08
35  Nancy  C  48.69  6.17
36  Roubaix  C  50.69  3.17
37  Tourcoing  C  50.72  3.16
38  Argenteuil  C  48.94  2.24
39  Avignon  C  43.96  4.81
40  Montreuil  C  48.86  2.43
41  Nanterre  C  48.9  2.2
42  Poitiers  C  46.58  0.34
43  Saint-denis  C  48.94  2.36
44  Versailles  C  48.81  2.14
45  Creteil  C  48.79  2.45
46  Pau  C  43.3  -0.39
47  La-rochelle  C  46.17  -1.18
48  Colombes  C  48.93  2.25
49  Asnieres-sur-seine  C  48.91  2.29
50  Calais  T  50.95  1.86
51  Aulnay-sous-bois  T  48.96  2.49
52  Vitry-sur-seine  C  48.79  2.39
53  Rueil-malmaison  C  48.89  2.17
54  Champigny-sur-marne  T  48.82  2.51
55  Beziers  C  43.35  3.21
56  Saint-maur-des-fosses  C  48.8  2.49
57  Dunkerque  C  51.04  2.34
58  Antibes  C  43.6  7.12
59  Saint-nazaire  T  47.28  -2.22
60  Courbevoie  C  48.9  2.25
61  Bourges  C  47.08  2.39
62  Colmar  C  48.08  7.36
63  Valence  C  44.94  4.89
64  Cannes  C  43.56  7.02

DEMANDES
0 1 ( 0 13 1 ) ( 0 39 1 )
0 2 ( 0 56 2 ) ( 0 40 2 )
0 3 ( 0 61 3 ) ( 0 33 3 )
0 4 ( 0 52 4 ) ( 0 15 4 )
0 5 ( 0 18 5 ) ( 0 44 5 )
0 6 ( 0 40 6 ) ( 0 56 6 )
0 7 ( 0 52 7 ) ( 0 21 7 )
0 8 ( 0 30 8 ) ( 0 49 33 8 )
0 9 ( 0 53 9 ) ( 0 60 9 )
0 10 ( 0 60 10 ) ( 0 38 10 )
0 11 ( 0 40 11 ) ( 0 56 11 )
0 12 ( 0 43 12 ) ( 0 49 12 )
0 13 ( 0 56 13 ) ( 0 49 52 13 )
0 14 ( 0 45 14 ) ( 0 56 14 )
0 15 ( 0 45 15 ) ( 0 40 15 )
0 16 ( 0 18 16 ) ( 0 60 41 16 )
0 17 ( 0 33 17 ) ( 0 49 17 )
0 18 ( 0 33 18 ) ( 0 44 18 )
0 19 ( 0 52 19 ) ( 0 33 19 )
0 20 ( 0 45 20 ) ( 0 40 20 )
0 21 ( 0 61 21 ) ( 0 33 21 )
0 22 ( 0 40 22 ) ( 0 33 22 )
0 23 ( 0 43 23 ) ( 0 49 23 )
0 24 ( 0 44 24 ) ( 0 60 24 )
0 26 ( 0 45 26 ) ( 0 11 26 )
0 27 ( 0 56 27 ) ( 0 2 27 )
0 28 ( 0 52 28 ) ( 0 40 45 28 )
0 29 ( 0 53 29 ) ( 0 60 41 29 )
0 30 ( 0 33 44 30 ) ( 0 49 30 )
0 31 ( 0 40 31 ) ( 0 56 31 )
0 32 ( 0 61 32 ) ( 0 52 32 )
0 33 ( 0 49 33 ) ( 0 48 33 )
0 34 ( 0 60 34 ) ( 0 41 34 )
0 35 ( 0 40 35 ) ( 0 56 35 )
0 36 ( 0 49 36 ) ( 0 12 37 36 )
0 37 ( 0 43 37 ) ( 0 12 37 )
0 38 ( 0 48 38 ) ( 0 60 38 )
0 39 ( 0 45 39 ) ( 0 13 39 )
0 40 ( 0 52 40 ) ( 0 45 40 )
0 41 ( 0 60 41 ) ( 0 48 41 )
0 42 ( 0 33 44 42 ) ( 0 24 42 )
0 43 ( 0 49 43 ) ( 0 60 43 )
0 44 ( 0 33 44 ) ( 0 60 44 )
0 45 ( 0 49 45 ) ( 0 60 45 )
0 46 ( 0 33 46 ) ( 0 44 46 )
0 47 ( 0 24 47 ) ( 0 49 47 )
0 48 ( 0 60 48 ) ( 0 41 48 )
0 49 ( 0 43 49 ) ( 0 38 49 )
0 52 ( 0 40 52 ) ( 0 45 52 )
0 53 ( 0 41 53 ) ( 0 60 53 )
0 55 ( 0 52 55 ) ( 0 21 55 )
0 56 ( 0 45 56 ) ( 0 52 56 )
0 57 ( 0 23 57 ) ( 0 43 57 )
0 58 ( 0 27 58 ) ( 0 64 58 )
0 60 ( 0 48 60 ) ( 0 52 60 )
0 61 ( 0 52 61 ) ( 0 45 61 )
0 62 ( 0 56 62 ) ( 0 45 62 )
0 63 ( 0 52 45 63 ) ( 0 40 63 )
0 64 ( 0 2 64 ) ( 0 45 27 64 )
1 2 ( 1 20 63 2 ) ( 1 39 2 )
1 3 ( 1 55 3 ) ( 1 22 3 )
1 4 ( 1 64 4 ) ( 1 20 4 )
1 5 ( 1 42 5 ) ( 1 39 22 5 )
1 6 ( 1 20 6 ) ( 1 28 6 )
1 7 ( 1 20 7 ) ( 1 39 7 )
1 8 ( 1 22 8 ) ( 1 55 8 )
1 9 ( 1 42 9 ) ( 1 16 9 )
1 10 ( 1 21 10 ) ( 1 61 10 )
1 11 ( 1 2 11 ) ( 1 13 11 )
1 12 ( 1 63 12 ) ( 1 27 12 )
1 13 ( 1 39 13 ) ( 1 22 13 )
1 14 ( 1 20 14 ) ( 1 39 14 )
1 15 ( 1 20 15 ) ( 1 39 15 )
1 16 ( 1 21 16 ) ( 1 20 39 16 )
1 18 ( 1 39 18 ) ( 1 22 18 )
1 19 ( 1 27 19 ) ( 1 63 19 )
1 20 ( 1 39 20 ) ( 1 22 20 )
1 21 ( 1 39 21 ) ( 1 20 21 )
1 22 ( 1 20 22 ) ( 1 7 39 22 )
1 23 ( 1 13 23 ) ( 1 63 23 )
1 24 ( 1 21 24 ) ( 1 13 24 )
1 26 ( 1 35 26 ) ( 1 39 26 )
1 27 ( 1 20 27 ) ( 1 2 27 )
1 28 ( 1 20 28 ) ( 1 39 63 28 )
1 30 ( 1 21 61 30 ) ( 1 20 30 )
1 31 ( 1 20 31 ) ( 1 28 31 )
1 32 ( 1 7 32 ) ( 1 55 32 )
1 33 ( 1 0 33 ) ( 1 60 33 )
1 35 ( 1 15 35 ) ( 1 20 35 )
1 39 ( 1 14 39 ) ( 1 58 39 )
1 55 ( 1 22 55 ) ( 1 39 7 55 )
1 58 ( 1 14 58 ) ( 1 20 58 )
1 63 ( 1 20 63 ) ( 1 14 39 63 )
1 64 ( 1 20 64 ) ( 1 14 58 64 )
2 3 ( 2 27 3 ) ( 2 21 3 )
2 4 ( 2 58 4 ) ( 2 64 4 )
2 5 ( 2 21 5 ) ( 2 27 5 )
2 6 ( 2 62 6 ) ( 2 31 6 )
2 7 ( 2 27 7 ) ( 2 63 7 )
2 11 ( 2 27 11 ) ( 2 19 11 )
2 13 ( 2 63 13 ) ( 2 39 13 )
2 14 ( 2 27 14 ) ( 2 63 14 )
2 15 ( 2 63 15 ) ( 2 39 15 )
2 19 ( 2 28 19 ) ( 2 63 27 19 )
2 20 ( 2 13 20 ) ( 2 1 20 )
2 21 ( 2 63 13 21 ) ( 2 15 21 )
2 22 ( 2 63 22 ) ( 2 7 22 )
2 27 ( 2 13 27 ) ( 2 63 27 )
2 28 ( 2 19 28 ) ( 2 15 28 )
2 39 ( 2 27 63 39 ) ( 2 13 39 )
2 63 ( 2 13 63 ) ( 2 39 63 )
3 4 ( 3 7 20 4 ) ( 3 64 4 )
3 5 ( 3 46 5 ) ( 3 9 5 )
3 7 ( 3 32 7 ) ( 3 21 7 )
3 8 ( 3 42 8 ) ( 3 55 8 )
3 13 ( 3 21 13 ) ( 3 55 13 )
3 21 ( 3 55 21 ) ( 3 7 21 )
3 22 ( 3 55 22 ) ( 3 39 22 )
3 32 ( 3 55 32 ) ( 3 7 32 )
3 46 ( 3 32 46 ) ( 3 47 46 )
3 55 ( 3 32 55 ) ( 3 22 55 )
4 7 ( 4 58 20 7 ) ( 4 64 7 )
4 14 ( 4 58 14 ) ( 4 20 14 )
4 15 ( 4 14 15 ) ( 4 58 20 15 )
4 20 ( 4 14 20 ) ( 4 58 1 20 )
4 58 ( 4 64 58 ) ( 4 20 58 )
4 64 ( 4 58 64 ) ( 4 14 64 )
5 8 ( 5 42 8 ) ( 5 9 8 )
5 9 ( 5 16 9 ) ( 5 18 9 )
5 10 ( 5 29 10 ) ( 5 16 10 )
5 16 ( 5 9 16 ) ( 5 18 16 )
5 18 ( 5 16 18 ) ( 5 9 18 )
5 47 ( 5 16 47 ) ( 5 24 18 47 )
6 26 ( 6 35 26 ) ( 6 62 26 )
6 31 ( 6 62 31 ) ( 6 26 31 )
6 35 ( 6 62 35 ) ( 6 31 35 )
6 62 ( 6 26 62 ) ( 6 28 62 )
7 13 ( 7 22 13 ) ( 7 39 13 )
7 20 ( 7 22 20 ) ( 7 39 20 )
7 22 ( 7 39 22 ) ( 7 55 22 )
7 32 ( 7 39 32 ) ( 7 20 32 )
7 39 ( 7 22 39 ) ( 7 20 39 )
7 55 ( 7 32 55 ) ( 7 39 55 )
9 16 ( 9 5 16 ) ( 9 47 16 )
10 29 ( 10 34 29 ) ( 10 18 29 )
10 34 ( 10 29 34 ) ( 10 44 34 )
12 23 ( 12 36 37 23 ) ( 12 38 23 )
13 27 ( 13 63 27 ) ( 13 2 15 27 )
14 20 ( 14 1 39 20 ) ( 14 58 20 )
16 18 ( 16 9 18 ) ( 16 10 18 )

EOF