DIMENSIONS
80 sommetsG2
75 sommetsG1
120 dem

SOMMETS
0  Paris  C  48.86  2.34
1  Marseille  C  43.31  5.37
2  Lyon  C  45.76  4.83
3  Toulouse  C  43.62  1.45
4  Nice  C  43.7  7.27
5  Nantes  C  47.23  -1.57
6  Strasbourg  C  48.58  7.76
7  Montpellier  C  43.61  3.87
8  Bordeaux  C  44.84  -0.58
9  Rennes  C  48.11  -1.68
10  Le-havre  C  49.5  0.12
11  Reims  C  49.25  4.03
12  Lille  C  50.64  3.07
13  Saint-etienne  C  45.43  4.39
14  Toulon  C  43.13  5.92
15  Grenoble  C  45.19  5.72
16  Angers  C  47.48  -0.54
17  Brest  C  48.39  -4.5
18  Le-mans  C  48  0.2
19  Dijon  C  47.33  5.03
20  Aix-en-provence  C  43.53  5.44
21  Clermont-ferrand  C  45.78  3.08
22  Nimes  C  43.84  4.35
23  Amiens  C  49.9  2.3
24  Tours  C  47.38  0.69
25  Limoges  C  45.83  1.25
26  Metz  C  49.12  6.18
27  Villeurbanne  C  45.77  4.88
28  Besancon  C  47.24  6.02
29  Caen  C  49.19  -0.36
30  Orleans  C  47.9  1.9
31  Mulhouse  T  47.76  7.34
32  Perpignan  C  42.7  2.89
33  Boulogne-billancourt  C  48.83  2.24
34  Rouen  C  49.44  1.08
35  Nancy  C  48.69  6.17
36  Roubaix  C  50.69  3.17
37  Tourcoing  C  50.72  3.16
38  Argenteuil  C  48.94  2.24
39  Avignon  C  43.96  4.81
40  Montreuil  C  48.86  2.43
41  Nanterre  C  48.9  2.2
42  Poitiers  C  46.58  0.34
43  Saint-denis  C  48.94  2.36
44  Versailles  C  48.81  2.14
45  Creteil  C  48.79  2.45
46  Pau  C  43.3  -0.39
47  La-rochelle  C  46.17  -1.18
48  Colombes  C  48.93  2.25
49  Asnieres-sur-seine  C  48.91  2.29
50  Calais  C  50.95  1.86
51  Aulnay-sous-bois  C  48.96  2.49
52  Vitry-sur-seine  C  48.79  2.39
53  Rueil-malmaison  C  48.89  2.17
54  Champigny-sur-marne  C  48.82  2.51
55  Beziers  C  43.35  3.21
56  Saint-maur-des-fosses  C  48.8  2.49
57  Dunkerque  C  51.04  2.34
58  Antibes  C  43.6  7.12
59  Saint-nazaire  C  47.28  -2.22
60  Courbevoie  C  48.9  2.25
61  Bourges  C  47.08  2.39
62  Colmar  T  48.08  7.36
63  Valence  T  44.94  4.89
64  Cannes  C  43.56  7.02
65  Villeneuve-d'ascq  C  50.62  3.14
66  Quimper  C  47.99  -4.11
67  Merignac  T  44.87  -0.65
68  Antony  C  48.76  2.3
69  La-seyne-sur-mer  C  43.11  5.87
70  Aubervillers  C  48.92  2.38
71  Troyes  C  48.3  4.08
72  Lorient  T  47.74  -3.37
73  Neuilly-sur-seine  C  48.89  2.27
74  Drancy  C  48.94  2.46
75  Saint-quentin  C  49.85  3.28
76  Pessac  C  44.8  -0.66
77  Chambery  C  45.58  5.91
78  Venissieux  C  45.69  4.86
79  Levallois-perret  C  48.9  2.29

DEMANDES
0 1 ( 0 52 1 ) ( 0 13 1 )
0 2 ( 0 52 2 ) ( 0 56 2 )
0 3 ( 0 45 3 ) ( 0 73 3 )
0 4 ( 0 52 4 ) ( 0 45 4 )
0 5 ( 0 33 5 ) ( 0 53 5 )
0 6 ( 0 45 35 6 ) ( 0 52 6 )
0 7 ( 0 52 7 ) ( 0 21 7 )
0 8 ( 0 30 8 ) ( 0 44 8 )
0 9 ( 0 53 9 ) ( 0 79 9 )
0 10 ( 0 41 10 ) ( 0 73 10 )
0 11 ( 0 40 11 ) ( 0 51 11 )
0 12 ( 0 70 12 ) ( 0 74 12 )
0 13 ( 0 52 13 ) ( 0 45 13 )
0 14 ( 0 45 14 ) ( 0 56 14 )
0 15 ( 0 56 15 ) ( 0 52 45 15 )
0 16 ( 0 44 16 ) ( 0 18 16 )
0 17 ( 0 44 17 ) ( 0 73 17 )
0 18 ( 0 33 18 ) ( 0 44 18 )
0 19 ( 0 45 19 ) ( 0 56 19 )
0 20 ( 0 68 20 ) ( 0 40 45 20 )
0 21 ( 0 52 21 ) ( 0 40 45 21 )
0 22 ( 0 52 22 ) ( 0 68 22 )
0 23 ( 0 43 23 ) ( 0 49 23 )
0 24 ( 0 68 24 ) ( 0 44 24 )
0 25 ( 0 68 25 ) ( 0 33 25 )
0 26 ( 0 40 26 ) ( 0 56 26 )
0 27 ( 0 52 45 27 ) ( 0 40 27 )
0 28 ( 0 56 28 ) ( 0 45 28 )
0 29 ( 0 53 29 ) ( 0 49 29 )
0 30 ( 0 68 30 ) ( 0 79 33 30 )
0 32 ( 0 68 32 ) ( 0 40 52 32 )
0 33 ( 0 68 33 ) ( 0 48 33 )
0 34 ( 0 60 34 ) ( 0 73 34 )
0 35 ( 0 40 35 ) ( 0 54 35 )
0 36 ( 0 70 36 ) ( 0 43 65 36 )
0 37 ( 0 70 37 ) ( 0 65 37 )
0 38 ( 0 79 38 ) ( 0 49 38 )
0 39 ( 0 45 39 ) ( 0 13 39 )
0 40 ( 0 52 40 ) ( 0 79 40 )
0 41 ( 0 79 41 ) ( 0 49 41 )
0 42 ( 0 33 42 ) ( 0 44 42 )
0 43 ( 0 73 43 ) ( 0 60 43 )
0 44 ( 0 73 33 44 ) ( 0 49 44 )
0 45 ( 0 40 45 ) ( 0 54 56 45 )
0 46 ( 0 30 46 ) ( 0 73 46 )
0 47 ( 0 24 47 ) ( 0 79 47 )
0 48 ( 0 79 48 ) ( 0 73 48 )
0 49 ( 0 79 49 ) ( 0 73 49 )
0 50 ( 0 79 50 ) ( 0 70 50 )
0 51 ( 0 74 51 ) ( 0 70 51 )
0 52 ( 0 40 52 ) ( 0 45 52 )
0 53 ( 0 41 53 ) ( 0 60 53 )
0 54 ( 0 70 54 ) ( 0 43 54 )
0 55 ( 0 68 55 ) ( 0 40 45 55 )
0 56 ( 0 40 56 ) ( 0 54 56 )
0 57 ( 0 23 57 ) ( 0 49 57 )
0 58 ( 0 27 58 ) ( 0 40 58 )
0 59 ( 0 33 59 ) ( 0 44 59 )
0 60 ( 0 73 60 ) ( 0 48 60 )
0 61 ( 0 68 61 ) ( 0 33 61 )
0 64 ( 0 15 64 ) ( 0 45 64 )
0 65 ( 0 70 65 ) ( 0 43 65 )
0 66 ( 0 73 66 ) ( 0 60 66 )
0 68 ( 0 73 68 ) ( 0 60 68 )
0 69 ( 0 52 69 ) ( 0 13 69 )
0 70 ( 0 40 70 ) ( 0 73 70 )
0 71 ( 0 56 71 ) ( 0 45 71 )
0 73 ( 0 79 49 73 ) ( 0 48 73 )
0 74 ( 0 40 74 ) ( 0 43 74 )
0 75 ( 0 74 75 ) ( 0 51 75 )
0 76 ( 0 68 76 ) ( 0 8 76 )
0 77 ( 0 52 77 ) ( 0 54 77 )
0 78 ( 0 52 78 ) ( 0 40 78 )
0 79 ( 0 49 79 ) ( 0 73 79 )
1 2 ( 1 20 2 ) ( 1 39 2 )
1 3 ( 1 55 3 ) ( 1 20 3 )
1 4 ( 1 64 4 ) ( 1 39 14 4 )
1 5 ( 1 22 5 ) ( 1 25 5 )
1 6 ( 1 20 6 ) ( 1 15 6 )
1 7 ( 1 22 7 ) ( 1 20 7 )
1 8 ( 1 7 8 ) ( 1 22 8 )
1 11 ( 1 20 11 ) ( 1 13 11 )
1 13 ( 1 78 13 ) ( 1 2 27 13 )
1 14 ( 1 69 14 ) ( 1 20 14 )
1 15 ( 1 39 15 ) ( 1 69 15 )
1 19 ( 1 2 19 ) ( 1 15 19 )
1 20 ( 1 39 20 ) ( 1 22 20 )
1 21 ( 1 22 7 21 ) ( 1 78 21 )
1 22 ( 1 7 22 ) ( 1 69 22 )
1 25 ( 1 22 25 ) ( 1 7 25 )
1 27 ( 1 78 27 ) ( 1 20 27 )
1 28 ( 1 15 28 ) ( 1 20 28 )
1 32 ( 1 7 32 ) ( 1 22 7 55 32 )
1 39 ( 1 22 39 ) ( 1 69 39 )
1 55 ( 1 20 22 55 ) ( 1 69 55 )
1 58 ( 1 64 58 ) ( 1 14 58 )
1 64 ( 1 69 20 64 ) ( 1 22 64 )
1 69 ( 1 14 69 ) ( 1 20 69 )
1 77 ( 1 39 77 ) ( 1 27 77 )
2 3 ( 2 55 3 ) ( 2 39 3 )
2 4 ( 2 15 4 ) ( 2 27 4 )
2 6 ( 2 78 28 6 ) ( 2 35 6 )
2 7 ( 2 27 78 7 ) ( 2 22 7 )
2 13 ( 2 15 13 ) ( 2 77 13 )
2 15 ( 2 78 15 ) ( 2 77 15 )
2 19 ( 2 15 19 ) ( 2 61 19 )
2 20 ( 2 39 20 ) ( 2 15 20 )
2 21 ( 2 13 27 21 ) ( 2 19 21 )
2 22 ( 2 13 22 ) ( 2 39 22 )
2 27 ( 2 15 27 ) ( 2 77 27 )
2 28 ( 2 78 28 ) ( 2 19 28 )
2 77 ( 2 27 77 ) ( 2 78 77 )
2 78 ( 2 13 78 ) ( 2 15 78 )
3 7 ( 3 55 22 7 ) ( 3 39 7 )
3 8 ( 3 46 8 ) ( 3 42 8 )
3 32 ( 3 55 32 ) ( 3 7 32 )
4 14 ( 4 58 14 ) ( 4 15 14 )
5 9 ( 5 47 9 ) ( 5 18 9 )
5 16 ( 5 42 16 ) ( 5 59 47 16 )
7 22 ( 7 39 22 ) ( 7 20 22 )

EOF