DIMENSIONS
16 sommetsG2
14 sommetsG1
30 dem

SOMMETS
0  Berlin  C  52.52  13.38
1  Hamburg  C  53.55  10
2  Munchen  C  48.14  11.58
3  Koln  C  50.95  6.97
4  Frankfurt  C  50.12  8.68
5  Dortmund  C  51.51  7.48
6  Stuttgart  T  48.79  9.19
7  Essen  C  51.47  7
8  Dusseldorf  C  51.24  6.79
9  Bremen  C  53.08  8.81
10  Hannover  C  52.4  9.73
11  Duisburg  C  51.43  6.75
12  Nurnberg  C  49.45  11.05
13  Leipzig  T  51.35  12.4
14  Dresden  C  51.05  13.74
15  Bochum  C  51.48  7.2

DEMANDES
0 1 ( 0 10 1 ) ( 0 9 1 )
0 2 ( 0 12 2 ) ( 0 4 2 )
0 3 ( 0 10 3 ) ( 0 4 3 )
0 4 ( 0 10 4 ) ( 0 12 4 )
0 5 ( 0 10 5 ) ( 0 1 5 )
0 7 ( 0 15 7 ) ( 0 10 7 )
0 8 ( 0 15 8 ) ( 0 7 8 )
0 9 ( 0 5 9 ) ( 0 10 4 9 )
0 10 ( 0 9 1 10 ) ( 0 12 10 )
0 11 ( 0 15 7 11 ) ( 0 10 11 )
0 12 ( 0 14 12 ) ( 0 2 12 )
0 14 ( 0 2 12 14 ) ( 0 4 14 )
0 15 ( 0 7 15 ) ( 0 9 15 )
1 2 ( 1 12 2 ) ( 1 9 2 )
1 3 ( 1 15 8 3 ) ( 1 14 3 )
1 4 ( 1 10 4 ) ( 1 15 4 )
1 5 ( 1 15 5 ) ( 1 11 5 )
1 7 ( 1 5 7 ) ( 1 10 7 )
1 9 ( 1 10 9 ) ( 1 5 9 )
1 10 ( 1 9 10 ) ( 1 5 10 )
2 12 ( 2 4 12 ) ( 2 14 12 )
3 4 ( 3 8 4 ) ( 3 15 4 )
3 5 ( 3 7 5 ) ( 3 8 5 )
3 7 ( 3 8 7 ) ( 3 11 7 )
3 8 ( 3 7 8 ) ( 3 11 5 8 )
3 11 ( 3 8 11 ) ( 3 7 11 )
3 15 ( 3 7 15 ) ( 3 11 15 )
5 7 ( 5 15 7 ) ( 5 11 7 )
5 8 ( 5 15 8 ) ( 5 11 8 )
7 8 ( 7 11 8 ) ( 7 3 8 )

EOF