DIMENSIONS
70 sommetsG2
65 sommetsG1
130 dem

SOMMETS
0  Berlin  C  52.52  13.38
1  Hamburg  C  53.55  10
2  Munchen  C  48.14  11.58
3  Koln  C  50.95  6.97
4  Frankfurt  C  50.12  8.68
5  Dortmund  C  51.51  7.48
6  Stuttgart  C  48.79  9.19
7  Essen  C  51.47  7
8  Dusseldorf  C  51.24  6.79
9  Bremen  C  53.08  8.81
10  Hannover  C  52.4  9.73
11  Duisburg  C  51.43  6.75
12  Nurnberg  C  49.45  11.05
13  Leipzig  C  51.35  12.4
14  Dresden  C  51.05  13.74
15  Bochum  C  51.48  7.2
16  Wuppertal  C  51.26  7.18
17  Bielefeld  C  52.03  8.53
18  Bonn  C  50.73  7.1
19  Mannheim  C  49.5  8.47
20  Karlsruhe  C  49  8.4
21  Gelsenkirchen  C  51.51  7.11
22  Wiesbaden  C  50.08  8.23
23  Munster  C  51.96  7.62
24  Monchengladbach  C  51.2  6.42
25  Augsburg  C  48.36  10.89
26  Chemnitz  C  50.83  12.92
27  Aachen  T  50.77  6.09
28  Braunschweig  C  52.27  10.51
29  Krefeld  C  51.33  6.55
30  Halle  C  51.48  11.96
31  Kiel  C  54.32  10.12
32  Magdeburg  C  52.13  11.62
33  Oberhausen  C  51.47  6.86
34  Lubeck  C  53.87  10.66
35  Freiburg  C  47.99  7.85
36  Hagen  C  51.37  7.46
37  Erfurt  C  50.99  11.03
38  Rostock  C  54.09  12.1
39  Kassel  C  51.32  9.48
40  Mainz  C  50  8.26
41  Hamm  C  51.67  7.8
42  Saarbrucken  C  49.25  6.97
43  Herne  C  51.54  7.21
44  Mulheim  C  51.43  6.86
45  Osnabruck  C  52.28  8.05
46  Solingen  C  51.18  7.06
47  Ludwigshafen  C  49.48  8.44
48  Leverkusen  C  51.04  6.99
49  Oldenburg  C  53.15  8.21
50  Neuss  C  51.2  6.69
51  Heidelberg  C  49.42  8.69
52  Paderborn  C  51.72  8.74
53  Darmstadt  C  49.87  8.64
54  Wurzburg  T  49.8  9.94
55  Potsdam  T  52.4  13.07
56  Regensburg  C  49.02  12.11
57  Recklinghausen  C  51.61  7.19
58  Gottingen  T  51.53  9.92
59  Wolfsburg  C  52.43  10.78
60  Heilbronn  C  49.14  9.22
61  Bottrop  C  51.53  6.93
62  Offenbach  C  50.1  8.77
63  Ulm  T  48.4  9.97
64  Bremerhaven  C  53.55  8.58
65  Pforzheim  C  48.89  8.69
66  Ingolstadt  C  48.77  11.43
67  Remscheid  C  51.18  7.19
68  Furth  C  49.48  10.98
69  Reutlingen  C  48.49  9.21

DEMANDES
0 1 ( 0 34 1 ) ( 0 38 1 )
0 2 ( 0 56 2 ) ( 0 26 2 )
0 3 ( 0 32 3 ) ( 0 39 3 )
0 4 ( 0 62 4 ) ( 0 39 4 )
0 5 ( 0 52 5 ) ( 0 32 5 )
0 6 ( 0 37 6 ) ( 0 12 6 )
0 7 ( 0 52 41 7 ) ( 0 28 7 )
0 8 ( 0 32 36 8 ) ( 0 16 8 )
0 9 ( 0 28 9 ) ( 0 1 9 )
0 10 ( 0 28 10 ) ( 0 13 10 )
0 11 ( 0 33 11 ) ( 0 21 7 11 )
0 12 ( 0 26 12 ) ( 0 32 12 )
0 13 ( 0 26 13 ) ( 0 32 13 )
0 14 ( 0 30 13 14 ) ( 0 32 14 )
0 15 ( 0 32 52 15 ) ( 0 28 41 15 )
0 16 ( 0 32 16 ) ( 0 28 16 )
0 17 ( 0 28 17 ) ( 0 39 17 )
0 18 ( 0 30 18 ) ( 0 37 18 )
0 19 ( 0 30 19 ) ( 0 53 19 )
0 20 ( 0 30 20 ) ( 0 37 20 )
0 21 ( 0 43 21 ) ( 0 5 21 )
0 22 ( 0 37 22 ) ( 0 32 22 )
0 23 ( 0 28 23 ) ( 0 32 23 )
0 24 ( 0 50 24 ) ( 0 52 5 24 )
0 25 ( 0 68 25 ) ( 0 30 25 )
0 26 ( 0 14 26 ) ( 0 30 13 26 )
0 28 ( 0 32 59 28 ) ( 0 26 30 28 )
0 29 ( 0 15 29 ) ( 0 32 29 )
0 30 ( 0 13 30 ) ( 0 26 30 )
0 31 ( 0 38 34 31 ) ( 0 59 31 )
0 32 ( 0 30 32 ) ( 0 26 32 )
0 33 ( 0 43 33 ) ( 0 32 33 )
0 34 ( 0 59 34 ) ( 0 28 34 )
0 36 ( 0 28 36 ) ( 0 52 41 36 )
0 37 ( 0 13 37 ) ( 0 32 37 )
0 38 ( 0 13 38 ) ( 0 59 38 )
0 39 ( 0 32 39 ) ( 0 59 39 )
0 40 ( 0 62 40 ) ( 0 30 40 )
0 41 ( 0 52 41 ) ( 0 59 41 )
0 52 ( 0 32 52 ) ( 0 28 52 )
0 56 ( 0 13 56 ) ( 0 14 56 )
0 59 ( 0 28 59 ) ( 0 13 30 59 )
0 68 ( 0 26 68 ) ( 0 32 68 )
1 2 ( 1 12 2 ) ( 1 68 2 )
1 3 ( 1 41 3 ) ( 1 67 3 )
1 4 ( 1 10 4 ) ( 1 39 4 )
1 5 ( 1 45 5 ) ( 1 23 5 )
1 6 ( 1 60 6 ) ( 1 39 6 )
1 7 ( 1 23 7 ) ( 1 43 7 )
1 8 ( 1 43 8 ) ( 1 15 8 )
1 9 ( 1 64 9 ) ( 1 10 9 )
1 10 ( 1 9 10 ) ( 1 31 10 )
1 11 ( 1 45 11 ) ( 1 57 11 )
1 12 ( 1 28 12 ) ( 1 59 12 )
1 13 ( 1 32 13 ) ( 1 59 28 13 )
1 14 ( 1 13 14 ) ( 1 10 14 )
1 15 ( 1 45 15 ) ( 1 43 15 )
1 16 ( 1 5 16 ) ( 1 67 16 )
1 17 ( 1 9 17 ) ( 1 10 17 )
1 21 ( 1 45 21 ) ( 1 43 21 )
1 23 ( 1 9 23 ) ( 1 49 23 )
1 28 ( 1 59 28 ) ( 1 32 28 )
1 30 ( 1 28 30 ) ( 1 34 59 30 )
1 31 ( 1 34 31 ) ( 1 64 31 )
1 32 ( 1 59 32 ) ( 1 28 32 )
1 34 ( 1 31 34 ) ( 1 64 49 34 )
1 37 ( 1 59 28 37 ) ( 1 32 37 )
1 38 ( 1 59 38 ) ( 1 28 38 )
1 39 ( 1 52 39 ) ( 1 9 39 )
1 45 ( 1 9 17 45 ) ( 1 23 45 )
1 49 ( 1 64 49 ) ( 1 10 49 )
1 59 ( 1 31 59 ) ( 1 28 10 59 )
1 64 ( 1 49 64 ) ( 1 34 64 )
2 3 ( 2 40 3 ) ( 2 4 3 )
2 4 ( 2 25 4 ) ( 2 53 62 4 )
2 6 ( 2 66 6 ) ( 2 25 60 6 )
2 12 ( 2 66 12 ) ( 2 68 12 )
2 13 ( 2 25 13 ) ( 2 37 13 )
2 14 ( 2 56 14 ) ( 2 66 26 14 )
2 25 ( 2 12 25 ) ( 2 66 68 25 )
2 56 ( 2 12 66 56 ) ( 2 68 25 56 )
2 66 ( 2 25 66 ) ( 2 68 66 )
3 4 ( 3 22 4 ) ( 3 40 4 )
3 5 ( 3 67 5 ) ( 3 16 5 )
3 6 ( 3 18 6 ) ( 3 22 6 )
3 7 ( 3 16 7 ) ( 3 33 7 )
3 8 ( 3 46 8 ) ( 3 44 8 )
3 9 ( 3 5 9 ) ( 3 67 9 )
3 11 ( 3 8 11 ) ( 3 48 11 )
3 15 ( 3 46 15 ) ( 3 16 15 )
3 16 ( 3 67 16 ) ( 3 8 16 )
3 17 ( 3 36 17 ) ( 3 67 17 )
3 18 ( 3 67 48 18 ) ( 3 16 18 )
3 21 ( 3 48 21 ) ( 3 16 21 )
3 22 ( 3 67 22 ) ( 3 46 22 )
3 23 ( 3 16 23 ) ( 3 48 23 )
3 24 ( 3 50 24 ) ( 3 48 24 )
3 29 ( 3 50 29 ) ( 3 8 11 29 )
3 33 ( 3 44 33 ) ( 3 8 33 )
3 36 ( 3 48 36 ) ( 3 46 16 36 )
3 41 ( 3 36 41 ) ( 3 48 41 )
3 43 ( 3 48 46 43 ) ( 3 67 43 )
3 44 ( 3 46 44 ) ( 3 33 44 )
3 46 ( 3 48 67 46 ) ( 3 50 46 )
3 48 ( 3 46 48 ) ( 3 67 48 )
3 50 ( 3 8 50 ) ( 3 46 50 )
4 5 ( 4 62 5 ) ( 4 22 5 )
4 6 ( 4 62 60 6 ) ( 4 51 6 )
4 19 ( 4 53 19 ) ( 4 47 19 )
4 22 ( 4 62 22 ) ( 4 53 22 )
5 7 ( 5 21 7 ) ( 5 57 7 )
5 8 ( 5 43 8 ) ( 5 7 8 )
5 11 ( 5 15 11 ) ( 5 21 11 )
5 15 ( 5 36 15 ) ( 5 57 15 )
5 16 ( 5 15 16 ) ( 5 43 16 )
5 18 ( 5 36 18 ) ( 5 16 18 )
6 19 ( 6 65 19 ) ( 6 60 19 )
6 20 ( 6 69 20 ) ( 6 65 60 20 )
7 8 ( 7 33 8 ) ( 7 61 8 )
7 11 ( 7 44 11 ) ( 7 33 61 11 )
7 15 ( 7 21 15 ) ( 7 43 15 )
7 16 ( 7 15 16 ) ( 7 46 16 )
7 18 ( 7 67 18 ) ( 7 8 18 )
8 11 ( 8 44 11 ) ( 8 33 11 )
8 15 ( 8 43 15 ) ( 8 46 15 )
8 16 ( 8 46 16 ) ( 8 67 16 )
8 18 ( 8 3 18 ) ( 8 48 18 )
9 10 ( 9 64 10 ) ( 9 49 10 )
11 15 ( 11 61 15 ) ( 11 33 44 15 )
11 16 ( 11 33 44 16 ) ( 11 7 16 )

EOF