DIMENSIONS
85 sommetsG2
80 sommetsG1
95 dem

SOMMETS
0  Berlin  C  52.52  13.38
1  Hamburg  C  53.55  10
2  Munchen  C  48.14  11.58
3  Koln  C  50.95  6.97
4  Frankfurt  C  50.12  8.68
5  Dortmund  C  51.51  7.48
6  Stuttgart  C  48.79  9.19
7  Essen  C  51.47  7
8  Dusseldorf  C  51.24  6.79
9  Bremen  C  53.08  8.81
10  Hannover  C  52.4  9.73
11  Duisburg  C  51.43  6.75
12  Nurnberg  C  49.45  11.05
13  Leipzig  C  51.35  12.4
14  Dresden  C  51.05  13.74
15  Bochum  C  51.48  7.2
16  Wuppertal  C  51.26  7.18
17  Bielefeld  C  52.03  8.53
18  Bonn  C  50.73  7.1
19  Mannheim  C  49.5  8.47
20  Karlsruhe  C  49  8.4
21  Gelsenkirchen  C  51.51  7.11
22  Wiesbaden  C  50.08  8.23
23  Munster  C  51.96  7.62
24  Monchengladbach  C  51.2  6.42
25  Augsburg  C  48.36  10.89
26  Chemnitz  C  50.83  12.92
27  Aachen  C  50.77  6.09
28  Braunschweig  C  52.27  10.51
29  Krefeld  C  51.33  6.55
30  Halle  C  51.48  11.96
31  Kiel  C  54.32  10.12
32  Magdeburg  C  52.13  11.62
33  Oberhausen  T  51.47  6.86
34  Lubeck  C  53.87  10.66
35  Freiburg  C  47.99  7.85
36  Hagen  C  51.37  7.46
37  Erfurt  C  50.99  11.03
38  Rostock  C  54.09  12.1
39  Kassel  C  51.32  9.48
40  Mainz  C  50  8.26
41  Hamm  C  51.67  7.8
42  Saarbrucken  C  49.25  6.97
43  Herne  C  51.54  7.21
44  Mulheim  C  51.43  6.86
45  Osnabruck  C  52.28  8.05
46  Solingen  C  51.18  7.06
47  Ludwigshafen  C  49.48  8.44
48  Leverkusen  C  51.04  6.99
49  Oldenburg  C  53.15  8.21
50  Neuss  C  51.2  6.69
51  Heidelberg  C  49.42  8.69
52  Paderborn  C  51.72  8.74
53  Darmstadt  C  49.87  8.64
54  Wurzburg  C  49.8  9.94
55  Potsdam  C  52.4  13.07
56  Regensburg  C  49.02  12.11
57  Recklinghausen  C  51.61  7.19
58  Gottingen  C  51.53  9.92
59  Wolfsburg  C  52.43  10.78
60  Heilbronn  C  49.14  9.22
61  Bottrop  C  51.53  6.93
62  Offenbach  C  50.1  8.77
63  Ulm  C  48.4  9.97
64  Bremerhaven  C  53.55  8.58
65  Pforzheim  C  48.89  8.69
66  Ingolstadt  T  48.77  11.43
67  Remscheid  T  51.18  7.19
68  Furth  C  49.48  10.98
69  Reutlingen  C  48.49  9.21
70  Salzgitter  C  52.17  10.33
71  Koblenz  T  50.35  7.6
72  Siegen  C  50.87  8.01
73  Moers  C  51.45  6.65
74  Gera  C  50.88  12.08
75  Bergisch-gladbach  C  50.98  7.15
76  Hildesheim  C  52.16  9.95
77  Witten  T  51.44  7.34
78  Erlangen  C  49.6  11.01
79  Cottbus  C  51.77  14.33
80  Trier  C  49.75  6.63
81  Zwickau  C  50.72  12.5
82  Jena  C  50.93  11.58
83  Kaiserslautern  C  49.45  7.75
84  Iserlohn  C  51.39  7.68

DEMANDES
0 1 ( 0 55 32 1 ) ( 0 59 1 )
0 2 ( 0 81 2 ) ( 0 26 2 )
0 3 ( 0 32 3 ) ( 0 58 3 )
0 4 ( 0 55 4 ) ( 0 37 4 )
0 5 ( 0 70 5 ) ( 0 76 5 )
0 6 ( 0 82 6 ) ( 0 30 54 6 )
0 7 ( 0 5 7 ) ( 0 32 7 )
0 8 ( 0 36 8 ) ( 0 32 8 )
0 9 ( 0 55 9 ) ( 0 28 9 )
0 10 ( 0 32 10 ) ( 0 28 70 10 )
0 11 ( 0 7 11 ) ( 0 21 11 )
0 12 ( 0 78 12 ) ( 0 81 12 )
0 13 ( 0 30 82 13 ) ( 0 79 14 13 )
0 14 ( 0 26 14 ) ( 0 13 14 )
0 15 ( 0 5 15 ) ( 0 32 15 )
0 16 ( 0 32 16 ) ( 0 36 16 )
0 17 ( 0 76 17 ) ( 0 28 17 )
0 18 ( 0 32 18 ) ( 0 72 18 )
0 19 ( 0 37 19 ) ( 0 55 19 )
0 20 ( 0 30 20 ) ( 0 54 20 )
0 21 ( 0 52 21 ) ( 0 41 21 )
0 22 ( 0 30 22 ) ( 0 40 22 )
0 23 ( 0 76 23 ) ( 0 70 23 )
0 25 ( 0 81 25 ) ( 0 13 25 )
0 26 ( 0 55 26 ) ( 0 13 26 )
0 28 ( 0 30 28 ) ( 0 55 30 32 28 )
0 30 ( 0 13 30 ) ( 0 32 30 )
0 31 ( 0 34 31 ) ( 0 1 31 )
0 32 ( 0 30 32 ) ( 0 74 32 )
0 34 ( 0 55 34 ) ( 0 38 34 )
0 37 ( 0 30 37 ) ( 0 32 37 )
0 38 ( 0 55 38 ) ( 0 30 38 )
0 39 ( 0 30 39 ) ( 0 28 39 )
0 55 ( 0 13 55 ) ( 0 30 55 )
0 59 ( 0 55 59 ) ( 0 13 28 59 )
0 70 ( 0 28 70 ) ( 0 59 70 )
0 74 ( 0 13 74 ) ( 0 55 74 )
0 79 ( 0 26 79 ) ( 0 81 79 )
0 81 ( 0 13 26 81 ) ( 0 14 81 )
0 82 ( 0 55 82 ) ( 0 30 82 )
1 2 ( 1 70 2 ) ( 1 68 2 )
1 3 ( 1 36 3 ) ( 1 41 3 )
1 4 ( 1 17 52 4 ) ( 1 28 4 )
1 5 ( 1 17 5 ) ( 1 10 5 )
1 6 ( 1 60 6 ) ( 1 76 6 )
1 7 ( 1 23 7 ) ( 1 45 7 )
1 8 ( 1 15 8 ) ( 1 23 8 )
1 9 ( 1 49 9 ) ( 1 31 9 )
1 10 ( 1 76 10 ) ( 1 9 10 )
1 11 ( 1 45 11 ) ( 1 7 11 )
1 12 ( 1 78 12 ) ( 1 70 12 )
1 13 ( 1 59 30 13 ) ( 1 28 13 )
1 14 ( 1 32 14 ) ( 1 30 14 )
1 15 ( 1 45 15 ) ( 1 43 15 )
1 17 ( 1 76 17 ) ( 1 45 17 )
1 28 ( 1 59 28 ) ( 1 10 28 )
1 31 ( 1 64 31 ) ( 1 28 31 )
1 32 ( 1 59 32 ) ( 1 76 32 )
1 34 ( 1 76 10 34 ) ( 1 49 34 )
1 38 ( 1 34 38 ) ( 1 31 38 )
1 49 ( 1 45 49 ) ( 1 76 49 )
1 59 ( 1 28 59 ) ( 1 10 59 )
1 64 ( 1 9 64 ) ( 1 31 64 )
2 4 ( 2 62 4 ) ( 2 68 4 )
2 6 ( 2 25 6 ) ( 2 69 6 )
2 12 ( 2 68 12 ) ( 2 25 12 )
2 25 ( 2 56 25 ) ( 2 68 25 )
2 56 ( 2 12 68 56 ) ( 2 63 56 )
3 4 ( 3 75 4 ) ( 3 22 4 )
3 5 ( 3 16 5 ) ( 3 48 5 )
3 7 ( 3 48 7 ) ( 3 46 7 )
3 8 ( 3 11 8 ) ( 3 46 50 8 )
3 11 ( 3 8 11 ) ( 3 48 11 )
3 15 ( 3 46 15 ) ( 3 48 15 )
3 16 ( 3 46 16 ) ( 3 75 16 )
3 18 ( 3 48 18 ) ( 3 44 18 )
3 21 ( 3 48 21 ) ( 3 16 21 )
3 23 ( 3 16 23 ) ( 3 46 23 )
3 24 ( 3 8 29 24 ) ( 3 11 24 )
3 27 ( 3 8 27 ) ( 3 75 27 )
3 29 ( 3 46 29 ) ( 3 8 11 73 29 )
3 36 ( 3 48 36 ) ( 3 16 36 )
3 43 ( 3 46 43 ) ( 3 15 43 )
4 6 ( 4 62 6 ) ( 4 60 6 )
5 7 ( 5 43 7 ) ( 5 36 7 )
5 8 ( 5 43 8 ) ( 5 21 8 )
5 11 ( 5 15 11 ) ( 5 7 11 )
5 15 ( 5 36 15 ) ( 5 57 15 )
5 16 ( 5 36 16 ) ( 5 43 16 )
7 8 ( 7 44 8 ) ( 7 46 8 )
7 11 ( 7 73 11 ) ( 7 44 61 11 )
7 15 ( 7 21 15 ) ( 7 43 15 )
8 11 ( 8 73 11 ) ( 8 29 50 11 )
8 15 ( 8 7 15 ) ( 8 21 15 )
9 10 ( 9 76 10 ) ( 9 64 10 )

EOF