DIMENSIONS
65 sommetsG2
60 sommetsG1
130 dem

SOMMETS
0  Berlin  C  52.52  13.38
1  Hamburg  C  53.55  10
2  Munchen  C  48.14  11.58
3  Koln  C  50.95  6.97
4  Frankfurt  C  50.12  8.68
5  Dortmund  C  51.51  7.48
6  Stuttgart  C  48.79  9.19
7  Essen  C  51.47  7
8  Dusseldorf  C  51.24  6.79
9  Bremen  C  53.08  8.81
10  Hannover  C  52.4  9.73
11  Duisburg  C  51.43  6.75
12  Nurnberg  C  49.45  11.05
13  Leipzig  C  51.35  12.4
14  Dresden  C  51.05  13.74
15  Bochum  C  51.48  7.2
16  Wuppertal  C  51.26  7.18
17  Bielefeld  C  52.03  8.53
18  Bonn  C  50.73  7.1
19  Mannheim  C  49.5  8.47
20  Karlsruhe  C  49  8.4
21  Gelsenkirchen  C  51.51  7.11
22  Wiesbaden  C  50.08  8.23
23  Munster  C  51.96  7.62
24  Monchengladbach  C  51.2  6.42
25  Augsburg  T  48.36  10.89
26  Chemnitz  C  50.83  12.92
27  Aachen  C  50.77  6.09
28  Braunschweig  C  52.27  10.51
29  Krefeld  C  51.33  6.55
30  Halle  C  51.48  11.96
31  Kiel  C  54.32  10.12
32  Magdeburg  C  52.13  11.62
33  Oberhausen  C  51.47  6.86
34  Lubeck  C  53.87  10.66
35  Freiburg  C  47.99  7.85
36  Hagen  C  51.37  7.46
37  Erfurt  C  50.99  11.03
38  Rostock  C  54.09  12.1
39  Kassel  C  51.32  9.48
40  Mainz  C  50  8.26
41  Hamm  C  51.67  7.8
42  Saarbrucken  C  49.25  6.97
43  Herne  C  51.54  7.21
44  Mulheim  C  51.43  6.86
45  Osnabruck  C  52.28  8.05
46  Solingen  C  51.18  7.06
47  Ludwigshafen  C  49.48  8.44
48  Leverkusen  C  51.04  6.99
49  Oldenburg  C  53.15  8.21
50  Neuss  T  51.2  6.69
51  Heidelberg  T  49.42  8.69
52  Paderborn  C  51.72  8.74
53  Darmstadt  C  49.87  8.64
54  Wurzburg  T  49.8  9.94
55  Potsdam  C  52.4  13.07
56  Regensburg  C  49.02  12.11
57  Recklinghausen  C  51.61  7.19
58  Gottingen  C  51.53  9.92
59  Wolfsburg  T  52.43  10.78
60  Heilbronn  C  49.14  9.22
61  Bottrop  C  51.53  6.93
62  Offenbach  C  50.1  8.77
63  Ulm  C  48.4  9.97
64  Bremerhaven  C  53.55  8.58

DEMANDES
0 1 ( 0 55 1 ) ( 0 34 1 )
0 2 ( 0 26 2 ) ( 0 37 2 )
0 3 ( 0 32 39 3 ) ( 0 28 3 )
0 4 ( 0 37 4 ) ( 0 30 4 )
0 5 ( 0 52 5 ) ( 0 55 5 )
0 6 ( 0 30 6 ) ( 0 13 6 )
0 7 ( 0 52 7 ) ( 0 5 7 )
0 8 ( 0 32 8 ) ( 0 55 36 8 )
0 9 ( 0 55 9 ) ( 0 32 9 )
0 10 ( 0 55 10 ) ( 0 13 10 )
0 11 ( 0 7 11 ) ( 0 15 11 )
0 12 ( 0 30 12 ) ( 0 37 12 )
0 13 ( 0 30 13 ) ( 0 26 13 )
0 14 ( 0 13 14 ) ( 0 30 14 )
0 15 ( 0 52 15 ) ( 0 5 15 )
0 16 ( 0 52 16 ) ( 0 5 16 )
0 17 ( 0 28 17 ) ( 0 32 17 )
0 18 ( 0 55 32 18 ) ( 0 28 18 )
0 19 ( 0 30 19 ) ( 0 47 19 )
0 20 ( 0 30 60 20 ) ( 0 19 20 )
0 21 ( 0 52 41 21 ) ( 0 55 21 )
0 22 ( 0 55 22 ) ( 0 4 22 )
0 23 ( 0 17 23 ) ( 0 55 23 )
0 24 ( 0 32 24 ) ( 0 8 24 )
0 26 ( 0 14 26 ) ( 0 32 26 )
0 27 ( 0 3 27 ) ( 0 32 48 27 )
0 28 ( 0 55 28 ) ( 0 30 28 )
0 29 ( 0 52 29 ) ( 0 15 29 )
0 30 ( 0 13 30 ) ( 0 32 30 )
0 31 ( 0 1 31 ) ( 0 28 31 )
0 32 ( 0 30 32 ) ( 0 26 32 )
0 33 ( 0 7 33 ) ( 0 52 43 33 )
0 34 ( 0 38 34 ) ( 0 13 34 )
0 36 ( 0 28 36 ) ( 0 58 36 )
0 37 ( 0 13 30 37 ) ( 0 26 37 )
0 38 ( 0 32 38 ) ( 0 34 38 )
0 39 ( 0 30 39 ) ( 0 28 39 )
0 40 ( 0 62 40 ) ( 0 30 40 )
0 41 ( 0 52 41 ) ( 0 28 41 )
0 45 ( 0 10 45 ) ( 0 28 45 )
0 49 ( 0 55 49 ) ( 0 32 49 )
0 52 ( 0 10 52 ) ( 0 39 52 )
0 55 ( 0 13 55 ) ( 0 14 55 )
0 56 ( 0 30 56 ) ( 0 14 26 56 )
0 58 ( 0 55 58 ) ( 0 13 58 )
1 2 ( 1 28 2 ) ( 1 12 2 )
1 3 ( 1 41 36 3 ) ( 1 5 3 )
1 4 ( 1 62 4 ) ( 1 17 4 )
1 5 ( 1 41 5 ) ( 1 17 5 )
1 6 ( 1 10 6 ) ( 1 58 6 )
1 7 ( 1 57 7 ) ( 1 23 7 )
1 8 ( 1 45 21 8 ) ( 1 23 8 )
1 9 ( 1 64 9 ) ( 1 49 9 )
1 10 ( 1 9 10 ) ( 1 31 10 )
1 11 ( 1 45 11 ) ( 1 57 11 )
1 12 ( 1 37 12 ) ( 1 10 12 )
1 13 ( 1 28 13 ) ( 1 10 13 )
1 14 ( 1 32 14 ) ( 1 13 14 )
1 15 ( 1 45 15 ) ( 1 43 15 )
1 16 ( 1 5 16 ) ( 1 41 16 )
1 17 ( 1 9 17 ) ( 1 52 17 )
1 21 ( 1 23 21 ) ( 1 43 21 )
1 23 ( 1 45 23 ) ( 1 9 23 )
1 28 ( 1 10 28 ) ( 1 34 28 )
1 30 ( 1 28 30 ) ( 1 10 30 )
1 31 ( 1 9 31 ) ( 1 10 31 )
1 32 ( 1 30 32 ) ( 1 58 32 )
1 34 ( 1 10 34 ) ( 1 38 34 )
1 37 ( 1 32 37 ) ( 1 31 37 )
1 38 ( 1 28 38 ) ( 1 32 38 )
1 39 ( 1 10 39 ) ( 1 58 39 )
1 45 ( 1 9 45 ) ( 1 17 45 )
1 49 ( 1 9 49 ) ( 1 64 49 )
1 64 ( 1 9 64 ) ( 1 49 64 )
2 3 ( 2 53 3 ) ( 2 22 3 )
2 4 ( 2 60 4 ) ( 2 53 62 4 )
2 6 ( 2 60 6 ) ( 2 56 6 )
2 12 ( 2 56 12 ) ( 2 60 12 )
2 13 ( 2 56 13 ) ( 2 12 13 )
2 14 ( 2 56 14 ) ( 2 26 14 )
2 56 ( 2 12 56 ) ( 2 6 56 )
3 4 ( 3 48 4 ) ( 3 22 62 4 )
3 5 ( 3 15 5 ) ( 3 43 5 )
3 6 ( 3 47 6 ) ( 3 40 6 )
3 7 ( 3 46 7 ) ( 3 44 7 )
3 8 ( 3 48 8 ) ( 3 44 8 )
3 9 ( 3 5 9 ) ( 3 45 9 )
3 11 ( 3 48 11 ) ( 3 46 33 11 )
3 15 ( 3 46 16 15 ) ( 3 21 15 )
3 16 ( 3 8 16 ) ( 3 7 16 )
3 17 ( 3 36 17 ) ( 3 41 17 )
3 18 ( 3 46 18 ) ( 3 16 18 )
3 21 ( 3 48 21 ) ( 3 16 21 )
3 22 ( 3 40 22 ) ( 3 16 22 )
3 23 ( 3 48 23 ) ( 3 43 23 )
3 24 ( 3 8 24 ) ( 3 46 24 )
3 27 ( 3 18 27 ) ( 3 29 27 )
3 29 ( 3 48 29 ) ( 3 24 29 )
3 33 ( 3 44 33 ) ( 3 48 33 )
3 36 ( 3 48 36 ) ( 3 16 36 )
3 41 ( 3 16 41 ) ( 3 48 41 )
3 43 ( 3 15 43 ) ( 3 16 43 )
3 44 ( 3 46 44 ) ( 3 33 44 )
3 46 ( 3 8 46 ) ( 3 18 46 )
3 48 ( 3 46 48 ) ( 3 18 48 )
4 5 ( 4 22 5 ) ( 4 16 5 )
4 6 ( 4 53 6 ) ( 4 62 6 )
4 19 ( 4 47 19 ) ( 4 62 19 )
4 22 ( 4 62 22 ) ( 4 19 22 )
5 7 ( 5 15 7 ) ( 5 43 21 7 )
5 8 ( 5 7 8 ) ( 5 43 15 8 )
5 11 ( 5 15 11 ) ( 5 44 11 )
5 15 ( 5 36 15 ) ( 5 7 15 )
5 16 ( 5 15 16 ) ( 5 21 16 )
5 18 ( 5 48 18 ) ( 5 3 18 )
5 21 ( 5 15 21 ) ( 5 7 21 )
6 19 ( 6 47 19 ) ( 6 60 19 )
6 20 ( 6 60 20 ) ( 6 53 20 )
7 8 ( 7 33 44 8 ) ( 7 61 8 )
7 11 ( 7 44 11 ) ( 7 61 11 )
7 15 ( 7 43 15 ) ( 7 57 15 )
7 16 ( 7 21 16 ) ( 7 15 16 )
7 18 ( 7 3 18 ) ( 7 16 18 )
8 11 ( 8 46 11 ) ( 8 48 11 )
8 15 ( 8 21 15 ) ( 8 44 15 )
8 16 ( 8 46 16 ) ( 8 33 16 )
8 18 ( 8 3 18 ) ( 8 48 18 )
9 10 ( 9 17 10 ) ( 9 28 10 )
11 15 ( 11 7 15 ) ( 11 61 15 )
11 16 ( 11 33 16 ) ( 11 46 16 )

EOF