DIMENSIONS
35 sommetsG2
30 sommetsG1
45 dem

SOMMETS
0  Berlin  C  52.52  13.38
1  Hamburg  C  53.55  10
2  Munchen  C  48.14  11.58
3  Koln  C  50.95  6.97
4  Frankfurt  C  50.12  8.68
5  Dortmund  C  51.51  7.48
6  Stuttgart  T  48.79  9.19
7  Essen  C  51.47  7
8  Dusseldorf  C  51.24  6.79
9  Bremen  C  53.08  8.81
10  Hannover  C  52.4  9.73
11  Duisburg  C  51.43  6.75
12  Nurnberg  C  49.45  11.05
13  Leipzig  T  51.35  12.4
14  Dresden  C  51.05  13.74
15  Bochum  C  51.48  7.2
16  Wuppertal  C  51.26  7.18
17  Bielefeld  C  52.03  8.53
18  Bonn  C  50.73  7.1
19  Mannheim  C  49.5  8.47
20  Karlsruhe  C  49  8.4
21  Gelsenkirchen  C  51.51  7.11
22  Wiesbaden  C  50.08  8.23
23  Munster  C  51.96  7.62
24  Monchengladbach  C  51.2  6.42
25  Augsburg  C  48.36  10.89
26  Chemnitz  C  50.83  12.92
27  Aachen  T  50.77  6.09
28  Braunschweig  C  52.27  10.51
29  Krefeld  T  51.33  6.55
30  Halle  C  51.48  11.96
31  Kiel  T  54.32  10.12
32  Magdeburg  C  52.13  11.62
33  Oberhausen  C  51.47  6.86
34  Lubeck  C  53.87  10.66

DEMANDES
0 1 ( 0 34 1 ) ( 0 30 1 )
0 2 ( 0 26 2 ) ( 0 14 12 2 )
0 3 ( 0 32 3 ) ( 0 5 3 )
0 4 ( 0 32 4 ) ( 0 22 4 )
0 5 ( 0 32 28 5 ) ( 0 10 5 )
0 7 ( 0 5 7 ) ( 0 17 7 )
0 8 ( 0 32 16 8 ) ( 0 7 8 )
0 9 ( 0 10 9 ) ( 0 1 9 )
0 10 ( 0 28 10 ) ( 0 32 10 )
0 11 ( 0 7 11 ) ( 0 15 11 )
0 12 ( 0 32 12 ) ( 0 28 12 )
0 14 ( 0 26 14 ) ( 0 30 14 )
0 15 ( 0 5 15 ) ( 0 32 15 )
0 17 ( 0 28 17 ) ( 0 10 17 )
0 26 ( 0 30 26 ) ( 0 10 26 )
0 28 ( 0 34 28 ) ( 0 14 28 )
0 30 ( 0 32 30 ) ( 0 10 30 )
0 32 ( 0 30 32 ) ( 0 26 32 )
0 34 ( 0 1 34 ) ( 0 10 34 )
1 2 ( 1 28 2 ) ( 1 12 2 )
1 3 ( 1 16 3 ) ( 1 9 3 )
1 4 ( 1 10 4 ) ( 1 22 4 )
1 5 ( 1 9 5 ) ( 1 10 5 )
1 7 ( 1 23 7 ) ( 1 21 7 )
1 8 ( 1 7 8 ) ( 1 9 8 )
1 9 ( 1 10 9 ) ( 1 17 9 )
1 10 ( 1 9 10 ) ( 1 32 28 10 )
1 17 ( 1 9 17 ) ( 1 34 17 )
1 28 ( 1 10 28 ) ( 1 9 28 )
1 34 ( 1 10 34 ) ( 1 28 34 )
2 12 ( 2 26 12 ) ( 2 30 12 )
2 25 ( 2 12 25 ) ( 2 20 25 )
3 4 ( 3 18 4 ) ( 3 16 4 )
3 5 ( 3 16 5 ) ( 3 15 5 )
3 7 ( 3 16 7 ) ( 3 33 7 )
3 8 ( 3 16 8 ) ( 3 33 8 )
3 11 ( 3 8 11 ) ( 3 33 11 )
3 15 ( 3 7 15 ) ( 3 8 15 )
3 16 ( 3 8 16 ) ( 3 18 16 )
3 18 ( 3 7 18 ) ( 3 11 8 18 )
3 21 ( 3 16 21 ) ( 3 15 21 )
3 24 ( 3 8 24 ) ( 3 33 24 )
5 7 ( 5 15 7 ) ( 5 33 7 )
5 8 ( 5 16 8 ) ( 5 21 8 )
7 8 ( 7 11 8 ) ( 7 21 8 )

EOF