DIMENSIONS
40 sommetsG2
35 sommetsG1
75 dem

SOMMETS
0  Berlin  C  52.52  13.38
1  Hamburg  C  53.55  10
2  Munchen  C  48.14  11.58
3  Koln  C  50.95  6.97
4  Frankfurt  C  50.12  8.68
5  Dortmund  C  51.51  7.48
6  Stuttgart  C  48.79  9.19
7  Essen  T  51.47  7
8  Dusseldorf  C  51.24  6.79
9  Bremen  C  53.08  8.81
10  Hannover  C  52.4  9.73
11  Duisburg  C  51.43  6.75
12  Nurnberg  C  49.45  11.05
13  Leipzig  C  51.35  12.4
14  Dresden  C  51.05  13.74
15  Bochum  T  51.48  7.2
16  Wuppertal  C  51.26  7.18
17  Bielefeld  C  52.03  8.53
18  Bonn  C  50.73  7.1
19  Mannheim  C  49.5  8.47
20  Karlsruhe  C  49  8.4
21  Gelsenkirchen  C  51.51  7.11
22  Wiesbaden  C  50.08  8.23
23  Munster  C  51.96  7.62
24  Monchengladbach  C  51.2  6.42
25  Augsburg  C  48.36  10.89
26  Chemnitz  C  50.83  12.92
27  Aachen  C  50.77  6.09
28  Braunschweig  C  52.27  10.51
29  Krefeld  C  51.33  6.55
30  Halle  C  51.48  11.96
31  Kiel  T  54.32  10.12
32  Magdeburg  C  52.13  11.62
33  Oberhausen  T  51.47  6.86
34  Lubeck  C  53.87  10.66
35  Freiburg  C  47.99  7.85
36  Hagen  T  51.37  7.46
37  Erfurt  C  50.99  11.03
38  Rostock  C  54.09  12.1
39  Kassel  C  51.32  9.48

DEMANDES
0 1 ( 0 32 1 ) ( 0 38 1 )
0 2 ( 0 26 2 ) ( 0 30 2 )
0 3 ( 0 28 3 ) ( 0 5 3 )
0 4 ( 0 30 4 ) ( 0 28 4 )
0 5 ( 0 32 5 ) ( 0 28 5 )
0 6 ( 0 30 6 ) ( 0 37 6 )
0 8 ( 0 16 8 ) ( 0 28 8 )
0 9 ( 0 28 9 ) ( 0 32 9 )
0 10 ( 0 28 10 ) ( 0 30 10 )
0 11 ( 0 28 11 ) ( 0 17 11 )
0 12 ( 0 13 12 ) ( 0 30 12 )
0 13 ( 0 14 13 ) ( 0 32 13 )
0 14 ( 0 26 14 ) ( 0 32 14 )
0 16 ( 0 28 16 ) ( 0 5 16 )
0 17 ( 0 28 17 ) ( 0 32 17 )
0 18 ( 0 39 18 ) ( 0 32 28 18 )
0 19 ( 0 13 37 19 ) ( 0 22 19 )
0 20 ( 0 30 20 ) ( 0 32 20 )
0 21 ( 0 5 21 ) ( 0 39 21 )
0 22 ( 0 4 22 ) ( 0 30 22 )
0 23 ( 0 28 23 ) ( 0 32 17 23 )
0 25 ( 0 12 25 ) ( 0 2 25 )
0 26 ( 0 13 26 ) ( 0 14 26 )
0 28 ( 0 13 28 ) ( 0 37 28 )
0 30 ( 0 13 30 ) ( 0 14 30 )
0 32 ( 0 26 32 ) ( 0 28 32 )
0 34 ( 0 38 34 ) ( 0 30 32 34 )
0 37 ( 0 13 37 ) ( 0 32 37 )
0 38 ( 0 32 38 ) ( 0 30 38 )
0 39 ( 0 30 39 ) ( 0 10 39 )
1 2 ( 1 28 2 ) ( 1 12 2 )
1 3 ( 1 5 3 ) ( 1 17 3 )
1 4 ( 1 39 4 ) ( 1 9 4 )
1 5 ( 1 23 5 ) ( 1 9 5 )
1 6 ( 1 28 6 ) ( 1 17 6 )
1 8 ( 1 9 8 ) ( 1 16 8 )
1 9 ( 1 10 9 ) ( 1 34 9 )
1 10 ( 1 28 10 ) ( 1 17 10 )
1 11 ( 1 21 11 ) ( 1 5 16 11 )
1 12 ( 1 28 12 ) ( 1 37 12 )
1 13 ( 1 10 13 ) ( 1 26 13 )
1 14 ( 1 13 14 ) ( 1 30 14 )
1 16 ( 1 17 16 ) ( 1 23 16 )
1 17 ( 1 28 17 ) ( 1 34 17 )
1 23 ( 1 17 23 ) ( 1 5 23 )
1 28 ( 1 34 28 ) ( 1 9 28 )
1 32 ( 1 10 32 ) ( 1 30 32 )
1 34 ( 1 10 34 ) ( 1 28 34 )
1 38 ( 1 10 38 ) ( 1 9 38 )
1 39 ( 1 28 39 ) ( 1 17 39 )
2 3 ( 2 18 3 ) ( 2 6 3 )
2 4 ( 2 25 6 4 ) ( 2 19 4 )
2 6 ( 2 25 6 ) ( 2 12 6 )
2 12 ( 2 6 12 ) ( 2 30 12 )
2 13 ( 2 25 13 ) ( 2 37 13 )
2 25 ( 2 37 25 ) ( 2 19 20 25 )
3 4 ( 3 18 22 4 ) ( 3 16 4 )
3 5 ( 3 16 5 ) ( 3 21 5 )
3 8 ( 3 16 8 ) ( 3 24 8 )
3 11 ( 3 8 11 ) ( 3 24 29 11 )
3 16 ( 3 18 16 ) ( 3 21 16 )
3 18 ( 3 16 18 ) ( 3 11 18 )
3 21 ( 3 16 21 ) ( 3 8 21 )
3 23 ( 3 16 23 ) ( 3 21 5 23 )
3 24 ( 3 29 24 ) ( 3 11 24 )
3 27 ( 3 8 27 ) ( 3 18 27 )
3 29 ( 3 24 29 ) ( 3 16 29 )
4 6 ( 4 20 6 ) ( 4 39 6 )
4 19 ( 4 20 19 ) ( 4 6 19 )
5 8 ( 5 16 8 ) ( 5 11 8 )
5 11 ( 5 16 11 ) ( 5 29 11 )
5 16 ( 5 21 16 ) ( 5 23 16 )
8 11 ( 8 16 11 ) ( 8 3 29 11 )
8 16 ( 8 3 16 ) ( 8 29 16 )
9 10 ( 9 1 10 ) ( 9 23 10 )

EOF