DIMENSIONS
80 sommetsG2
75 sommetsG1
150 dem

SOMMETS
0  Berlin  C  52.52  13.38
1  Hamburg  C  53.55  10
2  Munchen  C  48.14  11.58
3  Koln  C  50.95  6.97
4  Frankfurt  C  50.12  8.68
5  Dortmund  C  51.51  7.48
6  Stuttgart  C  48.79  9.19
7  Essen  C  51.47  7
8  Dusseldorf  C  51.24  6.79
9  Bremen  C  53.08  8.81
10  Hannover  C  52.4  9.73
11  Duisburg  C  51.43  6.75
12  Nurnberg  C  49.45  11.05
13  Leipzig  C  51.35  12.4
14  Dresden  C  51.05  13.74
15  Bochum  C  51.48  7.2
16  Wuppertal  C  51.26  7.18
17  Bielefeld  C  52.03  8.53
18  Bonn  C  50.73  7.1
19  Mannheim  C  49.5  8.47
20  Karlsruhe  C  49  8.4
21  Gelsenkirchen  C  51.51  7.11
22  Wiesbaden  C  50.08  8.23
23  Munster  C  51.96  7.62
24  Monchengladbach  C  51.2  6.42
25  Augsburg  C  48.36  10.89
26  Chemnitz  C  50.83  12.92
27  Aachen  C  50.77  6.09
28  Braunschweig  C  52.27  10.51
29  Krefeld  C  51.33  6.55
30  Halle  C  51.48  11.96
31  Kiel  T  54.32  10.12
32  Magdeburg  C  52.13  11.62
33  Oberhausen  C  51.47  6.86
34  Lubeck  C  53.87  10.66
35  Freiburg  C  47.99  7.85
36  Hagen  C  51.37  7.46
37  Erfurt  C  50.99  11.03
38  Rostock  C  54.09  12.1
39  Kassel  C  51.32  9.48
40  Mainz  C  50  8.26
41  Hamm  C  51.67  7.8
42  Saarbrucken  C  49.25  6.97
43  Herne  C  51.54  7.21
44  Mulheim  C  51.43  6.86
45  Osnabruck  C  52.28  8.05
46  Solingen  C  51.18  7.06
47  Ludwigshafen  C  49.48  8.44
48  Leverkusen  C  51.04  6.99
49  Oldenburg  C  53.15  8.21
50  Neuss  C  51.2  6.69
51  Heidelberg  C  49.42  8.69
52  Paderborn  C  51.72  8.74
53  Darmstadt  C  49.87  8.64
54  Wurzburg  C  49.8  9.94
55  Potsdam  C  52.4  13.07
56  Regensburg  C  49.02  12.11
57  Recklinghausen  C  51.61  7.19
58  Gottingen  C  51.53  9.92
59  Wolfsburg  C  52.43  10.78
60  Heilbronn  C  49.14  9.22
61  Bottrop  C  51.53  6.93
62  Offenbach  T  50.1  8.77
63  Ulm  T  48.4  9.97
64  Bremerhaven  C  53.55  8.58
65  Pforzheim  C  48.89  8.69
66  Ingolstadt  C  48.77  11.43
67  Remscheid  T  51.18  7.19
68  Furth  C  49.48  10.98
69  Reutlingen  C  48.49  9.21
70  Salzgitter  C  52.17  10.33
71  Koblenz  C  50.35  7.6
72  Siegen  T  50.87  8.01
73  Moers  C  51.45  6.65
74  Gera  C  50.88  12.08
75  Bergisch-gladbach  C  50.98  7.15
76  Hildesheim  C  52.16  9.95
77  Witten  C  51.44  7.34
78  Erlangen  C  49.6  11.01
79  Cottbus  C  51.77  14.33

DEMANDES
0 1 ( 0 34 1 ) ( 0 59 1 )
0 2 ( 0 26 2 ) ( 0 13 2 )
0 3 ( 0 39 3 ) ( 0 52 3 )
0 4 ( 0 32 4 ) ( 0 13 4 )
0 5 ( 0 32 5 ) ( 0 70 5 )
0 6 ( 0 55 6 ) ( 0 37 6 )
0 7 ( 0 52 7 ) ( 0 21 7 )
0 8 ( 0 36 8 ) ( 0 32 8 )
0 9 ( 0 55 9 ) ( 0 28 9 )
0 10 ( 0 32 10 ) ( 0 70 10 )
0 11 ( 0 7 11 ) ( 0 21 11 )
0 12 ( 0 13 12 ) ( 0 55 12 )
0 13 ( 0 30 13 ) ( 0 74 13 )
0 14 ( 0 79 14 ) ( 0 13 14 )
0 15 ( 0 52 15 ) ( 0 5 15 )
0 16 ( 0 70 16 ) ( 0 58 16 )
0 17 ( 0 70 17 ) ( 0 55 17 )
0 18 ( 0 58 18 ) ( 0 55 18 )
0 19 ( 0 37 19 ) ( 0 47 19 )
0 20 ( 0 30 20 ) ( 0 37 20 )
0 21 ( 0 52 21 ) ( 0 32 21 )
0 22 ( 0 55 4 22 ) ( 0 40 22 )
0 23 ( 0 76 23 ) ( 0 28 23 )
0 24 ( 0 77 24 ) ( 0 50 24 )
0 25 ( 0 13 25 ) ( 0 12 25 )
0 26 ( 0 55 26 ) ( 0 13 26 )
0 27 ( 0 32 27 ) ( 0 3 27 )
0 28 ( 0 59 28 ) ( 0 32 28 )
0 29 ( 0 52 29 ) ( 0 77 29 )
0 30 ( 0 55 30 ) ( 0 13 74 30 )
0 32 ( 0 13 32 ) ( 0 28 32 )
0 33 ( 0 5 15 33 ) ( 0 32 33 )
0 34 ( 0 55 34 ) ( 0 38 34 )
0 36 ( 0 32 36 ) ( 0 52 36 )
0 37 ( 0 30 37 ) ( 0 55 32 37 )
0 38 ( 0 55 38 ) ( 0 30 38 )
0 39 ( 0 58 39 ) ( 0 32 39 )
0 40 ( 0 30 40 ) ( 0 22 40 )
0 41 ( 0 70 41 ) ( 0 52 41 )
0 45 ( 0 28 45 ) ( 0 70 45 )
0 49 ( 0 9 49 ) ( 0 55 49 )
0 52 ( 0 32 52 ) ( 0 55 52 )
0 54 ( 0 30 54 ) ( 0 37 54 )
0 55 ( 0 79 55 ) ( 0 14 55 )
0 56 ( 0 74 56 ) ( 0 30 56 )
0 58 ( 0 55 58 ) ( 0 59 58 )
0 59 ( 0 38 59 ) ( 0 37 59 )
0 66 ( 0 26 66 ) ( 0 55 66 )
0 68 ( 0 13 68 ) ( 0 12 68 )
0 70 ( 0 28 70 ) ( 0 59 76 70 )
0 74 ( 0 26 74 ) ( 0 32 74 )
0 76 ( 0 55 76 ) ( 0 10 76 )
0 78 ( 0 30 78 ) ( 0 68 78 )
0 79 ( 0 26 79 ) ( 0 13 79 )
1 2 ( 1 66 2 ) ( 1 70 2 )
1 3 ( 1 36 3 ) ( 1 41 3 )
1 4 ( 1 10 4 ) ( 1 39 4 )
1 5 ( 1 41 5 ) ( 1 23 5 )
1 6 ( 1 60 6 ) ( 1 76 58 6 )
1 7 ( 1 23 7 ) ( 1 45 23 57 7 )
1 8 ( 1 15 8 ) ( 1 57 8 )
1 9 ( 1 10 9 ) ( 1 49 9 )
1 10 ( 1 76 10 ) ( 1 70 10 )
1 11 ( 1 45 61 11 ) ( 1 57 11 )
1 12 ( 1 78 12 ) ( 1 68 12 )
1 13 ( 1 28 13 ) ( 1 34 13 )
1 14 ( 1 32 14 ) ( 1 13 14 )
1 15 ( 1 43 15 ) ( 1 77 15 )
1 16 ( 1 5 16 ) ( 1 77 16 )
1 17 ( 1 9 17 ) ( 1 10 17 )
1 18 ( 1 17 18 ) ( 1 41 36 18 )
1 21 ( 1 77 21 ) ( 1 17 41 21 )
1 23 ( 1 9 23 ) ( 1 5 23 )
1 28 ( 1 70 28 ) ( 1 76 28 )
1 30 ( 1 70 30 ) ( 1 10 30 )
1 32 ( 1 59 32 ) ( 1 28 32 )
1 34 ( 1 59 34 ) ( 1 76 34 )
1 37 ( 1 28 37 ) ( 1 70 37 )
1 38 ( 1 70 38 ) ( 1 10 38 )
1 39 ( 1 10 39 ) ( 1 76 39 )
1 45 ( 1 17 45 ) ( 1 10 45 )
1 49 ( 1 45 49 ) ( 1 17 49 )
1 59 ( 1 70 59 ) ( 1 76 28 59 )
1 64 ( 1 10 64 ) ( 1 76 64 )
1 70 ( 1 28 70 ) ( 1 76 10 70 )
1 76 ( 1 10 76 ) ( 1 28 76 )
2 3 ( 2 53 3 ) ( 2 40 3 )
2 4 ( 2 60 4 ) ( 2 66 4 )
2 6 ( 2 25 6 ) ( 2 78 6 )
2 12 ( 2 68 12 ) ( 2 25 12 )
2 13 ( 2 74 13 ) ( 2 56 13 )
2 14 ( 2 66 14 ) ( 2 74 14 )
2 25 ( 2 56 25 ) ( 2 68 25 )
2 56 ( 2 25 66 56 ) ( 2 68 56 )
2 66 ( 2 12 66 ) ( 2 78 66 )
3 4 ( 3 75 4 ) ( 3 71 4 )
3 5 ( 3 77 5 ) ( 3 46 5 )
3 6 ( 3 71 6 ) ( 3 47 6 )
3 7 ( 3 48 7 ) ( 3 16 7 )
3 8 ( 3 48 8 ) ( 3 50 8 )
3 9 ( 3 77 9 ) ( 3 36 9 )
3 11 ( 3 48 11 ) ( 3 44 11 )
3 15 ( 3 16 15 ) ( 3 21 15 )
3 16 ( 3 46 16 ) ( 3 75 16 )
3 17 ( 3 41 17 ) ( 3 48 36 17 )
3 18 ( 3 48 18 ) ( 3 46 18 )
3 21 ( 3 75 21 ) ( 3 44 21 )
3 22 ( 3 18 22 ) ( 3 40 22 )
3 23 ( 3 48 23 ) ( 3 57 23 )
3 24 ( 3 50 24 ) ( 3 48 24 )
3 27 ( 3 24 27 ) ( 3 8 50 27 )
3 29 ( 3 50 29 ) ( 3 8 29 )
3 33 ( 3 44 33 ) ( 3 8 33 )
3 36 ( 3 48 36 ) ( 3 15 77 36 )
3 41 ( 3 36 41 ) ( 3 48 41 )
3 43 ( 3 15 43 ) ( 3 48 46 43 )
3 44 ( 3 48 44 ) ( 3 46 44 )
3 46 ( 3 48 46 ) ( 3 16 46 )
3 48 ( 3 16 48 ) ( 3 18 75 48 )
3 50 ( 3 46 50 ) ( 3 75 50 )
4 5 ( 4 36 5 ) ( 4 77 5 )
4 6 ( 4 19 47 6 ) ( 4 40 6 )
4 19 ( 4 40 19 ) ( 4 53 40 22 19 )
4 20 ( 4 53 20 ) ( 4 19 20 )
4 22 ( 4 53 40 22 ) ( 4 47 22 )
5 7 ( 5 15 7 ) ( 5 21 7 )
5 8 ( 5 77 8 ) ( 5 15 8 )
5 11 ( 5 7 11 ) ( 5 44 11 )
5 15 ( 5 57 15 ) ( 5 7 15 )
5 16 ( 5 77 16 ) ( 5 36 16 )
5 17 ( 5 41 17 ) ( 5 23 17 )
5 18 ( 5 77 18 ) ( 5 16 18 )
5 21 ( 5 15 21 ) ( 5 77 21 )
5 23 ( 5 41 23 ) ( 5 36 23 )
6 19 ( 6 47 19 ) ( 6 20 19 )
6 20 ( 6 19 20 ) ( 6 4 20 )
7 8 ( 7 44 8 ) ( 7 33 8 )
7 11 ( 7 44 11 ) ( 7 33 11 )
7 15 ( 7 61 15 ) ( 7 43 21 15 )
7 16 ( 7 46 16 ) ( 7 33 16 )
7 18 ( 7 48 18 ) ( 7 3 18 )
7 21 ( 7 15 21 ) ( 7 44 21 )
7 23 ( 7 15 23 ) ( 7 33 23 )
8 11 ( 8 44 11 ) ( 8 33 11 )
8 15 ( 8 7 15 ) ( 8 21 15 )
8 16 ( 8 44 16 ) ( 8 48 16 )
8 18 ( 8 3 18 ) ( 8 75 18 )
9 10 ( 9 76 10 ) ( 9 49 10 )
11 15 ( 11 7 15 ) ( 11 44 15 )
11 16 ( 11 46 16 ) ( 11 61 16 )

EOF