DIMENSIONS
50 sommetsG2
45 sommetsG1
120 dem

SOMMETS
0  Berlin  C  52.52  13.38
1  Hamburg  C  53.55  10
2  Munchen  C  48.14  11.58
3  Koln  C  50.95  6.97
4  Frankfurt  C  50.12  8.68
5  Dortmund  C  51.51  7.48
6  Stuttgart  C  48.79  9.19
7  Essen  C  51.47  7
8  Dusseldorf  C  51.24  6.79
9  Bremen  T  53.08  8.81
10  Hannover  C  52.4  9.73
11  Duisburg  C  51.43  6.75
12  Nurnberg  C  49.45  11.05
13  Leipzig  C  51.35  12.4
14  Dresden  C  51.05  13.74
15  Bochum  C  51.48  7.2
16  Wuppertal  C  51.26  7.18
17  Bielefeld  C  52.03  8.53
18  Bonn  C  50.73  7.1
19  Mannheim  T  49.5  8.47
20  Karlsruhe  C  49  8.4
21  Gelsenkirchen  C  51.51  7.11
22  Wiesbaden  C  50.08  8.23
23  Munster  C  51.96  7.62
24  Monchengladbach  C  51.2  6.42
25  Augsburg  C  48.36  10.89
26  Chemnitz  C  50.83  12.92
27  Aachen  C  50.77  6.09
28  Braunschweig  C  52.27  10.51
29  Krefeld  C  51.33  6.55
30  Halle  C  51.48  11.96
31  Kiel  C  54.32  10.12
32  Magdeburg  C  52.13  11.62
33  Oberhausen  C  51.47  6.86
34  Lubeck  C  53.87  10.66
35  Freiburg  C  47.99  7.85
36  Hagen  C  51.37  7.46
37  Erfurt  C  50.99  11.03
38  Rostock  C  54.09  12.1
39  Kassel  T  51.32  9.48
40  Mainz  C  50  8.26
41  Hamm  C  51.67  7.8
42  Saarbrucken  T  49.25  6.97
43  Herne  C  51.54  7.21
44  Mulheim  C  51.43  6.86
45  Osnabruck  T  52.28  8.05
46  Solingen  C  51.18  7.06
47  Ludwigshafen  C  49.48  8.44
48  Leverkusen  C  51.04  6.99
49  Oldenburg  C  53.15  8.21

DEMANDES
0 1 ( 0 28 1 ) ( 0 13 1 )
0 2 ( 0 26 2 ) ( 0 30 2 )
0 3 ( 0 32 3 ) ( 0 48 3 )
0 4 ( 0 30 4 ) ( 0 26 4 )
0 5 ( 0 32 5 ) ( 0 41 5 )
0 6 ( 0 30 6 ) ( 0 32 6 )
0 7 ( 0 5 7 ) ( 0 43 7 )
0 8 ( 0 32 8 ) ( 0 46 8 )
0 10 ( 0 13 10 ) ( 0 38 10 )
0 11 ( 0 7 11 ) ( 0 21 11 )
0 12 ( 0 30 12 ) ( 0 37 12 )
0 13 ( 0 14 13 ) ( 0 32 13 )
0 14 ( 0 30 14 ) ( 0 32 30 13 14 )
0 15 ( 0 32 15 ) ( 0 41 15 )
0 16 ( 0 36 16 ) ( 0 28 16 )
0 17 ( 0 28 10 17 ) ( 0 30 17 )
0 18 ( 0 32 18 ) ( 0 36 18 )
0 20 ( 0 30 20 ) ( 0 47 20 )
0 21 ( 0 43 21 ) ( 0 41 21 )
0 22 ( 0 40 22 ) ( 0 13 22 )
0 23 ( 0 17 23 ) ( 0 30 23 )
0 24 ( 0 32 24 ) ( 0 16 24 )
0 25 ( 0 26 25 ) ( 0 12 25 )
0 26 ( 0 30 26 ) ( 0 37 26 )
0 27 ( 0 3 27 ) ( 0 48 27 )
0 28 ( 0 32 28 ) ( 0 30 28 )
0 29 ( 0 5 29 ) ( 0 32 29 )
0 30 ( 0 32 30 ) ( 0 13 26 30 )
0 31 ( 0 38 31 ) ( 0 32 31 )
0 32 ( 0 30 32 ) ( 0 13 32 )
0 33 ( 0 41 33 ) ( 0 7 33 )
0 34 ( 0 28 34 ) ( 0 13 34 )
0 36 ( 0 32 36 ) ( 0 5 36 )
0 37 ( 0 13 30 37 ) ( 0 28 32 37 )
0 38 ( 0 14 38 ) ( 0 26 38 )
0 40 ( 0 13 40 ) ( 0 10 40 )
0 41 ( 0 28 41 ) ( 0 37 41 )
0 49 ( 0 28 49 ) ( 0 32 49 )
1 2 ( 1 37 2 ) ( 1 12 25 2 )
1 3 ( 1 36 3 ) ( 1 16 3 )
1 4 ( 1 10 4 ) ( 1 17 4 )
1 5 ( 1 43 5 ) ( 1 15 5 )
1 6 ( 1 47 6 ) ( 1 22 6 )
1 7 ( 1 23 7 ) ( 1 43 7 )
1 8 ( 1 23 8 ) ( 1 7 8 )
1 10 ( 1 17 10 ) ( 1 34 31 10 )
1 11 ( 1 23 11 ) ( 1 33 11 )
1 12 ( 1 28 37 12 ) ( 1 32 12 )
1 13 ( 1 32 13 ) ( 1 34 13 )
1 14 ( 1 32 14 ) ( 1 28 14 )
1 15 ( 1 43 15 ) ( 1 41 15 )
1 16 ( 1 36 16 ) ( 1 17 16 )
1 17 ( 1 28 17 ) ( 1 34 17 )
1 18 ( 1 17 18 ) ( 1 5 18 )
1 21 ( 1 15 21 ) ( 1 5 21 )
1 23 ( 1 17 23 ) ( 1 41 23 )
1 28 ( 1 31 28 ) ( 1 17 28 )
1 30 ( 1 28 30 ) ( 1 34 30 )
1 31 ( 1 28 31 ) ( 1 49 31 )
1 32 ( 1 31 28 32 ) ( 1 38 32 )
1 34 ( 1 31 34 ) ( 1 28 34 )
1 37 ( 1 28 37 ) ( 1 34 37 )
1 38 ( 1 28 38 ) ( 1 10 38 )
1 49 ( 1 10 49 ) ( 1 41 49 )
2 3 ( 2 25 3 ) ( 2 18 3 )
2 4 ( 2 47 4 ) ( 2 22 4 )
2 6 ( 2 25 6 ) ( 2 47 6 )
2 12 ( 2 25 12 ) ( 2 6 12 )
2 13 ( 2 12 13 ) ( 2 25 13 )
2 14 ( 2 12 26 14 ) ( 2 30 14 )
2 25 ( 2 12 25 ) ( 2 47 25 )
3 4 ( 3 18 4 ) ( 3 48 22 4 )
3 5 ( 3 48 5 ) ( 3 46 5 )
3 6 ( 3 47 6 ) ( 3 18 6 )
3 7 ( 3 46 7 ) ( 3 44 7 )
3 8 ( 3 48 8 ) ( 3 46 8 )
3 11 ( 3 8 11 ) ( 3 48 11 )
3 15 ( 3 16 15 ) ( 3 43 15 )
3 16 ( 3 48 16 ) ( 3 46 16 )
3 17 ( 3 41 17 ) ( 3 48 17 )
3 18 ( 3 48 18 ) ( 3 46 18 )
3 21 ( 3 16 21 ) ( 3 7 21 )
3 22 ( 3 18 22 ) ( 3 46 22 )
3 23 ( 3 46 16 23 ) ( 3 43 23 )
3 24 ( 3 48 24 ) ( 3 8 24 )
3 27 ( 3 46 27 ) ( 3 11 27 )
3 29 ( 3 11 29 ) ( 3 46 29 )
3 33 ( 3 44 33 ) ( 3 48 33 )
3 36 ( 3 16 36 ) ( 3 15 36 )
3 41 ( 3 36 41 ) ( 3 48 16 41 )
3 43 ( 3 46 43 ) ( 3 48 43 )
3 44 ( 3 48 44 ) ( 3 8 44 )
3 46 ( 3 48 46 ) ( 3 18 46 )
3 48 ( 3 46 48 ) ( 3 8 48 )
4 5 ( 4 36 5 ) ( 4 22 5 )
4 6 ( 4 47 6 ) ( 4 20 6 )
4 20 ( 4 47 20 ) ( 4 40 22 20 )
4 22 ( 4 20 22 ) ( 4 18 22 )
5 7 ( 5 15 7 ) ( 5 21 7 )
5 8 ( 5 43 15 8 ) ( 5 36 8 )
5 11 ( 5 15 11 ) ( 5 44 11 )
5 15 ( 5 43 15 ) ( 5 21 15 )
5 16 ( 5 36 16 ) ( 5 43 16 )
5 17 ( 5 41 17 ) ( 5 23 17 )
5 18 ( 5 16 18 ) ( 5 46 3 18 )
5 21 ( 5 36 21 ) ( 5 16 21 )
5 23 ( 5 43 23 ) ( 5 16 23 )
6 20 ( 6 40 47 20 ) ( 6 35 22 20 )
7 8 ( 7 11 8 ) ( 7 21 33 8 )
7 11 ( 7 21 11 ) ( 7 8 44 11 )
7 15 ( 7 36 15 ) ( 7 5 15 )
7 16 ( 7 21 16 ) ( 7 44 16 )
7 18 ( 7 48 18 ) ( 7 16 18 )
7 21 ( 7 43 21 ) ( 7 11 21 )
8 11 ( 8 33 44 11 ) ( 8 7 11 )
8 15 ( 8 7 15 ) ( 8 44 33 15 )
8 16 ( 8 44 16 ) ( 8 3 16 )
8 18 ( 8 3 18 ) ( 8 48 18 )
11 15 ( 11 7 15 ) ( 11 44 33 15 )
11 16 ( 11 33 16 ) ( 11 7 16 )

EOF