DIMENSIONS
16 sommetsG2
14 sommetsG1
85 dem

SOMMETS
0  Berlin  C  52.52  13.38
1  Hamburg  C  53.55  10
2  Munchen  C  48.14  11.58
3  Koln  C  50.95  6.97
4  Frankfurt  C  50.12  8.68
5  Dortmund  C  51.51  7.48
6  Stuttgart  T  48.79  9.19
7  Essen  C  51.47  7
8  Dusseldorf  C  51.24  6.79
9  Bremen  C  53.08  8.81
10  Hannover  C  52.4  9.73
11  Duisburg  C  51.43  6.75
12  Nurnberg  C  49.45  11.05
13  Leipzig  T  51.35  12.4
14  Dresden  C  51.05  13.74
15  Bochum  C  51.48  7.2

DEMANDES
0 1 ( 0 10 1 ) ( 0 9 1 )
0 2 ( 0 12 2 ) ( 0 4 2 )
0 3 ( 0 10 3 ) ( 0 4 3 )
0 4 ( 0 10 4 ) ( 0 12 4 )
0 5 ( 0 10 5 ) ( 0 1 5 )
0 7 ( 0 15 7 ) ( 0 10 7 )
0 8 ( 0 15 8 ) ( 0 7 8 )
0 9 ( 0 5 9 ) ( 0 10 4 9 )
0 10 ( 0 9 1 10 ) ( 0 12 10 )
0 11 ( 0 15 7 11 ) ( 0 10 11 )
0 12 ( 0 14 12 ) ( 0 2 12 )
0 14 ( 0 2 12 14 ) ( 0 4 14 )
0 15 ( 0 7 15 ) ( 0 9 15 )
1 2 ( 1 12 2 ) ( 1 9 2 )
1 3 ( 1 15 8 3 ) ( 1 14 3 )
1 4 ( 1 10 4 ) ( 1 15 4 )
1 5 ( 1 15 5 ) ( 1 11 5 )
1 7 ( 1 5 7 ) ( 1 10 7 )
1 8 ( 1 15 8 ) ( 1 7 11 8 )
1 9 ( 1 5 9 ) ( 1 11 9 )
1 10 ( 1 5 10 ) ( 1 4 10 )
1 11 ( 1 7 11 ) ( 1 5 11 )
1 12 ( 1 10 12 ) ( 1 5 12 )
1 14 ( 1 0 14 ) ( 1 12 14 )
1 15 ( 1 5 15 ) ( 1 7 15 )
2 3 ( 2 4 3 ) ( 2 8 3 )
2 4 ( 2 3 4 ) ( 2 15 4 )
2 5 ( 2 15 5 ) ( 2 3 5 )
2 7 ( 2 12 7 ) ( 2 8 7 )
2 8 ( 2 4 8 ) ( 2 3 8 )
2 9 ( 2 12 9 ) ( 2 10 9 )
2 10 ( 2 4 10 ) ( 2 14 10 )
2 11 ( 2 8 11 ) ( 2 15 11 )
2 12 ( 2 0 12 ) ( 2 3 12 )
2 14 ( 2 12 14 ) ( 2 0 14 )
2 15 ( 2 4 15 ) ( 2 12 15 )
3 4 ( 3 7 4 ) ( 3 11 4 )
3 5 ( 3 8 5 ) ( 3 11 5 )
3 7 ( 3 8 11 7 ) ( 3 4 7 )
3 8 ( 3 11 8 ) ( 3 5 8 )
3 9 ( 3 5 9 ) ( 3 8 9 )
3 10 ( 3 5 10 ) ( 3 15 10 )
3 11 ( 3 5 11 ) ( 3 4 11 )
3 12 ( 3 8 12 ) ( 3 7 12 )
3 14 ( 3 15 14 ) ( 3 8 14 )
3 15 ( 3 8 15 ) ( 3 11 7 15 )
4 5 ( 4 3 5 ) ( 4 15 7 5 )
4 7 ( 4 11 7 ) ( 4 8 11 5 7 )
4 8 ( 4 7 8 ) ( 4 15 8 )
4 9 ( 4 15 9 ) ( 4 7 9 )
4 10 ( 4 5 10 ) ( 4 1 10 )
4 11 ( 4 15 11 ) ( 4 3 7 11 )
4 12 ( 4 2 12 ) ( 4 5 12 )
4 14 ( 4 0 14 ) ( 4 1 14 )
4 15 ( 4 7 15 ) ( 4 3 15 )
5 7 ( 5 3 7 ) ( 5 11 8 15 7 )
5 8 ( 5 7 8 ) ( 5 11 8 )
5 9 ( 5 7 9 ) ( 5 8 9 )
5 10 ( 5 11 7 10 ) ( 5 3 10 )
5 11 ( 5 15 11 ) ( 5 7 11 )
5 12 ( 5 3 12 ) ( 5 8 15 12 )
5 15 ( 5 7 15 ) ( 5 11 15 )
7 8 ( 7 11 8 ) ( 7 15 8 )
7 9 ( 7 15 9 ) ( 7 8 9 )
7 10 ( 7 9 10 ) ( 7 8 11 10 )
7 11 ( 7 8 11 ) ( 7 3 11 )
7 12 ( 7 5 12 ) ( 7 4 12 )
7 15 ( 7 5 15 ) ( 7 3 15 )
8 9 ( 8 7 9 ) ( 8 15 9 )
8 10 ( 8 5 10 ) ( 8 15 10 )
8 11 ( 8 15 11 ) ( 8 3 15 7 11 )
8 12 ( 8 7 12 ) ( 8 15 4 12 )
8 15 ( 8 3 15 ) ( 8 7 4 15 )
9 10 ( 9 15 10 ) ( 9 4 10 )
9 11 ( 9 15 11 ) ( 9 8 11 )
9 12 ( 9 4 12 ) ( 9 1 10 12 )
9 14 ( 9 0 14 ) ( 9 15 14 )
9 15 ( 9 7 15 ) ( 9 11 15 )
10 11 ( 10 7 11 ) ( 10 15 11 )
10 12 ( 10 4 12 ) ( 10 1 12 )
10 14 ( 10 0 14 ) ( 10 12 14 )
10 15 ( 10 11 15 ) ( 10 3 8 15 )
11 12 ( 11 7 12 ) ( 11 8 12 )
11 15 ( 11 8 3 15 ) ( 11 4 15 )
12 14 ( 12 2 14 ) ( 12 0 14 )

EOF