DIMENSIONS
50 sommetsG2
45 sommetsG1
140 dem

SOMMETS
0  Berlin  C  52.52  13.38
1  Hamburg  C  53.55  10
2  Munchen  C  48.14  11.58
3  Koln  C  50.95  6.97
4  Frankfurt  C  50.12  8.68
5  Dortmund  C  51.51  7.48
6  Stuttgart  C  48.79  9.19
7  Essen  C  51.47  7
8  Dusseldorf  C  51.24  6.79
9  Bremen  T  53.08  8.81
10  Hannover  C  52.4  9.73
11  Duisburg  C  51.43  6.75
12  Nurnberg  C  49.45  11.05
13  Leipzig  C  51.35  12.4
14  Dresden  C  51.05  13.74
15  Bochum  C  51.48  7.2
16  Wuppertal  C  51.26  7.18
17  Bielefeld  C  52.03  8.53
18  Bonn  C  50.73  7.1
19  Mannheim  T  49.5  8.47
20  Karlsruhe  C  49  8.4
21  Gelsenkirchen  C  51.51  7.11
22  Wiesbaden  C  50.08  8.23
23  Munster  C  51.96  7.62
24  Monchengladbach  C  51.2  6.42
25  Augsburg  C  48.36  10.89
26  Chemnitz  C  50.83  12.92
27  Aachen  C  50.77  6.09
28  Braunschweig  C  52.27  10.51
29  Krefeld  C  51.33  6.55
30  Halle  C  51.48  11.96
31  Kiel  C  54.32  10.12
32  Magdeburg  C  52.13  11.62
33  Oberhausen  C  51.47  6.86
34  Lubeck  C  53.87  10.66
35  Freiburg  C  47.99  7.85
36  Hagen  C  51.37  7.46
37  Erfurt  C  50.99  11.03
38  Rostock  C  54.09  12.1
39  Kassel  T  51.32  9.48
40  Mainz  C  50  8.26
41  Hamm  C  51.67  7.8
42  Saarbrucken  T  49.25  6.97
43  Herne  C  51.54  7.21
44  Mulheim  C  51.43  6.86
45  Osnabruck  T  52.28  8.05
46  Solingen  C  51.18  7.06
47  Ludwigshafen  C  49.48  8.44
48  Leverkusen  C  51.04  6.99
49  Oldenburg  C  53.15  8.21

DEMANDES
0 1 ( 0 28 1 ) ( 0 13 1 )
0 2 ( 0 26 2 ) ( 0 30 2 )
0 3 ( 0 32 3 ) ( 0 48 3 )
0 4 ( 0 30 4 ) ( 0 26 4 )
0 5 ( 0 32 5 ) ( 0 41 5 )
0 6 ( 0 30 6 ) ( 0 32 6 )
0 7 ( 0 5 7 ) ( 0 43 7 )
0 8 ( 0 32 8 ) ( 0 46 8 )
0 10 ( 0 13 10 ) ( 0 38 10 )
0 11 ( 0 7 11 ) ( 0 21 11 )
0 12 ( 0 30 12 ) ( 0 37 12 )
0 13 ( 0 14 13 ) ( 0 32 13 )
0 14 ( 0 30 14 ) ( 0 32 30 13 14 )
0 15 ( 0 32 15 ) ( 0 41 15 )
0 16 ( 0 36 16 ) ( 0 28 16 )
0 17 ( 0 28 10 17 ) ( 0 30 17 )
0 18 ( 0 32 18 ) ( 0 36 18 )
0 20 ( 0 30 20 ) ( 0 47 20 )
0 21 ( 0 43 21 ) ( 0 41 21 )
0 22 ( 0 40 22 ) ( 0 13 22 )
0 23 ( 0 17 23 ) ( 0 30 23 )
0 24 ( 0 32 24 ) ( 0 16 24 )
0 25 ( 0 26 25 ) ( 0 12 25 )
0 26 ( 0 30 26 ) ( 0 37 26 )
0 27 ( 0 3 27 ) ( 0 48 27 )
0 28 ( 0 32 28 ) ( 0 30 28 )
0 29 ( 0 5 29 ) ( 0 32 29 )
0 30 ( 0 32 30 ) ( 0 13 26 30 )
0 31 ( 0 38 31 ) ( 0 32 31 )
0 32 ( 0 30 32 ) ( 0 13 32 )
0 33 ( 0 41 33 ) ( 0 7 33 )
0 34 ( 0 28 34 ) ( 0 13 34 )
0 35 ( 0 6 35 ) ( 0 13 35 )
0 36 ( 0 28 36 ) ( 0 41 5 36 )
0 37 ( 0 26 13 37 ) ( 0 14 37 )
0 38 ( 0 13 38 ) ( 0 30 38 )
0 40 ( 0 4 40 ) ( 0 37 22 40 )
0 41 ( 0 32 41 ) ( 0 28 41 )
0 43 ( 0 41 43 ) ( 0 32 43 )
0 47 ( 0 30 37 47 ) ( 0 40 47 )
0 49 ( 0 10 49 ) ( 0 32 49 )
1 2 ( 1 37 2 ) ( 1 4 2 )
1 3 ( 1 41 3 ) ( 1 48 3 )
1 4 ( 1 10 4 ) ( 1 17 4 )
1 5 ( 1 23 5 ) ( 1 36 5 )
1 6 ( 1 47 6 ) ( 1 17 4 6 )
1 7 ( 1 23 21 7 ) ( 1 41 7 )
1 8 ( 1 7 8 ) ( 1 23 43 8 )
1 10 ( 1 34 10 ) ( 1 32 28 10 )
1 11 ( 1 23 11 ) ( 1 33 11 )
1 12 ( 1 28 37 12 ) ( 1 10 12 )
1 13 ( 1 32 13 ) ( 1 30 13 )
1 14 ( 1 32 14 ) ( 1 28 14 )
1 15 ( 1 41 15 ) ( 1 17 15 )
1 16 ( 1 5 16 ) ( 1 36 16 )
1 17 ( 1 10 17 ) ( 1 28 17 )
1 18 ( 1 17 18 ) ( 1 41 18 )
1 21 ( 1 23 21 ) ( 1 15 21 )
1 22 ( 1 10 22 ) ( 1 40 22 )
1 23 ( 1 10 17 23 ) ( 1 21 23 )
1 28 ( 1 34 28 ) ( 1 31 28 )
1 30 ( 1 28 30 ) ( 1 34 30 )
1 31 ( 1 34 31 ) ( 1 10 31 )
1 32 ( 1 10 32 ) ( 1 31 28 32 )
1 34 ( 1 31 34 ) ( 1 32 34 )
1 37 ( 1 28 37 ) ( 1 30 37 )
1 38 ( 1 31 38 ) ( 1 10 38 )
1 41 ( 1 17 41 ) ( 1 5 41 )
1 49 ( 1 23 49 ) ( 1 41 49 )
2 3 ( 2 22 3 ) ( 2 4 3 )
2 4 ( 2 12 4 ) ( 2 40 4 )
2 6 ( 2 25 6 ) ( 2 20 6 )
2 10 ( 2 12 10 ) ( 2 25 10 )
2 12 ( 2 30 12 ) ( 2 4 12 )
2 13 ( 2 26 13 ) ( 2 12 13 )
2 14 ( 2 26 14 ) ( 2 25 12 14 )
2 25 ( 2 12 25 ) ( 2 6 25 )
3 4 ( 3 18 4 ) ( 3 22 4 )
3 5 ( 3 16 5 ) ( 3 43 5 )
3 6 ( 3 18 47 6 ) ( 3 48 6 )
3 7 ( 3 46 7 ) ( 3 8 7 )
3 8 ( 3 44 8 ) ( 3 11 8 )
3 10 ( 3 46 10 ) ( 3 15 10 )
3 11 ( 3 8 11 ) ( 3 46 11 )
3 15 ( 3 48 15 ) ( 3 16 15 )
3 16 ( 3 18 16 ) ( 3 44 16 )
3 17 ( 3 36 41 17 ) ( 3 21 17 )
3 18 ( 3 48 18 ) ( 3 16 18 )
3 21 ( 3 48 21 ) ( 3 16 21 )
3 22 ( 3 48 22 ) ( 3 40 22 )
3 23 ( 3 48 23 ) ( 3 15 23 )
3 24 ( 3 48 24 ) ( 3 46 24 )
3 27 ( 3 18 27 ) ( 3 29 27 )
3 29 ( 3 8 29 ) ( 3 48 29 )
3 33 ( 3 44 33 ) ( 3 8 33 )
3 36 ( 3 48 36 ) ( 3 16 36 )
3 41 ( 3 36 41 ) ( 3 5 41 )
3 43 ( 3 48 43 ) ( 3 16 15 43 )
3 44 ( 3 48 44 ) ( 3 46 44 )
3 46 ( 3 48 46 ) ( 3 8 46 )
3 48 ( 3 8 48 ) ( 3 16 48 )
4 5 ( 4 40 5 ) ( 4 41 5 )
4 6 ( 4 40 6 ) ( 4 22 6 )
4 7 ( 4 16 7 ) ( 4 15 7 )
4 8 ( 4 16 8 ) ( 4 48 3 8 )
4 20 ( 4 22 20 ) ( 4 36 20 )
4 22 ( 4 40 22 ) ( 4 47 22 )
5 7 ( 5 43 7 ) ( 5 15 21 7 )
5 8 ( 5 46 8 ) ( 5 21 33 8 )
5 11 ( 5 15 11 ) ( 5 21 11 )
5 15 ( 5 36 15 ) ( 5 7 15 )
5 16 ( 5 21 16 ) ( 5 15 7 16 )
5 17 ( 5 41 17 ) ( 5 21 17 )
5 18 ( 5 48 18 ) ( 5 3 18 )
5 21 ( 5 15 21 ) ( 5 36 21 )
5 23 ( 5 41 23 ) ( 5 36 23 )
5 24 ( 5 44 24 ) ( 5 43 24 )
5 29 ( 5 44 29 ) ( 5 7 29 )
6 20 ( 6 40 20 ) ( 6 4 20 )
7 8 ( 7 11 8 ) ( 7 21 8 )
7 11 ( 7 44 11 ) ( 7 43 11 )
7 15 ( 7 21 15 ) ( 7 33 15 )
7 16 ( 7 43 16 ) ( 7 44 46 16 )
7 18 ( 7 46 18 ) ( 7 16 18 )
7 21 ( 7 44 21 ) ( 7 16 21 )
7 23 ( 7 43 5 23 ) ( 7 44 23 )
7 24 ( 7 44 24 ) ( 7 29 24 )
7 29 ( 7 44 29 ) ( 7 8 29 )
8 11 ( 8 44 11 ) ( 8 29 11 )
8 15 ( 8 7 15 ) ( 8 21 15 )
8 16 ( 8 46 16 ) ( 8 44 16 )
8 18 ( 8 3 18 ) ( 8 11 48 18 )
8 21 ( 8 44 21 ) ( 8 33 21 )
8 23 ( 8 7 23 ) ( 8 44 23 )
8 24 ( 8 11 24 ) ( 8 44 29 24 )
8 27 ( 8 24 27 ) ( 8 11 27 )
11 15 ( 11 33 15 ) ( 11 21 15 )
11 16 ( 11 7 16 ) ( 11 21 16 )
11 18 ( 11 8 3 18 ) ( 11 44 18 )
13 14 ( 13 37 14 ) ( 13 38 26 14 )

EOF