DIMENSIONS
16 sommetsG2
14 sommetsG1
55 dem

SOMMETS
0  London  C  51.52  -0.1
1  Glasgow  C  55.87  -4.27
2  Birmingham  C  52.48  -1.91
3  Liverpool  C  53.42  -2.99
4  Edinburgh  C  55.95  -3.22
5  Sheffield  C  53.39  -1.48
6  Leeds  T  53.81  -1.55
7  Bristol  C  51.46  -2.6
8  Manchester  C  53.48  -2.25
9  Leicester  C  52.64  -1.13
10  Kingston-upon-hull  C  53.75  -0.36
11  Coventry  C  52.42  -1.5
12  Bradford  C  53.8  -1.75
13  Cardiff  T  51.48  -3.18
14  Nottingham  C  52.97  -1.18
15  Stoke-on-trent  C  53.01  -2.19

DEMANDES
0 1 ( 0 14 1 ) ( 0 12 1 )
0 2 ( 0 9 2 ) ( 0 14 2 )
0 3 ( 0 11 3 ) ( 0 2 15 3 )
0 4 ( 0 14 5 4 ) ( 0 9 4 )
0 5 ( 0 11 5 ) ( 0 12 5 )
0 7 ( 0 11 7 ) ( 0 5 7 )
0 8 ( 0 14 8 ) ( 0 5 8 )
0 9 ( 0 10 9 ) ( 0 15 9 )
0 10 ( 0 11 10 ) ( 0 5 10 )
0 11 ( 0 9 11 ) ( 0 14 11 )
0 12 ( 0 15 12 ) ( 0 8 12 )
0 14 ( 0 9 5 14 ) ( 0 2 14 )
0 15 ( 0 11 15 ) ( 0 2 15 )
1 2 ( 1 8 2 ) ( 1 4 2 )
1 3 ( 1 4 3 ) ( 1 15 3 )
1 4 ( 1 12 4 ) ( 1 2 4 )
1 5 ( 1 8 5 ) ( 1 2 5 )
1 7 ( 1 4 7 ) ( 1 11 7 )
1 8 ( 1 3 8 ) ( 1 12 8 )
1 9 ( 1 5 14 9 ) ( 1 15 9 )
1 10 ( 1 12 10 ) ( 1 4 10 )
1 11 ( 1 8 11 ) ( 1 2 11 )
1 12 ( 1 4 12 ) ( 1 3 12 )
1 14 ( 1 15 14 ) ( 1 2 14 )
1 15 ( 1 3 15 ) ( 1 12 15 )
2 3 ( 2 15 3 ) ( 2 8 3 )
2 4 ( 2 12 4 ) ( 2 5 4 )
2 5 ( 2 14 5 ) ( 2 8 5 )
2 7 ( 2 11 7 ) ( 2 15 7 )
2 8 ( 2 15 8 ) ( 2 5 8 )
2 9 ( 2 5 9 ) ( 2 8 9 )
2 10 ( 2 9 10 ) ( 2 11 10 )
2 11 ( 2 15 9 11 ) ( 2 8 11 )
2 12 ( 2 15 12 ) ( 2 8 12 )
2 14 ( 2 11 14 ) ( 2 5 14 )
2 15 ( 2 14 15 ) ( 2 9 15 )
3 5 ( 3 15 5 ) ( 3 12 5 )
3 7 ( 3 15 7 ) ( 3 2 7 )
3 8 ( 3 15 8 ) ( 3 2 8 )
3 12 ( 3 15 12 ) ( 3 5 12 )
3 15 ( 3 5 15 ) ( 3 14 15 )
5 8 ( 5 12 8 ) ( 5 3 8 )
5 9 ( 5 14 9 ) ( 5 12 9 )
5 10 ( 5 12 10 ) ( 5 9 10 )
5 11 ( 5 12 11 ) ( 5 9 2 11 )
5 12 ( 5 14 12 ) ( 5 9 12 )
5 14 ( 5 15 14 ) ( 5 9 11 14 )
5 15 ( 5 8 15 ) ( 5 12 15 )
8 9 ( 8 14 9 ) ( 8 11 9 )
8 11 ( 8 15 11 ) ( 8 14 11 )
8 12 ( 8 5 12 ) ( 8 3 12 )
8 14 ( 8 5 14 ) ( 8 12 14 )
8 15 ( 8 12 15 ) ( 8 5 15 )
9 11 ( 9 14 11 ) ( 9 5 15 11 )
9 14 ( 9 11 5 14 ) ( 9 10 14 )

EOF