DIMENSIONS
40 sommetsG2
35 sommetsG1
40 dem

SOMMETS
0  London  C  51.52  -0.1
1  Glasgow  C  55.87  -4.27
2  Birmingham  C  52.48  -1.91
3  Liverpool  C  53.42  -2.99
4  Edinburgh  C  55.95  -3.22
5  Sheffield  C  53.39  -1.48
6  Leeds  C  53.81  -1.55
7  Bristol  T  51.46  -2.6
8  Manchester  C  53.48  -2.25
9  Leicester  C  52.64  -1.13
10  Kingston-upon-hull  C  53.75  -0.36
11  Coventry  C  52.42  -1.5
12  Bradford  C  53.8  -1.75
13  Cardiff  C  51.48  -3.18
14  Nottingham  C  52.97  -1.18
15  Stoke-on-trent  T  53.01  -2.19
16  Wolverhampton  C  52.59  -2.15
17  Plymouth  C  50.38  -4.16
18  Belfast  C  54.6  -5.93
19  Derby  C  52.92  -1.5
20  Reading  C  51.45  -0.98
21  Southampton  C  50.91  -1.41
22  Dudley  C  52.5  -2.08
23  Aberdeen  C  57.15  -2.1
24  Newcastle-upon-tyne  C  55  -1.6
25  Preston  C  53.76  -2.73
26  Luton  C  51.9  -0.44
27  Sunderland  C  54.91  -1.39
28  Portsmouth  C  50.81  -1.09
29  Walsall  C  52.6  -1.97
30  Norwich  C  52.65  1.28
31  Swansea  T  51.63  -3.96
32  Bournemouth  C  50.73  -1.88
33  Southend-on-sea  T  51.55  0.71
34  Swindon  C  51.57  -1.78
35  Dundee  C  56.47  -3
36  Blackpool  T  53.82  -3.06
37  Poole  C  50.72  -1.98
38  Peterborough  C  52.59  -0.25
39  West-bromwich  C  52.53  -1.97

DEMANDES
0 1 ( 0 19 1 ) ( 0 14 1 )
0 2 ( 0 11 2 ) ( 0 39 2 )
0 3 ( 0 11 3 ) ( 0 2 3 )
0 4 ( 0 12 4 ) ( 0 5 4 )
0 5 ( 0 26 5 ) ( 0 2 5 )
0 6 ( 0 14 6 ) ( 0 26 14 5 6 )
0 8 ( 0 26 8 ) ( 0 29 8 )
0 9 ( 0 26 9 ) ( 0 38 9 )
0 10 ( 0 38 10 ) ( 0 20 10 )
0 11 ( 0 9 11 ) ( 0 2 29 11 )
0 12 ( 0 5 12 ) ( 0 9 12 )
0 13 ( 0 34 13 ) ( 0 26 13 )
0 14 ( 0 26 9 14 ) ( 0 19 14 )
0 16 ( 0 39 16 ) ( 0 22 16 )
0 17 ( 0 37 17 ) ( 0 32 17 )
0 18 ( 0 11 2 18 ) ( 0 9 18 )
0 19 ( 0 26 19 ) ( 0 9 19 )
0 20 ( 0 21 20 ) ( 0 34 20 )
0 21 ( 0 20 21 ) ( 0 26 21 )
0 22 ( 0 39 22 ) ( 0 9 22 )
0 23 ( 0 27 23 ) ( 0 24 23 )
0 24 ( 0 5 24 ) ( 0 26 5 6 24 )
0 25 ( 0 8 25 ) ( 0 19 25 )
0 26 ( 0 20 26 ) ( 0 38 26 )
0 27 ( 0 38 27 ) ( 0 14 27 )
0 28 ( 0 21 28 ) ( 0 34 28 )
0 29 ( 0 26 29 ) ( 0 39 29 )
0 30 ( 0 26 38 30 ) ( 0 20 30 )
0 32 ( 0 28 32 ) ( 0 37 32 )
0 34 ( 0 20 34 ) ( 0 26 34 )
0 35 ( 0 6 35 ) ( 0 26 35 )
0 37 ( 0 32 37 ) ( 0 28 37 )
0 38 ( 0 28 38 ) ( 0 9 26 38 )
0 39 ( 0 2 39 ) ( 0 29 39 )
1 4 ( 1 35 4 ) ( 1 24 4 )
2 3 ( 2 29 3 ) ( 2 16 3 )
2 5 ( 2 19 5 ) ( 2 39 22 5 )
2 8 ( 2 29 8 ) ( 2 16 8 )
2 9 ( 2 11 9 ) ( 2 22 29 9 )
2 11 ( 2 29 11 ) ( 2 39 22 11 )

EOF