DIMENSIONS
40 sommetsG2
35 sommetsG1
150 dem

SOMMETS
0  London  C  51.52  -0.1
1  Glasgow  C  55.87  -4.27
2  Birmingham  C  52.48  -1.91
3  Liverpool  C  53.42  -2.99
4  Edinburgh  C  55.95  -3.22
5  Sheffield  C  53.39  -1.48
6  Leeds  C  53.81  -1.55
7  Bristol  T  51.46  -2.6
8  Manchester  C  53.48  -2.25
9  Leicester  C  52.64  -1.13
10  Kingston-upon-hull  C  53.75  -0.36
11  Coventry  C  52.42  -1.5
12  Bradford  C  53.8  -1.75
13  Cardiff  C  51.48  -3.18
14  Nottingham  C  52.97  -1.18
15  Stoke-on-trent  T  53.01  -2.19
16  Wolverhampton  C  52.59  -2.15
17  Plymouth  C  50.38  -4.16
18  Belfast  C  54.6  -5.93
19  Derby  C  52.92  -1.5
20  Reading  C  51.45  -0.98
21  Southampton  C  50.91  -1.41
22  Dudley  C  52.5  -2.08
23  Aberdeen  C  57.15  -2.1
24  Newcastle-upon-tyne  C  55  -1.6
25  Preston  C  53.76  -2.73
26  Luton  C  51.9  -0.44
27  Sunderland  C  54.91  -1.39
28  Portsmouth  C  50.81  -1.09
29  Walsall  C  52.6  -1.97
30  Norwich  C  52.65  1.28
31  Swansea  T  51.63  -3.96
32  Bournemouth  C  50.73  -1.88
33  Southend-on-sea  T  51.55  0.71
34  Swindon  C  51.57  -1.78
35  Dundee  C  56.47  -3
36  Blackpool  T  53.82  -3.06
37  Poole  C  50.72  -1.98
38  Peterborough  C  52.59  -0.25
39  West-bromwich  C  52.53  -1.97

DEMANDES
0 1 ( 0 26 1 ) ( 0 9 1 )
0 2 ( 0 26 2 ) ( 0 9 2 )
0 3 ( 0 29 3 ) ( 0 26 3 )
0 4 ( 0 14 4 ) ( 0 5 4 )
0 5 ( 0 14 5 ) ( 0 9 5 )
0 6 ( 0 5 6 ) ( 0 26 9 6 )
0 8 ( 0 19 8 ) ( 0 5 8 )
0 9 ( 0 26 9 ) ( 0 38 9 )
0 10 ( 0 26 10 ) ( 0 9 10 )
0 11 ( 0 26 11 ) ( 0 9 11 )
0 12 ( 0 14 12 ) ( 0 20 12 )
0 13 ( 0 34 13 ) ( 0 26 13 )
0 14 ( 0 11 14 ) ( 0 20 14 )
0 16 ( 0 2 16 ) ( 0 39 16 )
0 17 ( 0 37 17 ) ( 0 32 17 )
0 18 ( 0 16 18 ) ( 0 39 18 )
0 19 ( 0 26 19 ) ( 0 9 19 )
0 20 ( 0 26 20 ) ( 0 38 20 )
0 21 ( 0 34 21 ) ( 0 32 21 )
0 22 ( 0 2 22 ) ( 0 39 22 )
0 23 ( 0 38 23 ) ( 0 14 23 )
0 24 ( 0 14 24 ) ( 0 26 6 24 )
0 25 ( 0 14 25 ) ( 0 2 25 )
0 26 ( 0 20 26 ) ( 0 28 26 )
0 27 ( 0 5 27 ) ( 0 19 27 )
0 28 ( 0 20 28 ) ( 0 21 28 )
0 29 ( 0 2 29 ) ( 0 26 29 )
0 30 ( 0 38 30 ) ( 0 9 30 )
0 32 ( 0 28 32 ) ( 0 20 32 )
0 34 ( 0 20 34 ) ( 0 26 34 )
0 35 ( 0 14 35 ) ( 0 5 35 )
0 37 ( 0 21 37 ) ( 0 32 37 )
0 38 ( 0 20 38 ) ( 0 26 9 38 )
0 39 ( 0 26 39 ) ( 0 11 29 39 )
1 2 ( 1 29 2 ) ( 1 39 2 )
1 3 ( 1 8 3 ) ( 1 35 3 )
1 4 ( 1 24 4 ) ( 1 18 4 )
1 5 ( 1 12 5 ) ( 1 8 5 )
1 6 ( 1 12 6 ) ( 1 25 6 )
1 8 ( 1 4 8 ) ( 1 25 3 8 )
1 9 ( 1 25 9 ) ( 1 12 9 )
1 10 ( 1 12 10 ) ( 1 5 10 )
1 11 ( 1 25 11 ) ( 1 16 11 )
1 12 ( 1 6 12 ) ( 1 8 12 )
1 13 ( 1 3 13 ) ( 1 25 13 )
1 14 ( 1 5 14 ) ( 1 12 14 )
1 16 ( 1 25 16 ) ( 1 3 16 )
1 18 ( 1 8 18 ) ( 1 12 18 )
1 19 ( 1 5 19 ) ( 1 6 19 )
1 22 ( 1 8 22 ) ( 1 29 22 )
1 23 ( 1 4 23 ) ( 1 27 23 )
1 24 ( 1 12 27 24 ) ( 1 23 24 )
1 25 ( 1 4 25 ) ( 1 8 25 )
1 27 ( 1 24 27 ) ( 1 4 27 )
1 35 ( 1 4 35 ) ( 1 24 35 )
2 3 ( 2 39 3 ) ( 2 29 3 )
2 4 ( 2 25 4 ) ( 2 16 4 )
2 5 ( 2 29 5 ) ( 2 16 5 )
2 6 ( 2 22 6 ) ( 2 16 6 )
2 8 ( 2 29 8 ) ( 2 16 8 )
2 9 ( 2 39 9 ) ( 2 22 9 )
2 10 ( 2 39 10 ) ( 2 29 10 )
2 11 ( 2 39 11 ) ( 2 29 11 )
2 12 ( 2 29 12 ) ( 2 39 12 )
2 13 ( 2 39 13 ) ( 2 16 29 13 )
2 14 ( 2 39 29 14 ) ( 2 11 9 14 )
2 16 ( 2 22 29 16 ) ( 2 19 16 )
2 17 ( 2 13 17 ) ( 2 22 17 )
2 18 ( 2 39 18 ) ( 2 22 18 )
2 19 ( 2 29 19 ) ( 2 22 19 )
2 20 ( 2 11 20 ) ( 2 29 20 )
2 21 ( 2 39 21 ) ( 2 22 21 )
2 22 ( 2 11 22 ) ( 2 19 22 )
2 24 ( 2 29 24 ) ( 2 39 24 )
2 25 ( 2 29 25 ) ( 2 39 25 )
2 26 ( 2 39 26 ) ( 2 22 26 )
2 27 ( 2 6 27 ) ( 2 29 12 27 )
2 28 ( 2 34 28 ) ( 2 21 28 )
2 29 ( 2 39 29 ) ( 2 22 29 )
2 30 ( 2 38 30 ) ( 2 11 30 )
2 32 ( 2 37 32 ) ( 2 22 34 32 )
2 34 ( 2 39 34 ) ( 2 22 34 )
2 37 ( 2 32 37 ) ( 2 22 37 )
2 38 ( 2 9 38 ) ( 2 39 38 )
2 39 ( 2 29 39 ) ( 2 11 14 39 )
3 4 ( 3 25 4 ) ( 3 8 4 )
3 5 ( 3 25 5 ) ( 3 12 5 )
3 6 ( 3 8 12 6 ) ( 3 25 6 )
3 8 ( 3 25 8 ) ( 3 16 8 )
3 9 ( 3 19 9 ) ( 3 29 9 )
3 11 ( 3 29 11 ) ( 3 39 11 )
3 12 ( 3 25 5 6 12 ) ( 3 2 12 )
3 13 ( 3 25 13 ) ( 3 8 13 )
3 14 ( 3 8 5 14 ) ( 3 25 14 )
3 16 ( 3 22 16 ) ( 3 29 16 )
3 19 ( 3 8 19 ) ( 3 5 19 )
3 22 ( 3 16 29 22 ) ( 3 25 22 )
3 25 ( 3 12 25 ) ( 3 6 25 )
3 29 ( 3 2 29 ) ( 3 25 29 )
4 6 ( 4 12 6 ) ( 4 24 27 6 )
4 35 ( 4 1 35 ) ( 4 27 35 )
5 6 ( 5 19 6 ) ( 5 14 6 )
5 8 ( 5 6 8 ) ( 5 19 8 )
5 9 ( 5 14 9 ) ( 5 19 9 )
5 10 ( 5 14 10 ) ( 5 9 10 )
5 11 ( 5 14 11 ) ( 5 9 11 )
5 12 ( 5 6 12 ) ( 5 19 12 )
5 14 ( 5 19 14 ) ( 5 9 14 )
5 16 ( 5 39 16 ) ( 5 22 16 )
5 19 ( 5 14 11 19 ) ( 5 29 2 19 )
5 22 ( 5 2 22 ) ( 5 16 39 22 )
5 25 ( 5 12 25 ) ( 5 3 25 )
5 29 ( 5 19 29 ) ( 5 39 2 29 )
5 39 ( 5 29 39 ) ( 5 2 39 )
6 8 ( 6 14 8 ) ( 6 29 8 )
6 9 ( 6 11 9 ) ( 6 39 9 )
6 10 ( 6 5 10 ) ( 6 14 9 10 )
6 11 ( 6 19 11 ) ( 6 5 11 )
6 12 ( 6 5 12 ) ( 6 19 12 )
6 14 ( 6 5 14 ) ( 6 19 14 )
6 16 ( 6 5 16 ) ( 6 12 16 )
6 19 ( 6 5 14 19 ) ( 6 9 19 )
6 24 ( 6 27 24 ) ( 6 12 24 )
6 25 ( 6 12 25 ) ( 6 3 25 )
6 27 ( 6 12 27 ) ( 6 24 27 )
6 29 ( 6 5 29 ) ( 6 2 29 )
8 9 ( 8 19 9 ) ( 8 5 9 )
8 11 ( 8 2 11 ) ( 8 39 11 )
8 12 ( 8 25 12 ) ( 8 19 12 )
8 14 ( 8 19 14 ) ( 8 12 14 )
8 16 ( 8 39 29 16 ) ( 8 2 16 )
8 19 ( 8 12 5 19 ) ( 8 39 19 )
8 22 ( 8 2 22 ) ( 8 19 22 )
8 25 ( 8 3 25 ) ( 8 16 25 )
8 29 ( 8 39 29 ) ( 8 16 29 )
8 39 ( 8 29 39 ) ( 8 16 39 )
9 10 ( 9 11 10 ) ( 9 19 5 14 10 )
9 11 ( 9 19 11 ) ( 9 2 39 11 )
9 12 ( 9 5 12 ) ( 9 14 12 )
9 14 ( 9 19 14 ) ( 9 5 14 )
9 16 ( 9 39 16 ) ( 9 22 16 )
9 19 ( 9 11 19 ) ( 9 5 19 )
9 22 ( 9 39 22 ) ( 9 11 2 22 )
10 14 ( 10 19 14 ) ( 10 6 14 )
11 14 ( 11 9 19 14 ) ( 11 39 14 )
11 16 ( 11 39 16 ) ( 11 22 16 )
11 19 ( 11 14 19 ) ( 11 2 19 )
12 14 ( 12 6 14 ) ( 12 8 19 14 )
12 19 ( 12 5 19 ) ( 12 6 5 14 19 )
14 16 ( 14 39 16 ) ( 14 22 16 )

EOF