DIMENSIONS
50 sommetsG2
45 sommetsG1
130 dem

SOMMETS
0  London  C  51.52  -0.1
1  Glasgow  C  55.87  -4.27
2  Birmingham  C  52.48  -1.91
3  Liverpool  C  53.42  -2.99
4  Edinburgh  C  55.95  -3.22
5  Sheffield  C  53.39  -1.48
6  Leeds  C  53.81  -1.55
7  Bristol  C  51.46  -2.6
8  Manchester  C  53.48  -2.25
9  Leicester  T  52.64  -1.13
10  Kingston-upon-hull  C  53.75  -0.36
11  Coventry  C  52.42  -1.5
12  Bradford  C  53.8  -1.75
13  Cardiff  C  51.48  -3.18
14  Nottingham  C  52.97  -1.18
15  Stoke-on-trent  C  53.01  -2.19
16  Wolverhampton  C  52.59  -2.15
17  Plymouth  C  50.38  -4.16
18  Belfast  C  54.6  -5.93
19  Derby  T  52.92  -1.5
20  Reading  C  51.45  -0.98
21  Southampton  C  50.91  -1.41
22  Dudley  C  52.5  -2.08
23  Aberdeen  C  57.15  -2.1
24  Newcastle-upon-tyne  C  55  -1.6
25  Preston  C  53.76  -2.73
26  Luton  C  51.9  -0.44
27  Sunderland  C  54.91  -1.39
28  Portsmouth  C  50.81  -1.09
29  Walsall  C  52.6  -1.97
30  Norwich  C  52.65  1.28
31  Swansea  C  51.63  -3.96
32  Bournemouth  C  50.73  -1.88
33  Southend-on-sea  C  51.55  0.71
34  Swindon  C  51.57  -1.78
35  Dundee  C  56.47  -3
36  Blackpool  C  53.82  -3.06
37  Poole  C  50.72  -1.98
38  Peterborough  C  52.59  -0.25
39  West-bromwich  T  52.53  -1.97
40  Middlesbrough  C  54.58  -1.23
41  Oldbury-smethwick  C  52.51  -2.03
42  Huddersfield  T  53.66  -1.8
43  Bolton  C  53.58  -2.43
44  Stockport  C  53.42  -2.17
45  Ipswich  T  52.07  1.14
46  Motherwell  C  55.79  -4
47  York  C  53.96  -1.11
48  Oxford  C  51.76  -1.26
49  Rotherham  C  53.44  -1.35

DEMANDES
0 1 ( 0 26 1 ) ( 0 44 1 )
0 2 ( 0 11 2 ) ( 0 26 2 )
0 3 ( 0 41 3 ) ( 0 16 3 )
0 4 ( 0 12 4 ) ( 0 5 4 )
0 5 ( 0 26 5 ) ( 0 49 5 )
0 6 ( 0 26 6 ) ( 0 14 6 )
0 7 ( 0 48 7 ) ( 0 26 7 )
0 8 ( 0 14 8 ) ( 0 41 8 )
0 10 ( 0 26 10 ) ( 0 14 10 )
0 11 ( 0 26 11 ) ( 0 20 11 )
0 12 ( 0 5 12 ) ( 0 49 12 )
0 13 ( 0 21 13 ) ( 0 28 13 )
0 14 ( 0 11 14 ) ( 0 20 14 )
0 15 ( 0 26 11 15 ) ( 0 2 29 15 )
0 16 ( 0 2 16 ) ( 0 41 16 )
0 17 ( 0 20 17 ) ( 0 37 17 )
0 18 ( 0 22 18 ) ( 0 29 18 )
0 20 ( 0 48 20 ) ( 0 34 20 )
0 21 ( 0 26 20 21 ) ( 0 48 21 )
0 22 ( 0 2 22 ) ( 0 11 41 22 )
0 23 ( 0 47 23 ) ( 0 14 23 )
0 24 ( 0 47 24 ) ( 0 26 24 )
0 25 ( 0 26 25 ) ( 0 44 25 )
0 26 ( 0 33 26 ) ( 0 28 26 )
0 27 ( 0 26 27 ) ( 0 6 27 )
0 28 ( 0 20 28 ) ( 0 21 28 )
0 29 ( 0 11 29 ) ( 0 41 29 )
0 30 ( 0 38 30 ) ( 0 20 30 )
0 31 ( 0 34 31 ) ( 0 20 31 )
0 32 ( 0 20 32 ) ( 0 28 37 32 )
0 33 ( 0 26 33 ) ( 0 28 33 )
0 34 ( 0 20 34 ) ( 0 48 34 )
0 35 ( 0 49 35 ) ( 0 26 35 )
0 36 ( 0 11 36 ) ( 0 43 36 )
0 37 ( 0 21 37 ) ( 0 28 37 )
0 38 ( 0 26 38 ) ( 0 14 38 )
0 40 ( 0 49 40 ) ( 0 14 6 40 )
0 41 ( 0 2 41 ) ( 0 11 41 )
0 43 ( 0 26 43 ) ( 0 8 43 )
0 44 ( 0 11 44 ) ( 0 5 44 )
0 46 ( 0 14 46 ) ( 0 44 46 )
0 47 ( 0 26 47 ) ( 0 14 47 )
0 48 ( 0 28 48 ) ( 0 34 48 )
0 49 ( 0 14 5 49 ) ( 0 38 49 )
1 2 ( 1 29 2 ) ( 1 15 2 )
1 3 ( 1 46 36 3 ) ( 1 15 3 )
1 4 ( 1 35 4 ) ( 1 46 25 4 )
1 5 ( 1 12 5 ) ( 1 8 5 )
1 6 ( 1 46 6 ) ( 1 4 6 )
1 7 ( 1 3 7 ) ( 1 25 7 )
1 8 ( 1 43 8 ) ( 1 36 8 )
1 10 ( 1 46 40 10 ) ( 1 5 49 10 )
1 11 ( 1 43 11 ) ( 1 8 11 )
1 12 ( 1 6 12 ) ( 1 46 25 12 )
1 15 ( 1 25 15 ) ( 1 43 15 )
1 16 ( 1 25 16 ) ( 1 15 16 )
1 18 ( 1 35 18 ) ( 1 43 18 )
1 23 ( 1 4 23 ) ( 1 36 23 )
1 24 ( 1 4 24 ) ( 1 27 24 )
1 25 ( 1 46 25 ) ( 1 4 25 )
1 27 ( 1 24 27 ) ( 1 35 4 27 )
1 35 ( 1 23 35 ) ( 1 24 35 )
1 36 ( 1 3 36 ) ( 1 4 36 )
1 46 ( 1 4 35 46 ) ( 1 18 46 )
2 3 ( 2 41 3 ) ( 2 15 3 )
2 4 ( 2 29 8 4 ) ( 2 43 4 )
2 5 ( 2 29 5 ) ( 2 22 5 )
2 6 ( 2 5 6 ) ( 2 15 6 )
2 7 ( 2 41 7 ) ( 2 29 22 7 )
2 8 ( 2 15 8 ) ( 2 44 8 )
2 10 ( 2 14 10 ) ( 2 29 10 )
2 11 ( 2 41 22 11 ) ( 2 16 11 )
2 12 ( 2 22 12 ) ( 2 44 12 )
2 13 ( 2 41 13 ) ( 2 22 13 )
2 14 ( 2 11 14 ) ( 2 41 14 )
2 15 ( 2 41 15 ) ( 2 22 41 16 15 )
2 16 ( 2 15 16 ) ( 2 11 16 )
2 17 ( 2 13 17 ) ( 2 7 17 )
2 20 ( 2 29 48 20 ) ( 2 22 20 )
2 21 ( 2 48 21 ) ( 2 16 21 )
2 22 ( 2 41 22 ) ( 2 29 41 11 22 )
2 24 ( 2 6 24 ) ( 2 5 24 )
2 25 ( 2 29 25 ) ( 2 43 25 )
2 26 ( 2 48 26 ) ( 2 29 26 )
2 27 ( 2 6 27 ) ( 2 29 12 27 )
2 28 ( 2 48 28 ) ( 2 29 28 )
2 29 ( 2 41 29 ) ( 2 16 29 )
2 31 ( 2 29 31 ) ( 2 16 22 31 )
2 32 ( 2 34 32 ) ( 2 37 32 )
2 34 ( 2 22 34 ) ( 2 29 41 34 )
2 36 ( 2 29 36 ) ( 2 15 36 )
2 37 ( 2 32 37 ) ( 2 22 37 )
2 38 ( 2 11 38 ) ( 2 41 29 38 )
2 40 ( 2 6 40 ) ( 2 5 40 )
2 41 ( 2 22 41 ) ( 2 29 41 )
2 43 ( 2 15 43 ) ( 2 41 43 )
2 44 ( 2 15 44 ) ( 2 41 44 )
2 47 ( 2 49 47 ) ( 2 16 47 )
2 48 ( 2 41 48 ) ( 2 29 48 )
2 49 ( 2 22 49 ) ( 2 14 49 )
3 5 ( 3 44 5 ) ( 3 25 43 5 )
3 6 ( 3 15 6 ) ( 3 5 6 )
3 7 ( 3 22 7 ) ( 3 15 7 )
3 8 ( 3 44 8 ) ( 3 25 8 )
3 12 ( 3 43 12 ) ( 3 8 12 )
3 15 ( 3 44 15 ) ( 3 25 15 )
3 16 ( 3 15 16 ) ( 3 2 22 16 )
3 25 ( 3 36 25 ) ( 3 8 25 )
5 6 ( 5 12 6 ) ( 5 49 47 6 )
5 8 ( 5 15 8 ) ( 5 6 49 8 )
5 10 ( 5 47 10 ) ( 5 6 10 )
5 11 ( 5 14 11 ) ( 5 49 11 )
5 12 ( 5 44 12 ) ( 5 49 47 12 )
5 14 ( 5 49 14 ) ( 5 11 14 )
5 15 ( 5 49 15 ) ( 5 44 15 )
5 16 ( 5 29 16 ) ( 5 41 16 )
5 22 ( 5 29 2 22 ) ( 5 49 22 )
6 8 ( 6 12 44 8 ) ( 6 43 8 )
6 10 ( 6 12 10 ) ( 6 5 10 )
6 11 ( 6 12 11 ) ( 6 29 11 )
6 12 ( 6 5 12 ) ( 6 8 12 )
6 14 ( 6 49 14 ) ( 6 5 14 )
6 15 ( 6 44 15 ) ( 6 8 15 )
7 13 ( 7 31 13 ) ( 7 32 13 )
7 16 ( 7 22 16 ) ( 7 34 16 )
8 11 ( 8 44 11 ) ( 8 29 11 )
8 12 ( 8 43 44 12 ) ( 8 3 12 )
8 14 ( 8 44 14 ) ( 8 49 14 )
8 15 ( 8 43 15 ) ( 8 29 15 )
8 16 ( 8 44 16 ) ( 8 29 16 )

EOF