DIMENSIONS
90 sommetsG2
85 sommetsG1
150 dem

SOMMETS
0  London  C  51.52  -0.1
1  Glasgow  C  55.87  -4.27
2  Birmingham  C  52.48  -1.91
3  Liverpool  C  53.42  -2.99
4  Edinburgh  C  55.95  -3.22
5  Sheffield  C  53.39  -1.48
6  Leeds  C  53.81  -1.55
7  Bristol  C  51.46  -2.6
8  Manchester  C  53.48  -2.25
9  Leicester  C  52.64  -1.13
10  Kingston-upon-hull  C  53.75  -0.36
11  Coventry  C  52.42  -1.5
12  Bradford  C  53.8  -1.75
13  Cardiff  C  51.48  -3.18
14  Nottingham  C  52.97  -1.18
15  Stoke-on-trent  C  53.01  -2.19
16  Wolverhampton  C  52.59  -2.15
17  Plymouth  C  50.38  -4.16
18  Belfast  C  54.6  -5.93
19  Derby  C  52.92  -1.5
20  Reading  C  51.45  -0.98
21  Southampton  C  50.91  -1.41
22  Dudley  C  52.5  -2.08
23  Aberdeen  C  57.15  -2.1
24  Newcastle-upon-tyne  C  55  -1.6
25  Preston  C  53.76  -2.73
26  Luton  C  51.9  -0.44
27  Sunderland  C  54.91  -1.39
28  Portsmouth  C  50.81  -1.09
29  Walsall  C  52.6  -1.97
30  Norwich  C  52.65  1.28
31  Swansea  C  51.63  -3.96
32  Bournemouth  C  50.73  -1.88
33  Southend-on-sea  C  51.55  0.71
34  Swindon  C  51.57  -1.78
35  Dundee  T  56.47  -3
36  Blackpool  C  53.82  -3.06
37  Poole  C  50.72  -1.98
38  Peterborough  C  52.59  -0.25
39  West-bromwich  C  52.53  -1.97
40  Middlesbrough  C  54.58  -1.23
41  Oldbury-smethwick  C  52.51  -2.03
42  Huddersfield  C  53.66  -1.8
43  Bolton  C  53.58  -2.43
44  Stockport  C  53.42  -2.17
45  Ipswich  C  52.07  1.14
46  Motherwell  C  55.79  -4
47  York  C  53.96  -1.11
48  Oxford  C  51.76  -1.26
49  Rotherham  C  53.44  -1.35
50  Brighton  C  50.83  -0.15
51  Gloucester  C  51.86  -2.24
52  Watford  C  51.66  -0.4
53  Newport  C  51.59  -3
54  Slough  C  51.52  -0.61
55  Basildon  C  51.57  0.46
56  Sutton-coldfield  C  52.56  -1.84
57  Blackburn  C  53.75  -2.49
58  Saint-helens  C  53.46  -2.75
59  Oldham  C  53.55  -2.12
60  Woking-byfleet  C  51.32  -0.57
61  Northampton  C  52.24  -0.9
62  Chelmsford  C  51.73  0.47
63  Colchester  C  51.88  0.9
64  Cambridge  C  52.21  0.13
65  Eastbourne  C  50.78  0.27
66  Worthing  C  50.82  -0.38
67  Exeter  C  50.73  -3.54
68  Gillingham  C  51.39  0.55
69  Solihull  C  52.42  -1.78
70  Halifax  T  53.73  -1.88
71  Cheltenham  T  51.9  -2.09
72  Maidstone  C  51.28  0.51
73  Rochdale  C  53.62  -2.16
74  Crawley  C  51.13  -0.2
75  Southport  T  53.66  -3.01
76  Falkirk  C  56.02  -3.79
77  Birkenhead  C  53.39  -3.04
78  Grimsby  C  53.57  -0.11
79  Darlington  C  54.52  -1.57
80  Worcester  C  52.2  -2.24
81  Bath  C  51.39  -2.38
82  Hartlepool  T  54.69  -1.22
83  Wigan  C  53.55  -2.64
84  Hastings  C  50.86  0.57
85  Warrington  C  53.39  -2.6
86  Londonderry  C  55  -7.33
87  South-shields  C  55  -1.43
88  Stockton-on-tees  C  54.57  -1.32
89  Saint-albans  C  51.75  -0.34

DEMANDES
0 1 ( 0 26 9 1 ) ( 0 19 73 1 )
0 2 ( 0 69 2 ) ( 0 11 2 )
0 3 ( 0 11 3 ) ( 0 69 3 )
0 4 ( 0 5 4 ) ( 0 49 4 )
0 5 ( 0 89 5 ) ( 0 9 5 )
0 6 ( 0 26 6 ) ( 0 9 6 )
0 7 ( 0 20 7 ) ( 0 34 7 )
0 8 ( 0 89 8 ) ( 0 44 8 )
0 9 ( 0 26 9 ) ( 0 89 9 )
0 10 ( 0 64 10 ) ( 0 26 10 )
0 11 ( 0 89 11 ) ( 0 26 61 11 )
0 12 ( 0 14 12 ) ( 0 5 12 )
0 13 ( 0 54 13 ) ( 0 34 13 )
0 14 ( 0 26 14 ) ( 0 60 14 )
0 15 ( 0 89 15 ) ( 0 11 15 )
0 16 ( 0 52 16 ) ( 0 69 2 16 )
0 17 ( 0 20 17 ) ( 0 21 17 )
0 18 ( 0 39 18 ) ( 0 41 18 )
0 19 ( 0 61 19 ) ( 0 89 26 19 )
0 20 ( 0 54 20 ) ( 0 52 20 )
0 21 ( 0 28 21 ) ( 0 20 21 )
0 22 ( 0 52 22 ) ( 0 2 22 )
0 23 ( 0 87 23 ) ( 0 38 40 23 )
0 24 ( 0 47 24 ) ( 0 88 24 )
0 25 ( 0 61 25 ) ( 0 26 25 )
0 26 ( 0 89 26 ) ( 0 60 26 )
0 27 ( 0 40 27 ) ( 0 88 27 )
0 28 ( 0 60 28 ) ( 0 66 28 )
0 29 ( 0 52 29 ) ( 0 11 29 )
0 30 ( 0 63 30 ) ( 0 45 30 )
0 31 ( 0 20 13 31 ) ( 0 48 31 )
0 32 ( 0 60 32 ) ( 0 54 32 )
0 33 ( 0 55 33 ) ( 0 68 33 )
0 34 ( 0 48 34 ) ( 0 60 34 )
0 36 ( 0 61 36 ) ( 0 43 36 )
0 37 ( 0 54 37 ) ( 0 89 20 37 )
0 38 ( 0 89 38 ) ( 0 26 38 )
0 39 ( 0 69 39 ) ( 0 11 39 )
0 40 ( 0 26 40 ) ( 0 89 47 40 )
0 41 ( 0 39 41 ) ( 0 26 41 )
0 42 ( 0 26 42 ) ( 0 14 42 )
0 43 ( 0 44 43 ) ( 0 8 43 )
0 44 ( 0 52 61 44 ) ( 0 11 44 )
0 45 ( 0 62 45 ) ( 0 68 45 )
0 46 ( 0 26 46 ) ( 0 89 46 )
0 47 ( 0 52 26 47 ) ( 0 61 47 )
0 48 ( 0 52 48 ) ( 0 20 48 )
0 49 ( 0 26 49 ) ( 0 52 49 )
0 50 ( 0 52 50 ) ( 0 55 50 )
0 51 ( 0 48 51 ) ( 0 54 51 )
0 52 ( 0 60 52 ) ( 0 55 52 )
0 53 ( 0 34 53 ) ( 0 54 53 )
0 54 ( 0 60 54 ) ( 0 74 54 )
0 55 ( 0 33 55 ) ( 0 62 72 55 )
0 56 ( 0 69 56 ) ( 0 26 61 11 56 )
0 57 ( 0 61 57 ) ( 0 44 57 )
0 58 ( 0 85 58 ) ( 0 89 15 58 )
0 59 ( 0 19 59 ) ( 0 89 59 )
0 60 ( 0 74 60 ) ( 0 26 60 )
0 61 ( 0 89 61 ) ( 0 52 61 )
0 62 ( 0 72 62 ) ( 0 33 62 )
0 63 ( 0 62 63 ) ( 0 33 63 )
0 64 ( 0 62 64 ) ( 0 55 64 )
0 65 ( 0 72 65 ) ( 0 55 65 )
0 66 ( 0 74 66 ) ( 0 60 66 )
0 67 ( 0 20 67 ) ( 0 37 67 )
0 68 ( 0 72 68 ) ( 0 62 68 )
0 69 ( 0 52 69 ) ( 0 11 69 )
0 72 ( 0 33 72 ) ( 0 68 55 72 )
0 73 ( 0 89 73 ) ( 0 9 73 )
0 74 ( 0 50 74 ) ( 0 66 74 )
0 76 ( 0 14 76 ) ( 0 5 76 )
0 77 ( 0 11 77 ) ( 0 89 77 )
0 78 ( 0 64 78 ) ( 0 89 78 )
0 79 ( 0 89 79 ) ( 0 52 79 )
0 80 ( 0 52 80 ) ( 0 48 80 )
0 81 ( 0 20 81 ) ( 0 34 81 )
0 83 ( 0 89 83 ) ( 0 61 83 )
0 84 ( 0 65 84 ) ( 0 68 72 84 )
0 85 ( 0 61 85 ) ( 0 52 85 )
0 86 ( 0 41 86 ) ( 0 16 86 )
0 87 ( 0 40 87 ) ( 0 88 87 )
0 88 ( 0 47 88 ) ( 0 38 40 88 )
0 89 ( 0 52 89 ) ( 0 54 89 )
1 2 ( 1 83 2 ) ( 1 85 2 )
1 3 ( 1 77 3 ) ( 1 58 3 )
1 4 ( 1 76 4 ) ( 1 24 4 )
1 5 ( 1 42 5 ) ( 1 46 5 )
1 6 ( 1 76 6 ) ( 1 57 6 )
1 8 ( 1 57 8 ) ( 1 43 8 )
1 12 ( 1 46 12 ) ( 1 42 12 )
1 18 ( 1 46 76 18 ) ( 1 4 18 )
1 46 ( 1 18 46 ) ( 1 36 46 )
1 76 ( 1 46 76 ) ( 1 4 76 )
2 3 ( 2 39 3 ) ( 2 29 3 )
2 4 ( 2 8 4 ) ( 2 44 4 )
2 5 ( 2 29 5 ) ( 2 39 5 )
2 6 ( 2 39 6 ) ( 2 19 6 )
2 7 ( 2 51 7 ) ( 2 80 7 )
2 8 ( 2 29 8 ) ( 2 41 8 )
2 9 ( 2 56 9 ) ( 2 69 9 )
2 10 ( 2 56 10 ) ( 2 69 10 )
2 11 ( 2 39 56 11 ) ( 2 29 11 )
2 12 ( 2 29 12 ) ( 2 56 42 12 )
2 13 ( 2 80 13 ) ( 2 39 13 )
2 14 ( 2 56 14 ) ( 2 19 14 )
2 15 ( 2 29 15 ) ( 2 39 15 )
2 16 ( 2 39 16 ) ( 2 41 16 )
2 19 ( 2 39 19 ) ( 2 11 19 )
2 20 ( 2 69 20 ) ( 2 56 20 )
2 21 ( 2 34 21 ) ( 2 48 21 )
2 22 ( 2 41 22 ) ( 2 29 22 )
2 25 ( 2 83 25 ) ( 2 41 25 )
2 26 ( 2 11 26 ) ( 2 61 26 )
2 28 ( 2 34 28 ) ( 2 21 28 )
2 29 ( 2 39 29 ) ( 2 56 29 )
2 32 ( 2 34 32 ) ( 2 39 32 )
2 34 ( 2 39 34 ) ( 2 22 34 )
2 38 ( 2 56 38 ) ( 2 69 11 9 38 )
2 39 ( 2 41 39 ) ( 2 29 39 )
2 41 ( 2 22 41 ) ( 2 29 41 )
2 42 ( 2 56 42 ) ( 2 39 42 )
2 43 ( 2 15 43 ) ( 2 8 43 )
2 44 ( 2 29 44 ) ( 2 56 15 44 )
2 48 ( 2 69 48 ) ( 2 11 48 )
2 49 ( 2 19 49 ) ( 2 5 49 )
2 51 ( 2 39 51 ) ( 2 41 51 )
2 53 ( 2 80 53 ) ( 2 39 53 )
2 56 ( 2 29 56 ) ( 2 22 56 )
2 58 ( 2 39 58 ) ( 2 29 58 )
2 59 ( 2 29 59 ) ( 2 41 59 )
2 61 ( 2 69 61 ) ( 2 56 39 61 )
2 69 ( 2 56 69 ) ( 2 39 41 69 )
2 73 ( 2 44 73 ) ( 2 39 73 )
2 80 ( 2 39 41 80 ) ( 2 29 22 80 )
3 5 ( 3 58 5 ) ( 3 85 8 5 )
3 6 ( 3 43 6 ) ( 3 73 6 )
3 8 ( 3 83 8 ) ( 3 58 44 8 )
3 15 ( 3 85 15 ) ( 3 77 15 )
5 6 ( 5 49 6 ) ( 5 42 6 )
5 8 ( 5 44 8 ) ( 5 59 73 8 )
5 9 ( 5 14 9 ) ( 5 49 9 )
5 11 ( 5 14 11 ) ( 5 49 11 )
5 12 ( 5 42 12 ) ( 5 6 12 )
5 14 ( 5 49 14 ) ( 5 19 14 )
5 15 ( 5 44 15 ) ( 5 59 15 )
6 8 ( 6 59 8 ) ( 6 12 8 )
6 12 ( 6 42 12 ) ( 6 5 12 )
6 14 ( 6 49 14 ) ( 6 12 14 )
7 13 ( 7 53 13 ) ( 7 51 13 )

EOF