DIMENSIONS
18 sommetsG2
16 sommetsG1
65 dem

SOMMETS
0  New-york  C  40.67  -73.94
1  Los-angeles  C  34.11  -118.41
2  Chicago  C  41.84  -87.68
3  Houston  C  29.77  -95.39
4  Philadelphia  C  40.01  -75.13
5  Phoenix  C  33.54  -112.07
6  San-diego  C  32.81  -117.14
7  San-antonio  T  29.46  -98.51
8  Dallas  C  32.79  -96.77
9  Detroit  C  42.38  -83.1
10  San-jose  C  37.3  -121.85
11  Jacksonville  C  30.33  -81.66
12  Indianapolis  C  39.78  -86.15
13  San-francisco  C  37.77  -122.45
14  Columbus  C  39.99  -82.99
15  Austin  T  30.31  -97.75
16  Memphis  C  35.11  -90.01
17  Baltimore  C  39.3  -76.61

DEMANDES
0 1 ( 0 12 1 ) ( 0 5 1 )
0 2 ( 0 17 2 ) ( 0 14 12 2 )
0 3 ( 0 16 3 ) ( 0 14 3 )
0 4 ( 0 17 4 ) ( 0 14 4 )
0 5 ( 0 4 5 ) ( 0 16 5 )
0 6 ( 0 14 6 ) ( 0 4 6 )
0 8 ( 0 4 14 8 ) ( 0 2 8 )
0 9 ( 0 4 17 9 ) ( 0 14 9 )
0 10 ( 0 14 10 ) ( 0 9 10 )
0 11 ( 0 9 11 ) ( 0 12 11 )
0 12 ( 0 4 12 ) ( 0 17 14 12 )
0 13 ( 0 14 13 ) ( 0 12 13 )
0 14 ( 0 9 14 ) ( 0 12 14 )
0 16 ( 0 4 16 ) ( 0 9 16 )
0 17 ( 0 4 17 ) ( 0 9 17 )
1 2 ( 1 5 2 ) ( 1 12 2 )
1 3 ( 1 5 3 ) ( 1 8 3 )
1 4 ( 1 14 4 ) ( 1 12 17 4 )
1 5 ( 1 8 5 ) ( 1 3 5 )
1 6 ( 1 10 6 ) ( 1 13 6 )
1 8 ( 1 3 8 ) ( 1 13 8 )
1 9 ( 1 6 9 ) ( 1 14 9 )
1 10 ( 1 16 10 ) ( 1 12 10 )
1 11 ( 1 5 11 ) ( 1 3 11 )
1 12 ( 1 5 12 ) ( 1 2 12 )
1 13 ( 1 10 13 ) ( 1 6 13 )
1 14 ( 1 12 14 ) ( 1 8 16 14 )
1 16 ( 1 8 16 ) ( 1 6 16 )
2 3 ( 2 9 3 ) ( 2 11 3 )
2 4 ( 2 12 4 ) ( 2 0 4 )
2 5 ( 2 8 5 ) ( 2 16 5 )
2 6 ( 2 8 6 ) ( 2 3 6 )
2 8 ( 2 16 8 ) ( 2 14 8 )
2 9 ( 2 16 9 ) ( 2 3 9 )
2 10 ( 2 5 10 ) ( 2 1 10 )
2 11 ( 2 16 11 ) ( 2 17 11 )
2 12 ( 2 14 12 ) ( 2 9 12 )
2 14 ( 2 12 14 ) ( 2 17 9 14 )
2 16 ( 2 12 16 ) ( 2 14 16 )
2 17 ( 2 9 17 ) ( 2 12 17 )
3 4 ( 3 16 4 ) ( 3 14 4 )
3 5 ( 3 16 5 ) ( 3 10 5 )
3 6 ( 3 1 6 ) ( 3 5 10 6 )
3 8 ( 3 16 12 8 ) ( 3 2 8 )
3 9 ( 3 16 9 ) ( 3 12 9 )
3 11 ( 3 12 11 ) ( 3 14 11 )
3 12 ( 3 16 12 ) ( 3 8 2 12 )
3 14 ( 3 8 14 ) ( 3 2 14 )
3 16 ( 3 8 16 ) ( 3 2 16 )
4 9 ( 4 0 14 9 ) ( 4 2 9 )
4 11 ( 4 17 11 ) ( 4 2 11 )
4 12 ( 4 14 12 ) ( 4 9 12 )
4 14 ( 4 2 14 ) ( 4 16 14 )
4 17 ( 4 14 17 ) ( 4 9 17 )
5 6 ( 5 1 13 6 ) ( 5 8 6 )
5 8 ( 5 6 8 ) ( 5 1 8 )
5 10 ( 5 1 10 ) ( 5 13 10 )
5 13 ( 5 1 13 ) ( 5 6 13 )
6 10 ( 6 1 10 ) ( 6 13 10 )
6 13 ( 6 5 1 13 ) ( 6 8 13 )
8 16 ( 8 3 16 ) ( 8 12 16 )
9 12 ( 9 14 12 ) ( 9 17 2 12 )
9 14 ( 9 12 14 ) ( 9 16 2 14 )
10 13 ( 10 5 13 ) ( 10 8 13 )
12 14 ( 12 9 14 ) ( 12 2 14 )

EOF