DIMENSIONS
30 sommetsG2
25 sommetsG1
120 dem

SOMMETS
0  New-york  C  40.67  -73.94
1  Los-angeles  C  34.11  -118.41
2  Chicago  C  41.84  -87.68
3  Houston  C  29.77  -95.39
4  Philadelphia  C  40.01  -75.13
5  Phoenix  T  33.54  -112.07
6  San-diego  C  32.81  -117.14
7  San-antonio  C  29.46  -98.51
8  Dallas  C  32.79  -96.77
9  Detroit  C  42.38  -83.1
10  San-jose  C  37.3  -121.85
11  Jacksonville  T  30.33  -81.66
12  Indianapolis  C  39.78  -86.15
13  San-francisco  C  37.77  -122.45
14  Columbus  C  39.99  -82.99
15  Austin  C  30.31  -97.75
16  Memphis  C  35.11  -90.01
17  Baltimore  C  39.3  -76.61
18  Fort-worth  C  32.75  -97.34
19  El-paso  C  31.85  -106.44
20  Charlotte  C  35.2  -80.83
21  Milwaukee  C  43.06  -87.97
22  Boston  C  42.34  -71.02
23  Seattle  T  47.62  -122.35
24  Denver  C  39.77  -104.87
25  Washington  T  38.91  -77.02
26  Nashville  C  36.17  -86.78
27  Portland  T  45.54  -122.66
28  Las-vegas  C  36.21  -115.22
29  Oklahoma-city  C  35.47  -97.51

DEMANDES
0 1 ( 0 14 1 ) ( 0 26 1 )
0 2 ( 0 12 2 ) ( 0 9 21 2 )
0 3 ( 0 17 3 ) ( 0 14 3 )
0 4 ( 0 22 4 ) ( 0 20 4 )
0 6 ( 0 4 6 ) ( 0 12 6 )
0 7 ( 0 17 7 ) ( 0 4 7 )
0 8 ( 0 16 8 ) ( 0 26 8 )
0 9 ( 0 4 14 9 ) ( 0 12 9 )
0 10 ( 0 14 10 ) ( 0 12 28 10 )
0 12 ( 0 17 12 ) ( 0 2 12 )
0 13 ( 0 12 24 13 ) ( 0 4 14 12 10 13 )
0 14 ( 0 4 14 ) ( 0 20 14 )
0 15 ( 0 4 15 ) ( 0 17 15 )
0 16 ( 0 14 16 ) ( 0 20 16 )
0 17 ( 0 4 22 17 ) ( 0 20 17 )
0 18 ( 0 16 18 ) ( 0 26 18 )
0 19 ( 0 4 19 ) ( 0 8 19 )
0 20 ( 0 17 20 ) ( 0 14 20 )
0 21 ( 0 4 21 ) ( 0 2 21 )
0 22 ( 0 20 22 ) ( 0 9 17 22 )
0 24 ( 0 14 12 24 ) ( 0 2 24 )
0 26 ( 0 4 26 ) ( 0 12 26 )
0 28 ( 0 14 28 ) ( 0 26 28 )
0 29 ( 0 4 29 ) ( 0 12 29 )
1 2 ( 1 29 2 ) ( 1 21 2 )
1 3 ( 1 7 3 ) ( 1 18 3 )
1 4 ( 1 14 4 ) ( 1 12 4 )
1 6 ( 1 10 6 ) ( 1 13 6 )
1 7 ( 1 6 7 ) ( 1 28 7 )
1 8 ( 1 19 8 ) ( 1 6 18 8 )
1 9 ( 1 24 9 ) ( 1 21 9 )
1 10 ( 1 19 10 ) ( 1 24 28 10 )
1 12 ( 1 6 12 ) ( 1 28 29 12 )
1 13 ( 1 10 13 ) ( 1 6 13 )
1 14 ( 1 24 14 ) ( 1 6 14 )
1 15 ( 1 7 15 ) ( 1 28 15 )
1 16 ( 1 29 16 ) ( 1 6 18 16 )
1 17 ( 1 29 17 ) ( 1 12 17 )
1 18 ( 1 28 18 ) ( 1 29 18 )
1 19 ( 1 6 19 ) ( 1 10 19 )
1 20 ( 1 16 20 ) ( 1 29 20 )
1 21 ( 1 24 21 ) ( 1 6 21 )
1 24 ( 1 28 24 ) ( 1 6 24 )
1 26 ( 1 29 26 ) ( 1 28 26 )
1 28 ( 1 10 28 ) ( 1 13 28 )
1 29 ( 1 6 29 ) ( 1 19 29 )
2 3 ( 2 16 3 ) ( 2 8 3 )
2 4 ( 2 9 4 ) ( 2 12 14 4 )
2 6 ( 2 21 6 ) ( 2 18 6 )
2 7 ( 2 8 7 ) ( 2 18 15 7 )
2 8 ( 2 18 8 ) ( 2 29 8 )
2 9 ( 2 12 21 9 ) ( 2 20 9 )
2 10 ( 2 24 10 ) ( 2 28 10 )
2 12 ( 2 21 12 ) ( 2 9 12 )
2 14 ( 2 21 14 ) ( 2 9 12 14 )
2 15 ( 2 8 15 ) ( 2 3 15 )
2 16 ( 2 12 16 ) ( 2 21 16 )
2 17 ( 2 12 17 ) ( 2 20 17 )
2 18 ( 2 8 18 ) ( 2 29 18 )
2 19 ( 2 15 19 ) ( 2 16 29 19 )
2 20 ( 2 14 20 ) ( 2 26 20 )
2 21 ( 2 9 21 ) ( 2 14 21 )
2 22 ( 2 0 22 ) ( 2 12 22 )
2 24 ( 2 21 24 ) ( 2 29 24 )
2 26 ( 2 14 26 ) ( 2 9 26 )
2 29 ( 2 21 29 ) ( 2 16 29 )
3 4 ( 3 17 4 ) ( 3 20 4 )
3 6 ( 3 19 6 ) ( 3 8 6 )
3 7 ( 3 15 7 ) ( 3 8 7 )
3 8 ( 3 15 8 ) ( 3 7 8 )
3 9 ( 3 12 9 ) ( 3 14 9 )
3 12 ( 3 26 12 ) ( 3 15 12 )
3 14 ( 3 26 14 ) ( 3 16 14 )
3 15 ( 3 18 15 ) ( 3 7 18 8 15 )
3 16 ( 3 8 16 ) ( 3 18 16 )
3 18 ( 3 7 15 18 ) ( 3 29 18 )
3 19 ( 3 15 19 ) ( 3 18 19 )
3 20 ( 3 8 20 ) ( 3 15 20 )
3 21 ( 3 16 21 ) ( 3 8 21 )
3 24 ( 3 18 24 ) ( 3 7 24 )
3 26 ( 3 18 16 26 ) ( 3 29 26 )
3 29 ( 3 18 29 ) ( 3 7 15 29 )
4 8 ( 4 16 8 ) ( 4 17 14 8 )
4 9 ( 4 17 9 ) ( 4 14 9 )
4 12 ( 4 14 12 ) ( 4 17 12 )
4 14 ( 4 17 14 ) ( 4 9 14 )
4 17 ( 4 22 17 ) ( 4 9 17 )
4 20 ( 4 9 20 ) ( 4 2 20 )
4 22 ( 4 0 22 ) ( 4 17 22 )
4 26 ( 4 12 26 ) ( 4 9 26 )
6 7 ( 6 28 7 ) ( 6 18 7 )
6 10 ( 6 19 10 ) ( 6 7 10 )
6 13 ( 6 10 13 ) ( 6 28 13 )
6 19 ( 6 1 19 ) ( 6 10 19 )
6 28 ( 6 10 28 ) ( 6 19 1 28 )
7 8 ( 7 15 8 ) ( 7 3 15 29 8 )
7 15 ( 7 3 15 ) ( 7 8 15 )
7 16 ( 7 15 16 ) ( 7 3 16 )
7 18 ( 7 15 8 18 ) ( 7 19 18 )
7 19 ( 7 15 18 19 ) ( 7 8 19 )
7 29 ( 7 18 29 ) ( 7 15 29 )
8 12 ( 8 16 12 ) ( 8 21 12 )
8 15 ( 8 7 15 ) ( 8 3 15 )
8 16 ( 8 18 16 ) ( 8 3 16 )
8 18 ( 8 15 18 ) ( 8 29 18 )
8 19 ( 8 15 7 19 ) ( 8 18 29 19 )
8 29 ( 8 15 29 ) ( 8 3 15 18 29 )
9 12 ( 9 14 12 ) ( 9 2 12 )
9 14 ( 9 12 14 ) ( 9 2 14 )
9 17 ( 9 0 17 ) ( 9 20 17 )
9 21 ( 9 12 21 ) ( 9 14 12 2 21 )
10 13 ( 10 1 13 ) ( 10 28 13 )
12 14 ( 12 9 14 ) ( 12 2 26 14 )
12 16 ( 12 14 26 16 ) ( 12 21 16 )
12 21 ( 12 9 21 ) ( 12 14 2 21 )
12 26 ( 12 16 26 ) ( 12 2 21 26 )
14 20 ( 14 9 20 ) ( 14 16 20 )
15 18 ( 15 8 18 ) ( 15 29 18 )
16 26 ( 16 14 26 ) ( 16 12 2 26 )
18 29 ( 18 15 29 ) ( 18 8 3 29 )

EOF