DIMENSIONS
45 sommetsG2
40 sommetsG1
110 dem

SOMMETS
0  New-york  C  40.67  -73.94
1  Los-angeles  C  34.11  -118.41
2  Chicago  C  41.84  -87.68
3  Houston  C  29.77  -95.39
4  Philadelphia  C  40.01  -75.13
5  Phoenix  C  33.54  -112.07
6  San-diego  C  32.81  -117.14
7  San-antonio  C  29.46  -98.51
8  Dallas  T  32.79  -96.77
9  Detroit  C  42.38  -83.1
10  San-jose  C  37.3  -121.85
11  Jacksonville  C  30.33  -81.66
12  Indianapolis  C  39.78  -86.15
13  San-francisco  C  37.77  -122.45
14  Columbus  C  39.99  -82.99
15  Austin  C  30.31  -97.75
16  Memphis  C  35.11  -90.01
17  Baltimore  T  39.3  -76.61
18  Fort-worth  C  32.75  -97.34
19  El-paso  C  31.85  -106.44
20  Charlotte  C  35.2  -80.83
21  Milwaukee  C  43.06  -87.97
22  Boston  C  42.34  -71.02
23  Seattle  C  47.62  -122.35
24  Denver  C  39.77  -104.87
25  Washington  C  38.91  -77.02
26  Nashville  C  36.17  -86.78
27  Portland  C  45.54  -122.66
28  Las-vegas  C  36.21  -115.22
29  Oklahoma-city  C  35.47  -97.51
30  Tucson  C  32.2  -110.89
31  Long-beach  C  33.79  -118.16
32  Albuquerque  C  35.12  -106.62
33  New-orleans  C  30.07  -89.93
34  Cleveland  C  41.48  -81.68
35  Fresno  T  36.78  -119.79
36  Sacramento  C  38.57  -121.47
37  Virginia-beach  T  36.74  -76.04
38  Kansas-city  C  39.12  -94.55
39  Mesa  C  33.42  -111.74
40  Atlanta  C  33.76  -84.42
41  Omaha  T  41.26  -96.01
42  Oakland  C  37.77  -122.22
43  Tulsa  C  36.13  -95.92
44  Honolulu  C  21.32  -157.8

DEMANDES
0 1 ( 0 32 1 ) ( 0 43 1 )
0 2 ( 0 34 2 ) ( 0 14 12 2 )
0 3 ( 0 4 3 ) ( 0 40 3 )
0 4 ( 0 34 4 ) ( 0 20 4 )
0 5 ( 0 29 5 ) ( 0 14 5 )
0 6 ( 0 43 6 ) ( 0 39 6 )
0 7 ( 0 4 7 ) ( 0 25 7 )
0 9 ( 0 34 9 ) ( 0 14 9 )
0 10 ( 0 14 10 ) ( 0 38 10 )
0 11 ( 0 25 11 ) ( 0 20 40 11 )
0 12 ( 0 14 12 ) ( 0 4 34 12 )
0 13 ( 0 14 13 ) ( 0 12 13 )
0 14 ( 0 25 14 ) ( 0 34 14 )
0 15 ( 0 4 15 ) ( 0 40 15 )
0 16 ( 0 26 16 ) ( 0 4 16 )
0 18 ( 0 16 18 ) ( 0 26 18 )
0 19 ( 0 26 19 ) ( 0 16 19 )
0 20 ( 0 34 20 ) ( 0 22 20 )
0 21 ( 0 4 9 21 ) ( 0 14 21 )
0 22 ( 0 25 22 ) ( 0 34 25 4 22 )
0 23 ( 0 21 23 ) ( 0 14 23 )
0 24 ( 0 12 24 ) ( 0 4 24 )
0 25 ( 0 4 25 ) ( 0 20 25 )
0 26 ( 0 25 26 ) ( 0 9 26 )
0 28 ( 0 14 28 ) ( 0 12 28 )
0 29 ( 0 43 29 ) ( 0 4 29 )
0 30 ( 0 26 30 ) ( 0 25 30 )
0 32 ( 0 43 32 ) ( 0 14 32 )
0 33 ( 0 4 33 ) ( 0 25 33 )
0 34 ( 0 4 34 ) ( 0 25 34 )
0 38 ( 0 14 38 ) ( 0 12 38 )
0 39 ( 0 29 39 ) ( 0 32 39 )
0 40 ( 0 25 40 ) ( 0 20 40 )
0 43 ( 0 14 43 ) ( 0 34 43 )
1 2 ( 1 28 2 ) ( 1 32 2 )
1 3 ( 1 15 3 ) ( 1 30 3 )
1 4 ( 1 32 4 ) ( 1 12 4 )
1 5 ( 1 39 5 ) ( 1 28 5 )
1 6 ( 1 31 6 ) ( 1 28 6 )
1 7 ( 1 19 7 ) ( 1 5 32 7 )
1 10 ( 1 31 10 ) ( 1 42 10 )
1 13 ( 1 31 13 ) ( 1 36 13 )
1 15 ( 1 30 15 ) ( 1 31 19 15 )
1 18 ( 1 31 18 ) ( 1 19 18 )
1 19 ( 1 5 19 ) ( 1 31 19 )
1 23 ( 1 42 23 ) ( 1 13 23 )
1 24 ( 1 28 24 ) ( 1 19 24 )
1 27 ( 1 31 27 ) ( 1 42 27 )
1 28 ( 1 31 28 ) ( 1 6 28 )
1 30 ( 1 39 30 ) ( 1 28 30 )
1 31 ( 1 28 31 ) ( 1 10 36 31 )
1 32 ( 1 5 32 ) ( 1 30 32 )
1 36 ( 1 10 36 ) ( 1 31 36 )
1 39 ( 1 31 39 ) ( 1 6 39 )
1 42 ( 1 31 13 42 ) ( 1 36 42 )
2 3 ( 2 43 3 ) ( 2 21 3 )
2 4 ( 2 34 4 ) ( 2 14 4 )
2 5 ( 2 32 5 ) ( 2 29 39 5 )
2 7 ( 2 3 7 ) ( 2 29 7 )
2 9 ( 2 12 9 ) ( 2 26 34 9 )
2 11 ( 2 40 11 ) ( 2 26 11 )
2 12 ( 2 21 12 ) ( 2 38 12 )
2 14 ( 2 12 14 ) ( 2 9 14 )
2 15 ( 2 43 15 ) ( 2 16 15 )
2 16 ( 2 21 16 ) ( 2 14 16 )
2 18 ( 2 43 18 ) ( 2 38 18 )
2 20 ( 2 12 20 ) ( 2 21 20 )
2 21 ( 2 14 21 ) ( 2 34 21 )
2 25 ( 2 34 25 ) ( 2 9 25 )
2 26 ( 2 14 26 ) ( 2 16 26 )
2 29 ( 2 43 29 ) ( 2 38 29 )
2 33 ( 2 16 33 ) ( 2 26 33 )
2 34 ( 2 9 34 ) ( 2 12 34 )
2 38 ( 2 16 38 ) ( 2 29 38 )
2 40 ( 2 26 40 ) ( 2 14 40 )
2 43 ( 2 16 43 ) ( 2 18 43 )
3 5 ( 3 15 5 ) ( 3 7 5 )
3 7 ( 3 15 7 ) ( 3 43 7 )
3 15 ( 3 29 15 ) ( 3 38 15 )
3 16 ( 3 33 16 ) ( 3 15 16 )
3 18 ( 3 7 18 ) ( 3 33 18 )
3 29 ( 3 15 29 ) ( 3 43 29 )
3 33 ( 3 43 29 33 ) ( 3 11 33 )
3 43 ( 3 18 43 ) ( 3 29 43 )
4 9 ( 4 34 14 9 ) ( 4 20 9 )
4 14 ( 4 25 14 ) ( 4 34 14 )
4 22 ( 4 20 22 ) ( 4 14 22 )
4 25 ( 4 22 25 ) ( 4 20 25 )
5 6 ( 5 39 6 ) ( 5 10 6 )
5 19 ( 5 39 19 ) ( 5 30 39 32 19 )
5 28 ( 5 6 28 ) ( 5 1 28 )
5 30 ( 5 39 30 ) ( 5 28 30 )
5 39 ( 5 28 39 ) ( 5 6 39 )
6 10 ( 6 1 10 ) ( 6 42 10 )
6 28 ( 6 31 28 ) ( 6 1 28 )
6 31 ( 6 10 1 31 ) ( 6 39 31 )
7 15 ( 7 18 15 ) ( 7 43 3 15 )
7 18 ( 7 29 18 ) ( 7 43 15 18 )
9 12 ( 9 14 12 ) ( 9 21 12 )
9 14 ( 9 34 14 ) ( 9 12 14 )
9 34 ( 9 14 34 ) ( 9 21 2 34 )
10 13 ( 10 36 13 ) ( 10 42 31 13 )
10 36 ( 10 1 36 ) ( 10 31 36 )
10 42 ( 10 13 42 ) ( 10 1 42 )
12 14 ( 12 34 14 ) ( 12 26 14 )
13 36 ( 13 42 10 36 ) ( 13 31 36 )
13 42 ( 13 36 42 ) ( 13 1 42 )
14 34 ( 14 2 34 ) ( 14 25 34 )
15 18 ( 15 3 18 ) ( 15 43 18 )
36 42 ( 36 13 42 ) ( 36 31 42 )

EOF