DIMENSIONS
65 sommetsG2
60 sommetsG1
110 dem

SOMMETS
0  New-york  C  40.67  -73.94
1  Los-angeles  C  34.11  -118.41
2  Chicago  C  41.84  -87.68
3  Houston  C  29.77  -95.39
4  Philadelphia  C  40.01  -75.13
5  Phoenix  C  33.54  -112.07
6  San-diego  C  32.81  -117.14
7  San-antonio  C  29.46  -98.51
8  Dallas  C  32.79  -96.77
9  Detroit  C  42.38  -83.1
10  San-jose  C  37.3  -121.85
11  Jacksonville  C  30.33  -81.66
12  Indianapolis  C  39.78  -86.15
13  San-francisco  C  37.77  -122.45
14  Columbus  C  39.99  -82.99
15  Austin  C  30.31  -97.75
16  Memphis  C  35.11  -90.01
17  Baltimore  C  39.3  -76.61
18  Fort-worth  C  32.75  -97.34
19  El-paso  C  31.85  -106.44
20  Charlotte  C  35.2  -80.83
21  Milwaukee  C  43.06  -87.97
22  Boston  C  42.34  -71.02
23  Seattle  C  47.62  -122.35
24  Denver  C  39.77  -104.87
25  Washington  T  38.91  -77.02
26  Nashville  C  36.17  -86.78
27  Portland  C  45.54  -122.66
28  Las-vegas  C  36.21  -115.22
29  Oklahoma-city  C  35.47  -97.51
30  Tucson  C  32.2  -110.89
31  Long-beach  C  33.79  -118.16
32  Albuquerque  C  35.12  -106.62
33  New-orleans  C  30.07  -89.93
34  Cleveland  C  41.48  -81.68
35  Fresno  C  36.78  -119.79
36  Sacramento  C  38.57  -121.47
37  Virginia-beach  C  36.74  -76.04
38  Kansas-city  C  39.12  -94.55
39  Mesa  C  33.42  -111.74
40  Atlanta  C  33.76  -84.42
41  Omaha  C  41.26  -96.01
42  Oakland  C  37.77  -122.22
43  Tulsa  C  36.13  -95.92
44  Honolulu  C  21.32  -157.8
45  Miami  C  25.78  -80.21
46  Minneapolis  C  44.96  -93.27
47  Colorado-springs  C  38.86  -104.76
48  Arlington  C  32.69  -97.13
49  Wichita  C  37.69  -97.34
50  Santa-ana  T  33.74  -117.88
51  Anaheim  T  33.84  -117.87
52  Saint-louis  C  38.64  -90.24
53  Raleigh  C  35.82  -78.66
54  Pittsburgh  T  40.44  -79.98
55  Tampa  C  27.96  -82.48
56  Cincinnati  C  39.14  -84.51
57  Toledo  C  41.66  -83.58
58  Aurora  C  39.71  -104.73
59  Riverside  T  33.94  -117.4
60  Buffalo  C  42.89  -78.86
61  Corpus-christi  C  27.71  -97.29
62  Newark  C  40.72  -74.17
63  Saint-paul  C  44.95  -93.1
64  Bakersfield  C  35.36  -119

DEMANDES
0 1 ( 0 14 1 ) ( 0 32 1 )
0 2 ( 0 62 2 ) ( 0 34 2 )
0 3 ( 0 20 3 ) ( 0 4 26 3 )
0 4 ( 0 62 4 ) ( 0 37 4 )
0 5 ( 0 62 5 ) ( 0 56 32 5 )
0 6 ( 0 5 6 ) ( 0 39 6 )
0 7 ( 0 4 7 ) ( 0 17 26 7 )
0 8 ( 0 17 26 8 ) ( 0 56 8 )
0 9 ( 0 34 9 ) ( 0 60 9 )
0 10 ( 0 12 10 ) ( 0 14 10 )
0 11 ( 0 37 11 ) ( 0 4 53 11 )
0 12 ( 0 62 14 12 ) ( 0 4 12 )
0 14 ( 0 34 14 ) ( 0 57 14 )
0 15 ( 0 17 15 ) ( 0 62 15 )
0 16 ( 0 4 16 ) ( 0 17 16 )
0 17 ( 0 4 17 ) ( 0 37 17 )
0 18 ( 0 26 18 ) ( 0 4 16 18 )
0 19 ( 0 4 19 ) ( 0 43 19 )
0 20 ( 0 4 20 ) ( 0 17 20 )
0 21 ( 0 62 21 ) ( 0 57 21 )
0 22 ( 0 62 22 ) ( 0 17 4 22 )
0 24 ( 0 62 24 ) ( 0 14 12 24 )
0 26 ( 0 37 26 ) ( 0 60 56 26 )
0 29 ( 0 43 29 ) ( 0 56 29 )
0 33 ( 0 40 33 ) ( 0 4 33 )
0 34 ( 0 62 34 ) ( 0 60 34 )
0 37 ( 0 62 17 37 ) ( 0 4 53 37 )
0 38 ( 0 62 38 ) ( 0 4 38 )
0 40 ( 0 4 40 ) ( 0 20 40 )
0 41 ( 0 2 41 ) ( 0 9 41 )
0 43 ( 0 62 43 ) ( 0 56 43 )
0 45 ( 0 62 45 ) ( 0 4 45 )
0 46 ( 0 62 46 ) ( 0 63 46 )
0 49 ( 0 52 49 ) ( 0 38 49 )
0 52 ( 0 14 52 ) ( 0 17 52 )
0 53 ( 0 4 53 ) ( 0 62 53 )
0 55 ( 0 37 55 ) ( 0 11 55 )
0 56 ( 0 62 56 ) ( 0 4 56 )
0 57 ( 0 34 57 ) ( 0 62 57 )
0 60 ( 0 62 60 ) ( 0 17 60 )
0 62 ( 0 4 62 ) ( 0 17 62 )
0 63 ( 0 9 63 ) ( 0 57 63 )
1 2 ( 1 49 2 ) ( 1 32 2 )
1 3 ( 1 30 15 3 ) ( 1 5 3 )
1 5 ( 1 31 5 ) ( 1 6 5 )
1 6 ( 1 31 6 ) ( 1 10 6 )
1 7 ( 1 30 7 ) ( 1 5 19 7 )
1 8 ( 1 5 8 ) ( 1 18 8 )
1 10 ( 1 13 10 ) ( 1 36 10 )
1 13 ( 1 10 42 13 ) ( 1 35 13 )
1 19 ( 1 5 19 ) ( 1 31 19 )
1 23 ( 1 35 23 ) ( 1 36 27 23 )
1 27 ( 1 64 35 27 ) ( 1 10 27 )
1 28 ( 1 35 28 ) ( 1 6 5 28 )
1 30 ( 1 5 30 ) ( 1 28 30 )
1 31 ( 1 64 31 ) ( 1 6 31 )
1 32 ( 1 5 32 ) ( 1 30 32 )
1 35 ( 1 64 35 ) ( 1 6 35 )
1 36 ( 1 64 36 ) ( 1 35 36 )
1 39 ( 1 5 39 ) ( 1 31 39 )
1 42 ( 1 13 42 ) ( 1 31 42 )
1 64 ( 1 6 64 ) ( 1 28 64 )
2 3 ( 2 8 3 ) ( 2 12 3 )
2 4 ( 2 34 4 ) ( 2 14 4 )
2 7 ( 2 48 7 ) ( 2 43 18 7 )
2 8 ( 2 52 48 8 ) ( 2 38 8 )
2 9 ( 2 12 9 ) ( 2 14 9 )
2 12 ( 2 21 12 ) ( 2 14 12 )
2 14 ( 2 12 14 ) ( 2 57 14 )
2 16 ( 2 52 16 ) ( 2 26 16 )
2 20 ( 2 12 20 ) ( 2 14 20 )
2 21 ( 2 12 21 ) ( 2 52 21 )
2 26 ( 2 12 26 ) ( 2 56 26 )
2 34 ( 2 12 57 34 ) ( 2 21 34 )
2 38 ( 2 21 52 38 ) ( 2 63 38 )
2 46 ( 2 21 46 ) ( 2 52 46 )
2 52 ( 2 21 52 ) ( 2 12 52 )
2 56 ( 2 12 56 ) ( 2 21 56 )
2 57 ( 2 9 57 ) ( 2 14 57 )
3 7 ( 3 15 7 ) ( 3 48 7 )
3 8 ( 3 15 8 ) ( 3 61 8 )
3 15 ( 3 8 15 ) ( 3 48 18 15 )
3 18 ( 3 7 18 ) ( 3 61 18 )
3 29 ( 3 49 29 ) ( 3 61 29 )
3 33 ( 3 8 33 ) ( 3 48 33 )
3 48 ( 3 8 48 ) ( 3 15 8 18 48 )
3 61 ( 3 7 61 ) ( 3 29 61 )
4 17 ( 4 0 17 ) ( 4 60 17 )
4 37 ( 4 62 37 ) ( 4 0 37 )
4 62 ( 4 37 62 ) ( 4 22 62 )
5 6 ( 5 28 6 ) ( 5 30 6 )
5 30 ( 5 28 30 ) ( 5 31 30 )
5 39 ( 5 32 39 ) ( 5 19 30 39 )
6 31 ( 6 35 31 ) ( 6 5 31 )
7 8 ( 7 15 8 ) ( 7 61 48 8 )
7 15 ( 7 61 15 ) ( 7 3 15 )
7 18 ( 7 15 18 ) ( 7 48 18 )
8 15 ( 8 18 15 ) ( 8 3 15 )
8 18 ( 8 15 18 ) ( 8 43 18 )
8 29 ( 8 48 29 ) ( 8 43 29 )
8 48 ( 8 18 48 ) ( 8 3 48 )
9 14 ( 9 56 14 ) ( 9 12 14 )
9 34 ( 9 57 34 ) ( 9 14 34 )
9 57 ( 9 14 34 57 ) ( 9 12 56 57 )
10 13 ( 10 64 13 ) ( 10 28 13 )
10 36 ( 10 42 36 ) ( 10 13 36 )
10 42 ( 10 36 42 ) ( 10 35 42 )
13 36 ( 13 42 36 ) ( 13 35 10 36 )
13 42 ( 13 10 42 ) ( 13 35 42 )
18 48 ( 18 15 48 ) ( 18 8 29 48 )

EOF