DIMENSIONS
60 sommetsG2
55 sommetsG1
150 dem

SOMMETS
0  New-york  C  40.67  -73.94
1  Los-angeles  C  34.11  -118.41
2  Chicago  C  41.84  -87.68
3  Houston  C  29.77  -95.39
4  Philadelphia  C  40.01  -75.13
5  Phoenix  C  33.54  -112.07
6  San-diego  C  32.81  -117.14
7  San-antonio  C  29.46  -98.51
8  Dallas  C  32.79  -96.77
9  Detroit  C  42.38  -83.1
10  San-jose  C  37.3  -121.85
11  Jacksonville  C  30.33  -81.66
12  Indianapolis  C  39.78  -86.15
13  San-francisco  C  37.77  -122.45
14  Columbus  C  39.99  -82.99
15  Austin  C  30.31  -97.75
16  Memphis  C  35.11  -90.01
17  Baltimore  C  39.3  -76.61
18  Fort-worth  C  32.75  -97.34
19  El-paso  C  31.85  -106.44
20  Charlotte  C  35.2  -80.83
21  Milwaukee  C  43.06  -87.97
22  Boston  C  42.34  -71.02
23  Seattle  T  47.62  -122.35
24  Denver  C  39.77  -104.87
25  Washington  C  38.91  -77.02
26  Nashville  C  36.17  -86.78
27  Portland  C  45.54  -122.66
28  Las-vegas  C  36.21  -115.22
29  Oklahoma-city  C  35.47  -97.51
30  Tucson  C  32.2  -110.89
31  Long-beach  C  33.79  -118.16
32  Albuquerque  C  35.12  -106.62
33  New-orleans  C  30.07  -89.93
34  Cleveland  C  41.48  -81.68
35  Fresno  C  36.78  -119.79
36  Sacramento  C  38.57  -121.47
37  Virginia-beach  C  36.74  -76.04
38  Kansas-city  C  39.12  -94.55
39  Mesa  C  33.42  -111.74
40  Atlanta  C  33.76  -84.42
41  Omaha  C  41.26  -96.01
42  Oakland  C  37.77  -122.22
43  Tulsa  C  36.13  -95.92
44  Honolulu  C  21.32  -157.8
45  Miami  C  25.78  -80.21
46  Minneapolis  T  44.96  -93.27
47  Colorado-springs  T  38.86  -104.76
48  Arlington  C  32.69  -97.13
49  Wichita  C  37.69  -97.34
50  Santa-ana  T  33.74  -117.88
51  Anaheim  C  33.84  -117.87
52  Saint-louis  C  38.64  -90.24
53  Raleigh  C  35.82  -78.66
54  Pittsburgh  T  40.44  -79.98
55  Tampa  C  27.96  -82.48
56  Cincinnati  C  39.14  -84.51
57  Toledo  C  41.66  -83.58
58  Aurora  C  39.71  -104.73
59  Riverside  C  33.94  -117.4

DEMANDES
0 1 ( 0 52 1 ) ( 0 56 52 49 1 )
0 2 ( 0 9 2 ) ( 0 4 2 )
0 3 ( 0 17 3 ) ( 0 26 3 )
0 4 ( 0 17 4 ) ( 0 25 4 )
0 5 ( 0 56 39 5 ) ( 0 14 5 )
0 6 ( 0 56 6 ) ( 0 43 6 )
0 7 ( 0 17 7 ) ( 0 3 7 )
0 8 ( 0 16 8 ) ( 0 4 17 56 8 )
0 9 ( 0 4 9 ) ( 0 25 34 9 )
0 10 ( 0 12 10 ) ( 0 14 10 )
0 11 ( 0 53 11 ) ( 0 4 11 )
0 12 ( 0 17 12 ) ( 0 34 12 )
0 13 ( 0 42 13 ) ( 0 14 13 )
0 14 ( 0 17 14 ) ( 0 34 14 )
0 15 ( 0 4 15 ) ( 0 17 15 )
0 16 ( 0 17 16 ) ( 0 56 16 )
0 17 ( 0 4 17 ) ( 0 37 17 )
0 18 ( 0 16 18 ) ( 0 17 18 )
0 19 ( 0 56 19 ) ( 0 43 19 )
0 20 ( 0 4 20 ) ( 0 37 20 )
0 21 ( 0 34 21 ) ( 0 57 21 )
0 22 ( 0 4 22 ) ( 0 25 4 17 22 )
0 24 ( 0 14 38 24 ) ( 0 56 24 )
0 25 ( 0 20 25 ) ( 0 14 17 25 )
0 26 ( 0 4 26 ) ( 0 25 26 )
0 28 ( 0 49 28 ) ( 0 12 28 )
0 29 ( 0 4 43 29 ) ( 0 14 29 )
0 30 ( 0 29 30 ) ( 0 4 30 )
0 32 ( 0 56 32 ) ( 0 52 32 )
0 33 ( 0 40 33 ) ( 0 4 33 )
0 34 ( 0 17 34 ) ( 0 25 34 )
0 37 ( 0 17 37 ) ( 0 25 37 )
0 38 ( 0 14 38 ) ( 0 52 38 )
0 39 ( 0 56 39 ) ( 0 29 39 )
0 40 ( 0 17 40 ) ( 0 14 40 )
0 41 ( 0 57 41 ) ( 0 2 41 )
0 43 ( 0 17 43 ) ( 0 25 43 )
0 45 ( 0 37 45 ) ( 0 4 45 )
0 48 ( 0 16 48 ) ( 0 8 48 )
0 49 ( 0 14 12 49 ) ( 0 17 49 )
0 52 ( 0 14 52 ) ( 0 4 56 52 )
0 53 ( 0 4 53 ) ( 0 22 53 )
0 55 ( 0 11 55 ) ( 0 25 55 )
0 56 ( 0 17 56 ) ( 0 25 56 )
0 57 ( 0 4 57 ) ( 0 17 57 )
1 2 ( 1 38 2 ) ( 1 49 2 )
1 3 ( 1 15 3 ) ( 1 59 39 3 )
1 4 ( 1 56 4 ) ( 1 52 4 )
1 5 ( 1 59 5 ) ( 1 51 5 )
1 6 ( 1 51 6 ) ( 1 28 6 )
1 7 ( 1 59 7 ) ( 1 5 7 )
1 8 ( 1 5 8 ) ( 1 18 8 )
1 10 ( 1 35 10 ) ( 1 31 10 )
1 13 ( 1 42 13 ) ( 1 35 13 )
1 15 ( 1 59 15 ) ( 1 51 15 )
1 18 ( 1 59 18 ) ( 1 5 39 18 )
1 19 ( 1 39 19 ) ( 1 51 5 19 )
1 24 ( 1 51 24 ) ( 1 31 24 )
1 27 ( 1 35 27 ) ( 1 13 27 )
1 28 ( 1 31 6 28 ) ( 1 51 35 28 )
1 30 ( 1 51 30 ) ( 1 28 59 30 )
1 31 ( 1 59 51 31 ) ( 1 6 31 )
1 32 ( 1 51 32 ) ( 1 31 32 )
1 35 ( 1 59 35 ) ( 1 6 35 )
1 36 ( 1 35 36 ) ( 1 42 36 )
1 39 ( 1 59 39 ) ( 1 51 31 39 )
1 42 ( 1 10 42 ) ( 1 13 42 )
1 51 ( 1 31 51 ) ( 1 59 51 )
1 59 ( 1 51 59 ) ( 1 31 59 )
2 3 ( 2 16 3 ) ( 2 12 3 )
2 4 ( 2 57 4 ) ( 2 14 4 )
2 5 ( 2 32 5 ) ( 2 38 5 )
2 7 ( 2 8 7 ) ( 2 48 7 )
2 8 ( 2 43 8 ) ( 2 48 8 )
2 9 ( 2 57 9 ) ( 2 12 9 )
2 11 ( 2 12 11 ) ( 2 40 11 )
2 12 ( 2 56 12 ) ( 2 14 12 )
2 14 ( 2 9 14 ) ( 2 21 14 )
2 15 ( 2 8 15 ) ( 2 52 48 15 )
2 16 ( 2 12 16 ) ( 2 26 16 )
2 17 ( 2 56 25 17 ) ( 2 21 17 )
2 18 ( 2 52 18 ) ( 2 43 18 )
2 20 ( 2 14 20 ) ( 2 21 56 20 )
2 21 ( 2 12 21 ) ( 2 57 21 )
2 25 ( 2 14 25 ) ( 2 34 25 )
2 26 ( 2 21 26 ) ( 2 52 26 )
2 29 ( 2 38 29 ) ( 2 21 29 )
2 33 ( 2 26 33 ) ( 2 12 33 )
2 34 ( 2 57 34 ) ( 2 14 34 )
2 38 ( 2 21 38 ) ( 2 16 38 )
2 40 ( 2 21 40 ) ( 2 56 26 40 )
2 41 ( 2 21 41 ) ( 2 12 41 )
2 43 ( 2 49 43 ) ( 2 16 43 )
2 52 ( 2 12 52 ) ( 2 57 52 )
2 56 ( 2 9 56 ) ( 2 34 56 )
2 57 ( 2 9 57 ) ( 2 14 56 57 )
3 5 ( 3 19 30 5 ) ( 3 7 30 39 5 )
3 7 ( 3 8 7 ) ( 3 18 48 7 )
3 8 ( 3 48 8 ) ( 3 18 15 8 )
3 15 ( 3 8 48 15 ) ( 3 43 15 )
3 16 ( 3 8 16 ) ( 3 33 16 )
3 18 ( 3 48 18 ) ( 3 15 18 )
3 29 ( 3 48 29 ) ( 3 18 29 )
3 33 ( 3 15 33 ) ( 3 48 33 )
3 43 ( 3 48 43 ) ( 3 18 43 )
3 48 ( 3 8 48 ) ( 3 18 48 )
4 9 ( 4 14 9 ) ( 4 37 9 )
4 14 ( 4 17 14 ) ( 4 56 14 )
4 17 ( 4 0 17 ) ( 4 20 17 )
4 22 ( 4 0 22 ) ( 4 25 22 )
4 25 ( 4 53 25 ) ( 4 34 25 )
4 37 ( 4 17 37 ) ( 4 25 37 )
5 6 ( 5 59 51 6 ) ( 5 31 6 )
5 19 ( 5 39 19 ) ( 5 30 19 )
5 28 ( 5 39 28 ) ( 5 30 28 )
5 30 ( 5 39 30 ) ( 5 6 30 )
5 39 ( 5 28 39 ) ( 5 19 39 )
6 10 ( 6 1 10 ) ( 6 51 31 10 )
6 28 ( 6 59 28 ) ( 6 1 59 31 28 )
6 31 ( 6 1 31 ) ( 6 59 28 31 )
6 51 ( 6 31 51 ) ( 6 1 51 )
6 59 ( 6 51 59 ) ( 6 1 59 )
7 8 ( 7 48 8 ) ( 7 15 18 8 )
7 15 ( 7 3 15 ) ( 7 29 15 )
7 18 ( 7 15 18 ) ( 7 48 18 )
7 48 ( 7 18 48 ) ( 7 15 8 48 )
8 15 ( 8 48 15 ) ( 8 18 15 )
8 18 ( 8 15 18 ) ( 8 29 18 )
8 29 ( 8 48 29 ) ( 8 18 29 )
8 43 ( 8 18 43 ) ( 8 48 29 43 )
8 48 ( 8 18 48 ) ( 8 29 48 )
9 12 ( 9 57 12 ) ( 9 14 12 )
9 14 ( 9 56 14 ) ( 9 2 14 )
9 34 ( 9 14 34 ) ( 9 56 12 34 )
9 57 ( 9 56 57 ) ( 9 2 57 )
10 13 ( 10 42 13 ) ( 10 35 13 )
10 35 ( 10 13 35 ) ( 10 1 35 )
10 36 ( 10 42 36 ) ( 10 35 36 )
10 42 ( 10 35 42 ) ( 10 1 42 )
12 14 ( 12 56 14 ) ( 12 57 14 )
12 56 ( 12 26 56 ) ( 12 21 56 )
13 36 ( 13 42 36 ) ( 13 1 36 )
13 42 ( 13 10 42 ) ( 13 36 42 )
14 34 ( 14 20 34 ) ( 14 2 12 34 )
15 18 ( 15 48 18 ) ( 15 8 48 29 18 )
17 25 ( 17 37 25 ) ( 17 53 25 )
18 48 ( 18 29 48 ) ( 18 3 48 )
24 58 ( 24 29 58 ) ( 24 41 58 )
31 51 ( 31 59 51 ) ( 31 6 51 )
36 42 ( 36 10 42 ) ( 36 1 42 )

EOF