74

10 19 3
4 17 3
3 9 3
13 9 3
5 4 3
10 4 3
7 24 3
25 18 3
14 10 3
4 1 3
6 19 3
9 1 3
6 12 3
15 4 3
2 19 3
10 3 3
12 15 3
24 8 3
4 25 3
21 3 3
24 7 3
20 4 3
10 9 3
20 22 3
4 21 3
7 5 3
18 11 3
14 24 3
15 23 3
14 13 3
11 12 3
12 10 3
19 16 3
20 13 3
20 9 3
1 22 3
15 18 3
16 6 3
15 13 3
14 8 3
5 11 3
11 10 3
25 6 3
16 2 3
17 16 3
14 3 3
8 7 3
15 14 3
9 17 3
16 24 3
14 4 3
11 25 3
22 9 3
18 4 3
21 19 3
1 2 3
5 1 3
24 10 3
19 12 3
6 17 3
4 5 3
15 22 3
6 2 3
2 17 3
13 7 3
15 16 3
12 22 3
13 22 3
15 10 3
16 3 3
24 25 3
17 21 3
13 24 3
3 8 3
