DIMENSIONS
40 sommetsG2
35 sommetsG1
70 dem

SOMMETS
0  N0  C  288  149
1  N1  C  288  129
2  N2  C  270  133
3  N3  C  256  141
4  N4  C  256  157
5  N5  C  246  157
6  N6  C  236  169
7  N7  T  228  169
8  N8  C  228  161
9  N9  C  220  169
10  N10  C  212  169
11  N11  C  204  169
12  N12  C  196  169
13  N13  C  188  169
14  N14  C  196  161
15  N15  T  188  145
16  N16  C  172  145
17  N17  C  164  145
18  N18  C  156  145
19  N19  C  148  145
20  N20  C  140  145
21  N21  C  148  169
22  N22  C  164  169
23  N23  C  172  169
24  N24  C  156  169
25  N25  C  140  169
26  N26  C  132  169
27  N27  C  124  169
28  N28  C  116  161
29  N29  C  104  153
30  N30  C  104  161
31  N31  T  104  169
32  N32  C  90  165
33  N33  T  80  157
34  N34  C  64  157
35  N35  C  64  165
36  N36  T  56  169
37  N37  C  56  161
38  N38  C  56  153
39  N39  C  56  145

DEMANDES
13 30 ( 13 19 30 ) ( 13 25 14 30 )
20 38 ( 20 28 5 24 38 ) ( 20 0 9 38 )
5 32 ( 5 32 ) ( 5 4 39 32 )
8 20 ( 8 11 25 19 20 ) ( 8 38 30 20 )
21 30 ( 21 11 30 ) ( 21 14 32 2 30 )
37 21 ( 37 21 ) ( 37 26 21 )
35 13 ( 35 13 ) ( 35 18 13 )
2 9 ( 2 34 10 21 9 ) ( 2 30 20 26 9 )
21 1 ( 21 37 1 ) ( 21 28 11 29 1 )
25 14 ( 25 17 35 14 ) ( 25 13 14 )
9 35 ( 9 38 35 ) ( 9 23 26 34 35 )
17 32 ( 17 19 8 32 ) ( 17 38 5 35 32 )
25 17 ( 25 12 9 17 ) ( 25 11 17 )
22 16 ( 22 16 ) ( 22 4 5 19 16 )
30 39 ( 30 29 14 11 39 ) ( 30 9 23 6 39 )
29 5 ( 29 2 38 20 5 ) ( 29 9 5 )
29 26 ( 29 30 3 5 26 ) ( 29 20 2 26 )
8 18 ( 8 30 2 6 18 ) ( 8 39 35 18 )
5 39 ( 5 39 ) ( 5 2 0 23 39 )
6 32 ( 6 23 32 ) ( 6 18 27 32 )
3 21 ( 3 39 23 35 21 ) ( 3 29 21 )
25 1 ( 25 37 34 1 ) ( 25 39 29 26 1 )
19 6 ( 19 3 25 9 6 ) ( 19 28 12 13 6 )
25 8 ( 25 38 11 8 ) ( 25 21 28 8 )
4 18 ( 4 13 17 18 ) ( 4 0 23 9 18 )
27 19 ( 27 28 19 ) ( 27 24 19 )
1 16 ( 1 25 13 16 ) ( 1 24 29 8 16 )
27 26 ( 27 3 26 ) ( 27 10 35 26 )
27 3 ( 27 3 ) ( 27 23 26 3 )
11 13 ( 11 13 ) ( 11 0 17 38 13 )
30 27 ( 30 27 ) ( 30 37 34 8 27 )
21 11 ( 21 34 19 23 11 ) ( 21 6 10 18 11 )
19 11 ( 19 11 ) ( 19 29 5 24 11 )
19 28 ( 19 28 ) ( 19 4 28 )
5 14 ( 5 24 14 ) ( 5 32 19 13 14 )
26 24 ( 26 2 24 ) ( 26 4 24 )
3 17 ( 3 10 26 30 17 ) ( 3 19 6 17 )
35 25 ( 35 22 17 25 ) ( 35 9 25 )
13 29 ( 13 35 5 29 ) ( 13 16 0 30 29 )
11 4 ( 11 1 17 39 4 ) ( 11 28 8 18 4 )
34 3 ( 34 3 ) ( 34 12 26 3 )
2 18 ( 2 17 4 23 18 ) ( 2 21 14 12 18 )
35 19 ( 35 19 ) ( 35 21 24 19 )
23 9 ( 23 3 6 19 9 ) ( 23 11 9 )
14 35 ( 14 26 35 ) ( 14 1 10 25 35 )
12 8 ( 12 8 ) ( 12 4 26 8 )
28 8 ( 28 17 8 ) ( 28 9 8 )
21 6 ( 21 12 29 6 ) ( 21 10 6 )
25 22 ( 25 32 27 12 22 ) ( 25 0 21 24 22 )
25 20 ( 25 28 20 ) ( 25 32 27 20 )
6 1 ( 6 1 ) ( 6 24 28 22 1 )
0 12 ( 0 34 12 ) ( 0 13 26 12 )
35 26 ( 35 6 26 ) ( 35 20 27 28 26 )
34 21 ( 34 9 37 21 ) ( 34 22 19 32 21 )
23 26 ( 23 12 34 25 26 ) ( 23 30 10 24 26 )
18 6 ( 18 34 26 16 6 ) ( 18 24 23 25 6 )
21 5 ( 21 28 20 5 ) ( 21 4 5 )
19 20 ( 19 20 ) ( 19 25 18 5 20 )
16 9 ( 16 28 9 ) ( 16 22 9 )
32 23 ( 32 39 23 ) ( 32 2 25 23 )
23 8 ( 23 8 ) ( 23 29 18 8 )
17 34 ( 17 35 30 13 34 ) ( 17 21 8 19 34 )
37 18 ( 37 30 10 38 18 ) ( 37 13 16 22 18 )
22 24 ( 22 24 ) ( 22 14 26 24 )
8 24 ( 8 14 25 23 24 ) ( 8 27 24 )
23 2 ( 23 9 0 2 ) ( 23 13 24 2 )
30 35 ( 30 17 19 25 35 ) ( 30 38 35 )
6 11 ( 6 35 29 19 11 ) ( 6 10 37 11 )
4 34 ( 4 11 6 34 ) ( 4 8 25 5 34 )
9 37 ( 9 37 ) ( 9 4 37 )

EOF