DIMENSIONS
55 sommetsG2
50 sommetsG1
130 dem

SOMMETS
0  N0  C  288  149
1  N1  C  288  129
2  N2  C  270  133
3  N3  C  256  141
4  N4  C  256  157
5  N5  C  246  157
6  N6  C  236  169
7  N7  C  228  169
8  N8  C  228  161
9  N9  C  220  169
10  N10  T  212  169
11  N11  C  204  169
12  N12  C  196  169
13  N13  C  188  169
14  N14  C  196  161
15  N15  C  188  145
16  N16  C  172  145
17  N17  C  164  145
18  N18  C  156  145
19  N19  C  148  145
20  N20  C  140  145
21  N21  T  148  169
22  N22  C  164  169
23  N23  C  172  169
24  N24  C  156  169
25  N25  C  140  169
26  N26  C  132  169
27  N27  C  124  169
28  N28  C  116  161
29  N29  C  104  153
30  N30  C  104  161
31  N31  C  104  169
32  N32  C  90  165
33  N33  C  80  157
34  N34  C  64  157
35  N35  C  64  165
36  N36  C  56  169
37  N37  C  56  161
38  N38  C  56  153
39  N39  C  56  145
40  N40  C  56  137
41  N41  C  56  129
42  N42  C  56  121
43  N43  T  40  121
44  N44  C  40  129
45  N45  C  40  137
46  N46  T  40  145
47  N47  C  40  153
48  N48  C  40  161
49  N49  C  40  169
50  N50  T  32  169
51  N51  C  32  161
52  N52  C  32  153
53  N53  C  32  145
54  N54  C  32  137

DEMANDES
18 42 ( 18 26 42 ) ( 18 34 20 42 )
28 52 ( 28 39 7 33 52 ) ( 28 0 13 52 )
7 44 ( 7 44 ) ( 7 5 54 44 )
12 28 ( 12 16 35 27 28 ) ( 12 53 42 28 )
28 42 ( 28 15 42 ) ( 28 19 44 3 42 )
4 36 ( 4 3 1 25 36 ) ( 4 13 53 36 )
49 14 ( 49 41 28 14 ) ( 49 36 29 14 )
2 24 ( 2 39 15 40 24 ) ( 2 35 19 37 24 )
9 24 ( 9 18 12 49 24 ) ( 9 19 37 52 24 )
32 36 ( 32 44 37 26 36 ) ( 32 11 52 36 )
8 48 ( 8 34 15 48 ) ( 8 16 24 48 )
12 15 ( 12 9 49 15 ) ( 12 5 6 15 )
27 41 ( 27 37 20 16 41 ) ( 27 12 32 13 41 )
8 40 ( 8 40 ) ( 8 9 4 52 40 )
2 28 ( 2 28 ) ( 2 40 28 )
36 53 ( 36 5 7 53 ) ( 36 28 4 3 53 )
11 25 ( 11 41 2 8 25 ) ( 11 54 48 25 )
6 54 ( 6 54 ) ( 6 3 0 32 54 )
9 8 ( 9 45 8 ) ( 9 19 30 31 8 )
24 37 ( 24 37 ) ( 24 41 16 37 )
54 31 ( 54 34 1 41 31 ) ( 54 45 48 53 31 )
40 49 ( 40 27 9 45 49 ) ( 40 48 4 35 49 )
13 34 ( 13 34 ) ( 13 17 18 12 34 )
4 34 ( 4 34 ) ( 4 28 53 34 )
15 30 ( 15 25 32 30 ) ( 15 51 30 )
24 18 ( 24 0 32 45 18 ) ( 24 12 37 18 )
26 16 ( 26 34 2 16 ) ( 26 22 16 )
38 37 ( 38 33 34 37 ) ( 38 40 18 37 )
40 11 ( 40 35 14 29 11 ) ( 40 4 48 37 11 )
5 6 ( 5 32 6 ) ( 5 36 15 6 )
42 15 ( 42 54 15 ) ( 42 0 15 )
45 18 ( 45 18 ) ( 45 52 42 18 )
38 6 ( 38 42 51 6 ) ( 38 47 11 6 )
30 16 ( 30 48 27 31 16 ) ( 30 8 15 47 16 )
27 25 ( 27 16 9 37 25 ) ( 27 40 7 25 )
33 27 ( 33 9 12 6 27 ) ( 33 7 19 17 27 )
51 49 ( 51 44 27 49 ) ( 51 18 36 33 49 )
14 8 ( 14 8 ) ( 14 35 8 )
19 15 ( 19 23 15 ) ( 19 51 15 )
32 14 ( 32 26 8 14 ) ( 32 48 34 28 14 )
11 30 ( 11 13 30 ) ( 11 17 40 35 30 )
54 18 ( 54 22 0 42 18 ) ( 54 16 18 )
6 47 ( 6 24 54 47 ) ( 6 38 47 )
11 26 ( 11 5 16 36 26 ) ( 11 44 26 )
7 2 ( 7 2 ) ( 7 42 38 2 )
24 6 ( 24 29 32 6 ) ( 24 19 16 6 )
48 26 ( 48 26 ) ( 48 28 34 26 )
32 12 ( 32 5 9 26 12 ) ( 32 45 12 )
48 18 ( 48 1 14 42 18 ) ( 48 34 45 18 )
16 12 ( 16 12 ) ( 16 6 37 12 )
39 11 ( 39 23 11 ) ( 39 12 11 )
29 8 ( 29 20 16 8 ) ( 29 40 8 )
14 35 ( 14 37 44 35 ) ( 14 38 17 0 35 )
29 34 ( 29 22 19 34 ) ( 29 39 44 34 )
37 8 ( 37 8 ) ( 37 34 8 )
38 31 ( 38 31 ) ( 38 16 31 )
14 36 ( 14 18 48 35 36 ) ( 14 17 36 )
27 45 ( 27 38 47 45 ) ( 27 30 40 51 45 )
12 30 ( 12 51 44 32 30 ) ( 12 36 54 30 )
51 17 ( 51 35 41 42 17 ) ( 51 14 33 17 )
25 9 ( 25 48 36 22 9 ) ( 25 33 32 35 9 )
31 1 ( 31 45 28 1 ) ( 31 6 26 1 )
44 35 ( 44 22 35 ) ( 44 13 35 )
22 0 ( 22 44 32 0 ) ( 22 24 26 0 )
54 3 ( 54 3 ) ( 54 32 12 3 )
12 34 ( 12 25 24 52 34 ) ( 12 49 42 18 34 )
29 12 ( 29 25 12 ) ( 29 48 53 42 12 )
42 49 ( 42 52 49 ) ( 42 18 22 30 49 )
30 34 ( 30 34 ) ( 30 19 35 34 )
11 33 ( 11 20 35 32 33 ) ( 11 37 33 )
32 3 ( 32 13 1 3 ) ( 32 18 0 3 )
33 42 ( 33 9 24 26 42 ) ( 33 35 53 8 42 )
16 48 ( 16 41 48 ) ( 16 26 15 52 48 )
34 39 ( 34 15 9 11 39 ) ( 34 6 39 )
12 52 ( 12 52 ) ( 12 6 52 )
25 35 ( 25 33 3 27 35 ) ( 25 24 35 )
16 13 ( 16 1 23 44 13 ) ( 16 41 19 13 )
54 1 ( 54 36 38 1 ) ( 54 18 1 )
48 35 ( 48 42 35 ) ( 48 44 35 )
49 17 ( 49 44 32 2 17 ) ( 49 5 17 )
8 13 ( 8 13 ) ( 8 3 48 13 )
52 3 ( 52 14 32 9 3 ) ( 52 26 44 3 )
28 32 ( 28 14 34 32 ) ( 28 29 32 )
0 51 ( 0 28 51 ) ( 0 22 51 )
16 37 ( 16 14 38 37 ) ( 16 18 11 37 )
41 14 ( 41 33 17 14 ) ( 41 36 14 )
28 13 ( 28 48 13 ) ( 28 33 13 )
29 45 ( 29 18 19 2 45 ) ( 29 1 0 26 45 )
16 38 ( 16 25 4 26 38 ) ( 16 2 13 38 )
39 33 ( 39 33 ) ( 39 47 9 26 33 )
41 42 ( 41 42 ) ( 41 40 5 42 )
52 5 ( 52 44 5 ) ( 52 41 5 )
15 9 ( 15 5 53 18 9 ) ( 15 38 25 23 9 )
35 17 ( 35 4 20 17 ) ( 35 7 17 )
36 6 ( 36 11 29 17 6 ) ( 36 51 42 6 )
6 2 ( 6 11 24 2 ) ( 6 8 16 2 )
23 0 ( 23 25 4 0 ) ( 23 42 0 )
37 47 ( 37 47 ) ( 37 28 47 )
9 51 ( 9 51 ) ( 9 32 35 51 )
38 29 ( 38 31 29 ) ( 38 12 20 5 29 )
44 41 ( 44 45 39 34 41 ) ( 44 28 27 31 41 )
36 1 ( 36 7 42 40 1 ) ( 36 17 5 1 )
48 5 ( 48 15 5 ) ( 48 36 5 )
27 42 ( 27 16 30 35 42 ) ( 27 48 42 )
12 37 ( 12 44 42 37 ) ( 12 1 32 33 37 )
4 48 ( 4 48 ) ( 4 19 48 )
24 20 ( 24 17 47 20 ) ( 24 33 20 )
5 44 ( 5 20 14 44 ) ( 5 32 3 44 )
49 23 ( 49 25 16 12 23 ) ( 49 13 31 6 23 )
41 26 ( 41 47 26 ) ( 41 7 26 )
16 0 ( 16 44 35 37 0 ) ( 16 9 0 )
2 52 ( 2 47 11 54 52 ) ( 2 29 52 )
36 25 ( 36 39 22 8 25 ) ( 36 37 17 19 25 )
29 25 ( 29 0 14 25 ) ( 29 38 24 12 25 )
35 12 ( 35 23 12 ) ( 35 18 2 12 )
48 54 ( 48 9 19 54 ) ( 48 24 54 )
37 7 ( 37 33 7 ) ( 37 53 7 )
8 44 ( 8 25 44 ) ( 8 29 40 44 )
53 52 ( 53 52 ) ( 53 2 52 )
49 2 ( 49 12 2 ) ( 49 42 2 )
25 22 ( 25 45 22 ) ( 25 30 11 22 )
44 36 ( 44 36 ) ( 44 26 19 51 36 )
5 49 ( 5 51 4 45 49 ) ( 5 53 49 )
27 0 ( 27 0 ) ( 27 34 0 )
2 39 ( 2 15 39 ) ( 2 30 37 52 39 )
34 35 ( 34 54 35 ) ( 34 20 35 )
5 14 ( 5 40 20 0 14 ) ( 5 38 14 )
48 0 ( 48 35 8 37 0 ) ( 48 47 0 )
8 45 ( 8 45 ) ( 8 24 45 )
47 30 ( 47 52 30 ) ( 47 9 13 19 30 )

EOF