DIMENSIONS
90 sommetsG2
85 sommetsG1
50 dem

SOMMETS
0  N0  C  288  149
1  N1  C  288  129
2  N2  C  270  133
3  N3  C  256  141
4  N4  C  256  157
5  N5  C  246  157
6  N6  C  236  169
7  N7  C  228  169
8  N8  C  228  161
9  N9  C  220  169
10  N10  C  212  169
11  N11  C  204  169
12  N12  C  196  169
13  N13  C  188  169
14  N14  C  196  161
15  N15  C  188  145
16  N16  C  172  145
17  N17  C  164  145
18  N18  C  156  145
19  N19  C  148  145
20  N20  C  140  145
21  N21  C  148  169
22  N22  C  164  169
23  N23  C  172  169
24  N24  C  156  169
25  N25  C  140  169
26  N26  C  132  169
27  N27  C  124  169
28  N28  C  116  161
29  N29  C  104  153
30  N30  C  104  161
31  N31  C  104  169
32  N32  C  90  165
33  N33  C  80  157
34  N34  C  64  157
35  N35  T  64  165
36  N36  C  56  169
37  N37  C  56  161
38  N38  C  56  153
39  N39  C  56  145
40  N40  C  56  137
41  N41  C  56  129
42  N42  C  56  121
43  N43  C  40  121
44  N44  C  40  129
45  N45  C  40  137
46  N46  C  40  145
47  N47  C  40  153
48  N48  C  40  161
49  N49  C  40  169
50  N50  C  32  169
51  N51  C  32  161
52  N52  C  32  153
53  N53  C  32  145
54  N54  C  32  137
55  N55  C  32  129
56  N56  C  32  121
57  N57  C  32  113
58  N58  C  40  113
59  N59  C  56  113
60  N60  C  56  105
61  N61  C  48  99
62  N62  C  40  99
63  N63  C  32  97
64  N64  C  32  89
65  N65  C  24  89
66  N66  C  16  97
67  N67  C  16  109
68  N68  C  8  109
69  N69  C  8  97
70  N70  T  8  89
71  N71  T  8  81
72  N72  C  8  73
73  N73  C  8  65
74  N74  C  8  57
75  N75  T  16  57
76  N76  C  8  49
77  N77  C  8  41
78  N78  C  24  45
79  N79  C  32  41
80  N80  C  32  49
81  N81  C  32  57
82  N82  T  32  65
83  N83  C  32  73
84  N84  C  32  81
85  N85  C  40  83
86  N86  C  40  73
87  N87  C  40  63
88  N88  C  40  51
89  N89  C  44  43

DEMANDES
17 30 ( 17 49 42 56 30 ) ( 17 32 30 )
46 85 ( 46 64 12 54 85 ) ( 46 1 21 85 )
12 72 ( 12 72 ) ( 12 11 9 72 )
89 19 ( 89 55 26 19 ) ( 89 57 47 44 19 )
87 26 ( 87 69 36 80 26 ) ( 87 25 31 26 )
72 6 ( 72 7 17 59 6 ) ( 72 80 31 6 )
5 1 ( 5 21 1 ) ( 5 87 1 )
81 76 ( 81 33 76 ) ( 81 68 46 76 )
60 47 ( 60 47 ) ( 60 83 64 47 )
25 66 ( 25 61 14 66 ) ( 25 39 79 66 )
74 29 ( 74 29 ) ( 74 31 61 86 29 )
52 59 ( 52 83 73 61 59 ) ( 52 81 43 59 )
19 85 ( 19 79 57 38 85 ) ( 19 55 85 )
25 27 ( 25 16 27 ) ( 25 24 27 )
50 37 ( 50 37 ) ( 50 9 11 44 37 )
68 88 ( 68 34 67 33 88 ) ( 68 26 20 52 88 )
21 13 ( 21 14 67 13 ) ( 21 6 13 )
85 4 ( 85 21 65 4 ) ( 85 59 4 )
87 57 ( 87 12 46 7 57 ) ( 87 6 57 )
18 41 ( 18 68 4 14 41 ) ( 18 89 80 41 )
11 89 ( 11 89 ) ( 11 6 0 83 89 )
53 16 ( 53 16 ) ( 53 73 32 16 )
49 52 ( 49 8 52 ) ( 49 47 68 27 52 )
89 51 ( 89 56 3 67 51 ) ( 89 74 83 78 51 )
74 88 ( 74 60 44 88 ) ( 74 14 80 6 88 )
58 22 ( 58 63 28 22 ) ( 58 29 22 )
20 6 ( 20 58 45 6 ) ( 20 87 6 )
25 49 ( 25 42 53 49 ) ( 25 84 49 )
40 30 ( 40 0 31 53 30 ) ( 40 74 21 30 )
60 43 ( 60 64 43 ) ( 60 16 43 )
55 3 ( 55 60 3 ) ( 55 57 31 16 3 )
54 56 ( 54 66 18 56 ) ( 54 61 56 )
58 23 ( 58 78 61 23 ) ( 58 8 23 )
10 32 ( 10 59 25 32 ) ( 10 69 29 32 )
17 88 ( 17 88 ) ( 17 29 16 39 88 )
86 68 ( 86 61 34 68 ) ( 86 69 68 )
84 77 ( 84 77 ) ( 84 49 26 81 77 )
81 78 ( 81 14 78 ) ( 81 24 77 78 )
44 41 ( 44 26 16 61 41 ) ( 44 65 12 41 )
54 44 ( 54 16 19 10 44 ) ( 54 12 32 29 44 )
83 81 ( 83 73 44 81 ) ( 83 30 59 54 81 )
23 13 ( 23 13 ) ( 23 58 13 )
32 25 ( 32 38 25 ) ( 32 84 25 )
52 23 ( 52 43 14 23 ) ( 52 79 56 46 23 )
18 50 ( 18 21 50 ) ( 18 29 65 57 50 )
88 30 ( 88 36 0 69 30 ) ( 88 26 30 )
10 77 ( 10 40 88 77 ) ( 10 63 77 )
18 42 ( 18 8 34 27 42 ) ( 18 59 42 )
72 11 ( 72 11 ) ( 72 41 11 )
62 39 ( 62 39 ) ( 62 52 47 39 )

EOF