DIMENSIONS
90 sommetsG2
85 sommetsG1
18 dem

SOMMETS
0  N0  C  288  149
1  N1  C  288  129
2  N2  C  270  133
3  N3  C  256  141
4  N4  C  256  157
5  N5  C  246  157
6  N6  C  236  169
7  N7  C  228  169
8  N8  C  228  161
9  N9  C  220  169
10  N10  C  212  169
11  N11  C  204  169
12  N12  C  196  169
13  N13  C  188  169
14  N14  C  196  161
15  N15  C  188  145
16  N16  C  172  145
17  N17  C  164  145
18  N18  C  156  145
19  N19  C  148  145
20  N20  C  140  145
21  N21  C  148  169
22  N22  C  164  169
23  N23  C  172  169
24  N24  C  156  169
25  N25  C  140  169
26  N26  C  132  169
27  N27  C  124  169
28  N28  C  116  161
29  N29  C  104  153
30  N30  C  104  161
31  N31  C  104  169
32  N32  C  90  165
33  N33  C  80  157
34  N34  C  64  157
35  N35  T  64  165
36  N36  C  56  169
37  N37  C  56  161
38  N38  C  56  153
39  N39  C  56  145
40  N40  C  56  137
41  N41  C  56  129
42  N42  C  56  121
43  N43  C  40  121
44  N44  C  40  129
45  N45  C  40  137
46  N46  C  40  145
47  N47  C  40  153
48  N48  C  40  161
49  N49  C  40  169
50  N50  C  32  169
51  N51  C  32  161
52  N52  C  32  153
53  N53  C  32  145
54  N54  C  32  137
55  N55  C  32  129
56  N56  C  32  121
57  N57  C  32  113
58  N58  C  40  113
59  N59  C  56  113
60  N60  C  56  105
61  N61  C  48  99
62  N62  C  40  99
63  N63  C  32  97
64  N64  C  32  89
65  N65  C  24  89
66  N66  C  16  97
67  N67  C  16  109
68  N68  C  8  109
69  N69  C  8  97
70  N70  T  8  89
71  N71  T  8  81
72  N72  C  8  73
73  N73  C  8  65
74  N74  C  8  57
75  N75  T  16  57
76  N76  C  8  49
77  N77  C  8  41
78  N78  C  24  45
79  N79  C  32  41
80  N80  C  32  49
81  N81  C  32  57
82  N82  T  32  65
83  N83  C  32  73
84  N84  C  32  81
85  N85  C  40  83
86  N86  C  40  73
87  N87  C  40  63
88  N88  C  40  51
89  N89  C  44  43

DEMANDES
17 30 ( 17 49 42 56 30 ) ( 17 32 30 )
46 85 ( 46 64 12 54 85 ) ( 46 1 21 85 )
12 72 ( 12 72 ) ( 12 11 9 72 )
89 19 ( 89 55 26 19 ) ( 89 57 47 44 19 )
87 26 ( 87 69 36 80 26 ) ( 87 25 31 26 )
72 6 ( 72 7 17 59 6 ) ( 72 80 31 6 )
5 1 ( 5 21 1 ) ( 5 87 1 )
81 76 ( 81 33 76 ) ( 81 68 46 76 )
60 47 ( 60 47 ) ( 60 83 64 47 )
25 66 ( 25 61 14 66 ) ( 25 39 79 66 )
74 29 ( 74 29 ) ( 74 31 61 86 29 )
52 59 ( 52 83 73 61 59 ) ( 52 81 43 59 )
19 85 ( 19 79 57 38 85 ) ( 19 55 85 )
25 27 ( 25 16 27 ) ( 25 24 27 )
50 37 ( 50 37 ) ( 50 9 11 44 37 )
68 88 ( 68 34 67 33 88 ) ( 68 26 20 52 88 )
21 13 ( 21 14 67 13 ) ( 21 6 13 )
85 4 ( 85 21 65 4 ) ( 85 59 4 )

EOF