data/a6_4_2.txt
0 127.63163857370876
1 127.63163857370876;
2 127.63163857370876;
3 127.63163857370876;
4 127.63163857370876;
5 127.63163857370876;
6 127.63163857370876;
7 127.63163857370876;
8 127.63163857370876;
9 127.63163857370876;
10 127.63163857370876;
11 127.63163857370876;
12 127.63163857370876;
13 127.63163857370876;
14 127.63163857370876;
15 127.63163857370876;
16 127.63163857370876;
17 127.63163857370876;
18 127.63163857370876;
19 127.63163857370876;
20 127.63163857370876;
21 127.63163857370876;
22 127.63163857370876;
23 127.63163857370876;
24 127.63163857370876;
25 107.63163857370876;
26 107.63163857370876;
27 107.63163857370876;
28 107.63163857370876;
29 107.63163857370876;
30 107.63163857370876;
31 107.63163857370876;
32 107.63163857370876;
33 107.63163857370876;
34 107.63163857370876;
35 107.63163857370876;
36 107.63163857370876;
37 107.63163857370876;
38 107.63163857370876;
39 107.63163857370876;
40 107.63163857370876;
41 107.63163857370876;
42 107.63163857370876;
43 107.63163857370876;
44 107.63163857370876;
45 107.63163857370876;
46 107.63163857370876;
47 107.63163857370876;
48 107.63163857370876;
49 107.63163857370876;
50 107.63163857370876;
51 107.63163857370876;
52 107.63163857370876;
53 107.63163857370876;
54 107.63163857370876;
55 107.63163857370876;
56 107.63163857370876;
57 107.63163857370876;
58 107.63163857370876;
59 107.63163857370876;
60 107.63163857370876;
61 107.63163857370876;
62 107.63163857370876;
63 107.63163857370876;
64 107.63163857370876;
65 107.63163857370876;
66 107.63163857370876;
67 107.63163857370876;
68 107.63163857370876;
69 107.63163857370876;
70 107.63163857370876;
71 107.63163857370876;
72 107.63163857370876;
73 107.63163857370876;
74 107.63163857370876;
75 107.63163857370876;
76 107.63163857370876;
77 107.63163857370876;
78 107.63163857370876;
79 107.63163857370876;
80 107.63163857370876;
81 107.63163857370876;
82 107.63163857370876;
83 107.63163857370876;
84 107.63163857370876;
85 107.63163857370876;
86 107.63163857370876;
87 107.63163857370876;
88 107.63163857370876;
89 107.63163857370876;
90 107.63163857370876;
91 107.63163857370876;
92 107.63163857370876;
93 107.63163857370876;
94 107.63163857370876;
95 107.63163857370876;
96 107.63163857370876;
97 107.63163857370876;
98 107.63163857370876;
99 107.63163857370876;
100 107.63163857370876;
101 107.63163857370876;
102 107.63163857370876;
103 107.63163857370876;
104 107.63163857370876;
105 107.63163857370876;
106 107.63163857370876;
107 107.63163857370876;
108 107.63163857370876;
109 107.63163857370876;
110 107.63163857370876;
111 107.63163857370876;
112 107.63163857370876;
113 107.63163857370876;
114 107.63163857370876;
115 107.63163857370876;
116 107.63163857370876;
117 107.63163857370876;
118 107.63163857370876;
119 107.63163857370876;
120 107.63163857370876;
121 107.63163857370876;
122 107.63163857370876;
123 107.63163857370876;
124 107.63163857370876;
125 107.63163857370876;
126 107.63163857370876;
127 107.63163857370876;
128 107.63163857370876;
129 107.63163857370876;
130 107.63163857370876;
131 107.63163857370876;
132 107.63163857370876;
133 107.63163857370876;
134 107.63163857370876;
135 107.63163857370876;
136 107.63163857370876;
137 107.63163857370876;
138 107.63163857370876;
139 107.63163857370876;
140 107.63163857370876;
141 107.63163857370876;
142 107.63163857370876;
143 107.63163857370876;
144 107.63163857370876;
145 107.63163857370876;
146 107.63163857370876;
147 107.63163857370876;
148 107.63163857370876;
149 107.63163857370876;
150 107.63163857370876;
151 107.63163857370876;
152 107.63163857370876;
153 107.63163857370876;
154 107.63163857370876;
155 107.63163857370876;
156 107.63163857370876;
157 107.63163857370876;
158 107.63163857370876;
159 107.63163857370876;
160 107.63163857370876;
161 107.63163857370876;
162 107.63163857370876;
163 107.63163857370876;
164 107.63163857370876;
165 107.63163857370876;
166 107.63163857370876;
167 107.63163857370876;
168 107.63163857370876;
169 107.63163857370876;
170 107.63163857370876;
171 107.63163857370876;
172 107.63163857370876;
173 107.63163857370876;
174 107.63163857370876;
175 107.63163857370876;
176 107.63163857370876;
177 107.63163857370876;
178 107.63163857370876;
179 107.63163857370876;
180 107.63163857370876;
181 107.63163857370876;
182 107.63163857370876;
183 107.63163857370876;
184 107.63163857370876;
185 107.63163857370876;
186 107.63163857370876;
187 107.63163857370876;
188 107.63163857370876;
189 107.63163857370876;
190 107.63163857370876;
191 107.63163857370876;
192 107.63163857370876;
193 107.63163857370876;
194 107.63163857370876;
195 107.63163857370876;
196 107.63163857370876;
197 107.63163857370876;
198 107.63163857370876;
199 107.63163857370876;
200 107.63163857370876;
201 107.63163857370876;
202 107.63163857370876;
203 107.63163857370876;
204 107.63163857370876;
205 107.63163857370876;
206 107.63163857370876;
207 107.63163857370876;
208 107.63163857370876;
209 107.63163857370876;
210 107.63163857370876;
211 107.63163857370876;
212 107.63163857370876;
213 107.63163857370876;
214 107.63163857370876;
215 107.63163857370876;
