DIMENSIONS
18 sommetsG2
16 sommetsG1
35 dem

SOMMETS
0  N0  C  288  149
1  N1  C  288  129
2  N2  C  270  133
3  N3  C  256  141
4  N4  C  256  157
5  N5  C  246  157
6  N6  C  236  169
7  N7  T  228  169
8  N8  C  228  161
9  N9  C  220  169
10  N10  C  212  169
11  N11  C  204  169
12  N12  C  196  169
13  N13  C  188  169
14  N14  C  196  161
15  N15  T  188  145
16  N16  C  172  145
17  N17  C  164  145

DEMANDES
14 16 ( 14 16 ) ( 14 13 4 16 )
9 8 ( 9 17 16 8 ) ( 9 11 12 8 )
2 10 ( 2 10 ) ( 2 14 10 )
2 1 ( 2 9 11 5 1 ) ( 2 8 1 )
17 5 ( 17 13 16 6 5 ) ( 17 14 1 5 )
17 9 ( 17 9 ) ( 17 11 9 )
16 6 ( 16 6 ) ( 16 8 6 )
1 4 ( 1 9 6 13 4 ) ( 1 12 0 16 4 )
16 12 ( 16 11 12 ) ( 16 6 2 14 12 )
5 4 ( 5 12 17 10 4 ) ( 5 11 16 4 )
14 12 ( 14 3 17 16 12 ) ( 14 2 11 12 )
11 5 ( 11 8 4 3 5 ) ( 11 10 5 )
3 16 ( 3 16 ) ( 3 8 16 )
13 17 ( 13 6 5 4 17 ) ( 13 10 2 14 17 )
2 13 ( 2 13 ) ( 2 0 9 3 13 )
4 14 ( 4 17 11 14 ) ( 4 13 1 14 )
2 9 ( 2 9 ) ( 2 3 9 )
8 14 ( 8 0 2 14 ) ( 8 17 3 16 14 )
2 17 ( 2 17 ) ( 2 1 0 16 17 )
10 3 ( 10 3 ) ( 10 16 14 3 )
6 9 ( 6 12 1 9 ) ( 6 13 5 9 )
17 10 ( 17 11 0 13 10 ) ( 17 14 16 12 10 )
8 2 ( 8 1 11 4 2 ) ( 8 12 5 9 2 )
9 12 ( 9 12 ) ( 9 10 16 12 )
8 6 ( 8 0 10 14 6 ) ( 8 4 12 6 )
8 5 ( 8 11 0 5 ) ( 8 12 5 )
12 11 ( 12 10 11 ) ( 12 13 11 )
5 13 ( 5 13 ) ( 5 12 11 4 13 )
9 1 ( 9 12 1 ) ( 9 2 6 10 1 )
10 11 ( 10 5 11 ) ( 10 3 17 0 11 )
14 5 ( 14 5 ) ( 14 17 16 5 )
13 12 ( 13 12 ) ( 13 6 16 3 12 )
14 9 ( 14 16 9 ) ( 14 8 10 2 9 )
4 8 ( 4 5 8 ) ( 4 3 12 13 8 )
8 13 ( 8 13 ) ( 8 2 13 )

EOF