DIMENSIONS
45 sommetsG2
40 sommetsG1
150 dem

SOMMETS
0  N0  C  288  149
1  N1  C  288  129
2  N2  C  270  133
3  N3  C  256  141
4  N4  C  256  157
5  N5  C  246  157
6  N6  C  236  169
7  N7  C  228  169
8  N8  T  228  161
9  N9  C  220  169
10  N10  C  212  169
11  N11  C  204  169
12  N12  C  196  169
13  N13  C  188  169
14  N14  C  196  161
15  N15  C  188  145
16  N16  C  172  145
17  N17  T  164  145
18  N18  C  156  145
19  N19  C  148  145
20  N20  C  140  145
21  N21  C  148  169
22  N22  C  164  169
23  N23  C  172  169
24  N24  C  156  169
25  N25  C  140  169
26  N26  C  132  169
27  N27  C  124  169
28  N28  C  116  161
29  N29  C  104  153
30  N30  C  104  161
31  N31  C  104  169
32  N32  C  90  165
33  N33  C  80  157
34  N34  C  64  157
35  N35  T  64  165
36  N36  C  56  169
37  N37  T  56  161
38  N38  C  56  153
39  N39  C  56  145
40  N40  C  56  137
41  N41  T  56  129
42  N42  C  56  121
43  N43  C  40  121
44  N44  C  40  129

DEMANDES
15 34 ( 15 21 34 ) ( 15 28 16 34 )
23 42 ( 23 32 6 27 42 ) ( 23 0 10 42 )
6 36 ( 6 36 ) ( 6 5 4 36 )
44 9 ( 44 27 13 9 ) ( 44 28 23 22 9 )
43 13 ( 43 34 18 40 13 ) ( 43 12 15 13 )
36 3 ( 36 29 40 15 3 ) ( 36 2 0 3 )
20 2 ( 20 2 ) ( 20 40 38 11 2 )
24 16 ( 24 30 23 1 16 ) ( 24 19 32 16 )
12 33 ( 12 30 7 33 ) ( 12 19 39 33 )
14 10 ( 14 30 43 26 10 ) ( 14 29 38 10 )
19 36 ( 19 21 9 36 ) ( 19 42 6 39 36 )
28 19 ( 28 13 20 19 ) ( 28 10 19 )
12 25 ( 12 40 25 ) ( 12 4 25 )
5 22 ( 5 42 30 33 22 ) ( 5 16 13 10 22 )
26 10 ( 26 10 ) ( 26 5 7 33 10 )
3 42 ( 3 42 ) ( 3 7 10 42 )
32 29 ( 32 34 4 6 29 ) ( 32 23 3 29 )
3 9 ( 3 25 9 ) ( 3 34 2 7 9 )
40 5 ( 40 39 3 0 5 ) ( 40 26 5 )
7 36 ( 7 26 36 ) ( 7 20 30 36 )
4 23 ( 4 44 25 39 23 ) ( 4 33 23 )
28 1 ( 28 39 44 1 ) ( 28 33 40 30 1 )
22 7 ( 22 3 29 11 7 ) ( 22 28 10 31 7 )
3 28 ( 3 28 ) ( 3 22 43 28 )
12 24 ( 12 21 26 24 ) ( 12 42 24 )
20 15 ( 20 0 26 10 15 ) ( 20 30 21 15 )
21 13 ( 21 27 1 13 ) ( 21 18 13 )
31 30 ( 31 27 28 30 ) ( 31 32 14 30 )
33 9 ( 33 29 11 23 9 ) ( 33 3 39 30 9 )
4 5 ( 4 26 5 ) ( 4 29 12 5 )
34 12 ( 34 44 12 ) ( 34 0 12 )
14 19 ( 14 34 31 5 19 ) ( 14 30 42 38 19 )
9 24 ( 9 40 24 ) ( 9 39 22 25 24 )
7 12 ( 7 20 38 22 12 ) ( 7 13 30 12 )
32 6 ( 32 9 22 6 ) ( 32 5 16 6 )
14 40 ( 14 36 22 40 ) ( 14 15 29 27 40 )
11 6 ( 11 6 ) ( 11 29 6 )
16 12 ( 16 19 12 ) ( 16 42 12 )
26 11 ( 26 21 7 11 ) ( 26 39 28 23 11 )
9 25 ( 9 10 25 ) ( 9 14 32 28 25 )
44 15 ( 44 18 0 34 15 ) ( 44 13 15 )
5 38 ( 5 20 44 38 ) ( 5 31 38 )
9 21 ( 9 4 13 29 21 ) ( 9 36 21 )
5 2 ( 5 2 ) ( 5 31 19 2 )
5 26 ( 5 16 13 26 ) ( 5 39 21 26 )
7 27 ( 7 26 10 27 ) ( 7 3 4 27 )
7 21 ( 7 21 ) ( 7 13 16 39 21 )
15 36 ( 15 11 28 36 ) ( 15 13 36 )
9 27 ( 9 27 ) ( 9 32 18 14 27 )
19 10 ( 19 6 10 ) ( 19 24 0 10 )
13 33 ( 13 24 33 ) ( 13 30 36 33 )
31 14 ( 31 23 27 14 ) ( 31 28 14 )
23 18 ( 23 36 18 ) ( 23 30 6 1 18 )
2 30 ( 2 30 ) ( 2 31 25 30 )
0 13 ( 0 38 13 ) ( 0 15 30 13 )
39 29 ( 39 7 29 ) ( 39 22 30 40 29 )
31 39 ( 31 10 24 39 ) ( 31 42 22 36 39 )
26 29 ( 26 14 39 28 29 ) ( 26 34 11 27 29 )
38 39 ( 38 27 26 39 ) ( 38 29 24 39 )
6 26 ( 6 26 ) ( 6 23 5 22 26 )
22 2 ( 22 28 20 6 2 ) ( 22 18 11 2 )
18 0 ( 18 36 26 0 ) ( 18 20 21 0 )
44 2 ( 44 2 ) ( 44 26 10 2 )
9 28 ( 9 20 19 38 28 ) ( 9 42 40 34 28 )
15 24 ( 15 24 ) ( 15 42 20 24 )
39 43 ( 39 43 ) ( 39 34 40 43 )
11 34 ( 11 18 25 24 34 ) ( 11 27 34 )
21 16 ( 21 9 27 16 ) ( 21 38 4 29 16 )
26 30 ( 26 25 10 30 ) ( 26 0 30 )
15 0 ( 15 34 39 7 0 ) ( 15 20 21 0 )
28 43 ( 28 43 ) ( 28 39 43 )
16 40 ( 16 12 42 40 ) ( 16 5 38 40 )
28 32 ( 28 12 7 9 32 ) ( 28 5 32 )
10 42 ( 10 42 ) ( 10 5 42 )
20 29 ( 20 27 3 22 29 ) ( 20 19 29 )
13 10 ( 13 1 19 36 10 ) ( 13 33 16 10 )
44 1 ( 44 29 31 1 ) ( 44 14 1 )
40 29 ( 40 34 29 ) ( 40 36 29 )
36 26 ( 36 26 ) ( 36 7 26 )
10 6 ( 10 40 42 6 ) ( 10 2 6 )
21 11 ( 21 26 36 11 ) ( 21 23 11 )
26 32 ( 26 32 ) ( 26 28 32 )
24 0 ( 24 9 23 18 0 ) ( 24 13 30 0 )
29 19 ( 29 14 19 ) ( 29 9 34 11 19 )
30 0 ( 30 27 14 23 0 ) ( 30 38 11 3 0 )
23 40 ( 23 36 43 40 ) ( 23 33 15 40 )
16 1 ( 16 1 ) ( 16 21 1 )
13 31 ( 13 21 3 1 31 ) ( 13 11 32 31 )
27 4 ( 27 7 21 34 4 ) ( 27 0 26 33 4 )
33 4 ( 33 12 10 36 4 ) ( 33 7 42 34 4 )
4 44 ( 4 31 20 19 44 ) ( 4 29 14 44 )
27 5 ( 27 5 ) ( 27 6 29 5 )
5 39 ( 5 30 23 39 ) ( 5 14 39 )
42 34 ( 42 34 ) ( 42 23 34 )
9 20 ( 9 20 ) ( 9 19 20 )
0 29 ( 0 29 ) ( 0 3 30 29 )
40 39 ( 40 39 ) ( 40 23 39 )
7 4 ( 7 28 4 ) ( 7 31 24 4 )
18 25 ( 18 16 4 36 25 ) ( 18 33 25 )
42 38 ( 42 28 23 22 38 ) ( 42 26 30 1 38 )
34 26 ( 34 26 ) ( 34 33 26 )
30 14 ( 30 14 ) ( 30 4 21 12 14 )
12 29 ( 12 22 42 6 29 ) ( 12 13 29 )
25 29 ( 25 30 28 36 29 ) ( 25 34 29 )
1 26 ( 1 34 12 26 ) ( 1 3 39 7 26 )
16 19 ( 16 4 19 ) ( 16 14 39 19 )
36 33 ( 36 12 33 ) ( 36 26 3 33 )
40 19 ( 40 20 21 13 19 ) ( 40 10 11 25 19 )
13 5 ( 13 21 38 5 ) ( 13 6 0 5 )
40 12 ( 40 30 7 2 12 ) ( 40 43 34 12 )
24 30 ( 24 40 30 ) ( 24 32 18 6 30 )
15 23 ( 15 32 23 ) ( 15 20 24 23 )
0 12 ( 0 12 ) ( 0 19 10 29 12 )
9 15 ( 9 2 4 15 ) ( 9 36 39 15 )
44 23 ( 44 16 23 ) ( 44 19 23 )
38 30 ( 38 6 19 4 30 ) ( 38 27 43 30 )
4 39 ( 4 39 ) ( 4 14 20 23 39 )
33 43 ( 33 0 2 40 43 ) ( 33 1 43 )
18 9 ( 18 3 20 27 9 ) ( 18 25 36 9 )
30 3 ( 30 16 4 40 3 ) ( 30 39 36 3 )
43 22 ( 43 22 ) ( 43 12 22 )
28 11 ( 28 32 15 11 ) ( 28 39 11 )
30 43 ( 30 19 0 43 ) ( 30 44 16 43 )
4 11 ( 4 32 0 31 11 ) ( 4 40 11 )
0 39 ( 0 39 ) ( 0 6 30 39 )
39 12 ( 39 10 5 12 ) ( 39 20 12 )
38 24 ( 38 40 24 ) ( 38 43 7 11 24 )
16 28 ( 16 23 28 ) ( 16 22 31 28 )
27 31 ( 27 10 30 31 ) ( 27 32 20 7 31 )
14 15 ( 14 10 1 15 ) ( 14 6 15 )
5 0 ( 5 0 ) ( 5 23 11 10 0 )
24 40 ( 24 18 33 21 40 ) ( 24 4 40 )
20 42 ( 20 11 9 12 42 ) ( 20 13 26 42 )
39 23 ( 39 29 44 14 23 ) ( 39 28 33 23 )
26 4 ( 26 25 1 23 4 ) ( 26 19 4 )
6 31 ( 6 31 ) ( 6 0 36 31 )
21 23 ( 21 7 34 25 23 ) ( 21 13 23 )
11 1 ( 11 1 ) ( 11 27 9 30 1 )
42 32 ( 42 29 6 32 ) ( 42 4 32 )
38 14 ( 38 6 14 ) ( 38 44 25 31 14 )
0 6 ( 0 12 6 ) ( 0 1 6 )
29 21 ( 29 12 19 21 ) ( 29 14 25 21 )
3 21 ( 3 14 44 21 ) ( 3 11 5 4 21 )
26 2 ( 26 2 ) ( 26 34 2 )
44 11 ( 44 25 36 18 11 ) ( 44 26 11 )
20 40 ( 20 7 40 ) ( 20 33 40 )
15 32 ( 15 31 6 42 32 ) ( 15 22 1 25 32 )
5 3 ( 5 14 3 ) ( 5 4 3 )
11 39 ( 11 21 15 25 39 ) ( 11 36 32 24 39 )
33 20 ( 33 3 20 ) ( 33 31 9 20 )

EOF