DIMENSIONS
60 sommetsG2
55 sommetsG1
30 dem

SOMMETS
0  N0  C  288  149
1  N1  C  288  129
2  N2  C  270  133
3  N3  C  256  141
4  N4  C  256  157
5  N5  C  246  157
6  N6  C  236  169
7  N7  C  228  169
8  N8  C  228  161
9  N9  C  220  169
10  N10  C  212  169
11  N11  C  204  169
12  N12  C  196  169
13  N13  C  188  169
14  N14  C  196  161
15  N15  C  188  145
16  N16  C  172  145
17  N17  C  164  145
18  N18  C  156  145
19  N19  C  148  145
20  N20  C  140  145
21  N21  C  148  169
22  N22  C  164  169
23  N23  T  172  169
24  N24  C  156  169
25  N25  C  140  169
26  N26  C  132  169
27  N27  C  124  169
28  N28  C  116  161
29  N29  C  104  153
30  N30  C  104  161
31  N31  C  104  169
32  N32  C  90  165
33  N33  C  80  157
34  N34  C  64  157
35  N35  C  64  165
36  N36  C  56  169
37  N37  C  56  161
38  N38  C  56  153
39  N39  C  56  145
40  N40  C  56  137
41  N41  C  56  129
42  N42  C  56  121
43  N43  C  40  121
44  N44  C  40  129
45  N45  C  40  137
46  N46  T  40  145
47  N47  T  40  153
48  N48  C  40  161
49  N49  C  40  169
50  N50  T  32  169
51  N51  C  32  161
52  N52  C  32  153
53  N53  C  32  145
54  N54  T  32  137
55  N55  C  32  129
56  N56  C  32  121
57  N57  C  32  113
58  N58  C  40  113
59  N59  C  56  113

DEMANDES
11 20 ( 11 33 28 37 20 ) ( 11 21 20 )
30 57 ( 30 43 8 36 57 ) ( 30 0 14 57 )
8 48 ( 8 48 ) ( 8 7 6 48 )
59 13 ( 59 36 17 13 ) ( 59 38 31 29 13 )
58 17 ( 58 24 53 16 17 ) ( 58 21 48 17 )
55 4 ( 55 5 11 39 4 ) ( 55 53 20 4 )
3 1 ( 3 14 1 ) ( 3 58 1 )
51 15 ( 51 45 30 15 ) ( 51 40 31 15 )
2 26 ( 2 43 17 44 26 ) ( 2 38 21 41 26 )
9 26 ( 9 19 13 53 26 ) ( 9 21 41 57 26 )
35 39 ( 35 55 48 41 39 ) ( 35 28 12 39 )
57 55 ( 57 55 ) ( 57 38 25 37 55 )
16 18 ( 16 11 18 ) ( 16 33 18 )
24 10 ( 24 7 29 45 10 ) ( 24 59 10 )
56 41 ( 56 22 41 ) ( 56 17 13 35 41 )
14 9 ( 14 44 4 9 ) ( 14 57 9 )
3 31 ( 3 31 ) ( 3 43 31 )
39 58 ( 39 5 8 58 ) ( 39 31 4 12 58 )
27 49 ( 27 3 9 49 ) ( 27 59 12 53 49 )
7 59 ( 7 59 ) ( 7 4 0 55 59 )
35 10 ( 35 10 ) ( 35 49 21 10 )
33 34 ( 33 5 34 ) ( 33 31 45 18 34 )
59 34 ( 59 37 2 44 34 ) ( 59 49 55 52 34 )
49 58 ( 49 59 40 58 ) ( 49 29 9 53 58 )
4 38 ( 4 38 ) ( 4 13 42 38 )
19 13 ( 19 13 ) ( 19 39 30 13 )
58 16 ( 58 6 28 16 ) ( 58 35 56 27 16 )
20 26 ( 20 26 ) ( 20 35 49 26 )
14 40 ( 14 18 40 ) ( 14 42 10 40 )
37 2 ( 37 40 2 ) ( 37 38 20 11 2 )

EOF