DIMENSIONS
60 sommetsG2
55 sommetsG1
15 dem

SOMMETS
0  N0  C  9860  14152
1  N1  C  9396  14616
2  N2  C  11252  14848
3  N3  C  11020  13456
4  N4  C  9512  15776
5  N5  C  10788  13804
6  N6  C  10208  14384
7  N7  C  11600  13456
8  N8  C  11252  14036
9  N9  C  10672  15080
10  N10  C  11136  14152
11  N11  C  9860  13108
12  N12  C  10092  14964
13  N13  C  9512  13340
14  N14  C  10556  13688
15  N15  C  9628  14036
16  N16  C  10904  13108
17  N17  C  11368  12644
18  N18  C  11252  13340
19  N19  C  10672  13340
20  N20  C  11020  13108
21  N21  C  11020  13340
22  N22  C  11136  13572
23  N23  T  11020  13688
24  N24  C  8468  11136
25  N25  C  8932  12064
26  N26  C  9512  12412
27  N27  C  7772  11020
28  N28  C  8352  10672
29  N29  C  9164  12876
30  N30  C  9744  12528
31  N31  C  8352  10324
32  N32  C  8236  11020
33  N33  C  8468  12876
34  N34  C  8700  14036
35  N35  C  8932  13688
36  N36  C  9048  13804
37  N37  C  8468  12296
38  N38  C  8352  12644
39  N39  C  8236  13572
40  N40  C  9164  13340
41  N41  C  8004  12760
42  N42  C  8584  13108
43  N43  C  7772  14732
44  N44  C  7540  15080
45  N45  C  7424  17516
46  N46  T  8352  17052
47  N47  T  7540  16820
48  N48  C  7888  17168
49  N49  C  9744  15196
50  N50  T  9164  14964
51  N51  C  9744  16240
52  N52  C  7888  16936
53  N53  C  8236  15428
54  N54  T  9512  17400
55  N55  C  9164  16008
56  N56  C  8700  15312
57  N57  C  11716  16008
58  N58  C  12992  14964
59  N59  C  12412  14964

DEMANDES
11 20 ( 11 33 28 37 20 ) ( 11 21 20 )
30 57 ( 30 43 8 36 57 ) ( 30 0 14 57 )
8 48 ( 8 48 ) ( 8 7 6 48 )
59 13 ( 59 36 17 13 ) ( 59 38 31 29 13 )
58 17 ( 58 24 53 16 17 ) ( 58 21 48 17 )
55 4 ( 55 5 11 39 4 ) ( 55 53 20 4 )
3 1 ( 3 14 1 ) ( 3 58 1 )
51 15 ( 51 45 30 15 ) ( 51 40 31 15 )
2 26 ( 2 43 17 44 26 ) ( 2 38 21 41 26 )
9 26 ( 9 19 13 53 26 ) ( 9 21 41 57 26 )
35 39 ( 35 55 48 41 39 ) ( 35 28 12 39 )
57 55 ( 57 55 ) ( 57 38 25 37 55 )
16 18 ( 16 11 18 ) ( 16 33 18 )
24 10 ( 24 7 29 45 10 ) ( 24 59 10 )
56 41 ( 56 22 41 ) ( 56 17 13 35 41 )

EOF