DIMENSIONS
10 sommetsG2
8 sommetsG1
16 dem

SOMMETS
0  N0  C  9860  14152
1  N1  C  9396  14616
2  N2  C  11252  14848
3  N3  T  11020  13456
4  N4  C  9512  15776
5  N5  C  10788  13804
6  N6  C  10208  14384
7  N7  C  11600  13456
8  N8  T  11252  14036
9  N9  C  10672  15080

DEMANDES
7 9 ( 7 9 ) ( 7 2 5 9 )
4 6 ( 4 9 6 ) ( 4 7 1 6 )
6 0 ( 6 0 ) ( 6 1 0 )
4 1 ( 4 1 ) ( 4 2 5 6 1 )
2 6 ( 2 9 7 6 ) ( 2 5 4 6 )
2 9 ( 2 9 ) ( 2 5 0 1 9 )
0 4 ( 0 4 ) ( 0 9 4 )
5 7 ( 5 0 4 7 ) ( 5 9 2 6 7 )
6 1 ( 6 2 1 ) ( 6 9 5 4 1 )
9 6 ( 9 2 1 4 6 ) ( 9 7 5 6 )
9 1 ( 9 1 ) ( 9 7 6 1 )
7 2 ( 7 2 ) ( 7 1 0 2 )
9 0 ( 9 2 7 0 ) ( 9 6 0 )
7 0 ( 7 0 ) ( 7 2 4 0 )
0 1 ( 0 9 5 4 1 ) ( 0 6 1 )
0 5 ( 0 9 7 6 5 ) ( 0 4 5 )

EOF