DIMENSIONS
25 sommetsG2
20 sommetsG1
150 dem

SOMMETS
0  N0  C  41  49
1  N1  C  35  17
2  N2  C  55  45
3  N3  C  55  20
4  N4  T  15  30
5  N5  C  25  30
6  N6  C  20  50
7  N7  C  10  43
8  N8  C  55  60
9  N9  T  30  60
10  N10  C  20  65
11  N11  C  50  35
12  N12  C  30  25
13  N13  C  15  10
14  N14  C  30  5
15  N15  C  10  20
16  N16  C  5  30
17  N17  C  20  40
18  N18  C  15  60
19  N19  T  45  65
20  N20  C  45  20
21  N21  T  45  10
22  N22  T  55  5
23  N23  C  65  35
24  N24  C  65  20

DEMANDES
8 6 ( 8 15 12 6 ) ( 8 23 17 6 )
3 15 ( 3 15 ) ( 3 20 15 )
3 10 ( 3 10 ) ( 3 24 10 )
5 12 ( 5 7 15 13 12 ) ( 5 24 10 12 )
7 8 ( 7 1 23 13 8 ) ( 7 2 16 0 8 )
11 1 ( 11 1 ) ( 11 6 13 12 1 )
16 13 ( 16 13 ) ( 16 23 18 13 )
7 18 ( 7 17 11 18 ) ( 7 20 8 18 )
5 8 ( 5 14 16 8 ) ( 5 10 23 20 8 )
17 12 ( 17 12 ) ( 17 23 3 16 12 )
10 15 ( 10 7 15 ) ( 10 11 5 6 15 )
13 10 ( 13 10 ) ( 13 2 3 12 10 )
24 23 ( 24 18 7 23 ) ( 24 5 14 23 )
6 3 ( 6 18 1 3 ) ( 6 23 3 )
1 13 ( 1 13 ) ( 1 18 13 )
16 24 ( 16 2 3 24 ) ( 16 13 1 5 24 )
11 20 ( 11 1 3 20 ) ( 11 24 5 0 20 )
23 14 ( 23 14 ) ( 23 20 14 )
8 13 ( 8 17 2 13 ) ( 8 18 7 13 )
24 14 ( 24 15 0 18 14 ) ( 24 20 23 16 14 )
12 20 ( 12 16 6 15 20 ) ( 12 5 20 )
17 7 ( 17 1 7 ) ( 17 15 7 )
5 16 ( 5 7 13 16 ) ( 5 17 2 11 16 )
11 8 ( 11 0 14 20 8 ) ( 11 5 16 8 )
12 7 ( 12 15 1 7 ) ( 12 10 7 )
17 16 ( 17 15 18 16 ) ( 17 8 5 16 )
23 17 ( 23 13 2 17 ) ( 23 6 17 )
17 2 ( 17 2 ) ( 17 14 16 2 )
24 0 ( 24 10 23 17 0 ) ( 24 3 0 )
5 13 ( 5 12 13 ) ( 5 14 6 11 13 )
17 18 ( 17 18 ) ( 17 12 20 18 )
18 5 ( 18 3 5 ) ( 18 8 5 )
23 15 ( 23 12 8 16 15 ) ( 23 6 3 1 15 )
2 16 ( 2 8 16 ) ( 2 10 16 )
6 16 ( 6 3 15 12 16 ) ( 6 5 13 16 )
10 20 ( 10 8 20 ) ( 10 18 20 )
15 24 ( 15 3 24 ) ( 15 10 0 7 24 )
2 18 ( 2 18 ) ( 2 24 17 18 )
5 11 ( 5 2 7 16 11 ) ( 5 20 11 )
3 1 ( 3 1 ) ( 3 17 11 1 )
2 14 ( 2 7 11 14 ) ( 2 15 13 14 )
15 14 ( 15 14 ) ( 15 1 2 23 14 )
20 7 ( 20 8 7 ) ( 20 16 0 6 7 )
15 20 ( 15 2 20 ) ( 15 16 20 )
17 5 ( 17 10 5 ) ( 17 13 5 )
3 13 ( 3 13 ) ( 3 7 18 13 )
13 17 ( 13 7 16 0 17 ) ( 13 15 12 10 17 )
17 20 ( 17 0 1 20 ) ( 17 15 20 )
17 14 ( 17 14 ) ( 17 7 14 )
8 16 ( 8 7 3 12 16 ) ( 8 20 17 16 )
13 18 ( 13 23 12 20 18 ) ( 13 14 18 )
23 8 ( 23 15 18 6 8 ) ( 23 11 16 8 )
14 16 ( 14 0 17 16 ) ( 14 12 16 )
2 12 ( 2 20 15 12 ) ( 2 11 12 )
6 10 ( 6 10 ) ( 6 14 20 11 10 )
11 24 ( 11 24 ) ( 11 16 24 )
14 5 ( 14 5 ) ( 14 23 18 5 )
11 10 ( 11 23 8 13 10 ) ( 11 5 24 6 10 )
24 8 ( 24 13 8 ) ( 24 15 11 8 )
15 2 ( 15 16 2 ) ( 15 14 2 )
1 14 ( 1 0 8 14 ) ( 1 23 14 )
11 12 ( 11 24 3 7 12 ) ( 11 18 6 12 )
23 3 ( 23 17 7 5 3 ) ( 23 15 0 3 )
2 11 ( 2 15 1 11 ) ( 2 12 10 7 11 )
6 14 ( 6 14 ) ( 6 10 14 )
20 18 ( 20 0 18 ) ( 20 13 5 16 18 )
17 8 ( 17 1 20 7 8 ) ( 17 18 14 8 )
1 2 ( 1 2 ) ( 1 3 2 )
23 1 ( 23 6 14 11 1 ) ( 23 20 13 1 )
14 18 ( 14 18 ) ( 14 15 18 )
13 0 ( 13 5 10 7 0 ) ( 13 16 11 0 )
6 17 ( 6 18 17 ) ( 6 0 17 )
15 8 ( 15 6 1 8 ) ( 15 12 13 8 )
20 23 ( 20 8 1 23 ) ( 20 0 12 23 )
12 23 ( 12 23 ) ( 12 6 23 )
17 15 ( 17 15 ) ( 17 11 18 0 15 )
18 23 ( 18 23 ) ( 18 2 6 5 23 )
20 2 ( 20 23 24 2 ) ( 20 8 2 )
17 11 ( 17 8 11 ) ( 17 15 3 11 )
2 3 ( 2 14 5 3 ) ( 2 16 3 )
13 7 ( 13 3 0 12 7 ) ( 13 5 11 10 7 )
0 16 ( 0 16 ) ( 0 2 17 16 )
23 2 ( 23 15 2 ) ( 23 17 13 2 )
5 2 ( 5 18 23 20 2 ) ( 5 17 15 2 )
12 15 ( 12 16 0 15 ) ( 12 18 14 15 )
3 18 ( 3 18 ) ( 3 7 2 11 18 )
6 7 ( 6 5 12 7 ) ( 6 23 3 14 7 )
16 15 ( 16 0 14 7 15 ) ( 16 1 8 11 15 )
18 6 ( 18 10 16 6 ) ( 18 11 6 )
11 7 ( 11 7 ) ( 11 14 7 )
7 3 ( 7 12 0 3 ) ( 7 20 16 3 )
17 1 ( 17 2 5 24 1 ) ( 17 13 16 11 1 )
3 16 ( 3 13 16 ) ( 3 11 17 16 )
11 13 ( 11 13 ) ( 11 17 13 )
8 12 ( 8 1 12 ) ( 8 2 20 12 )
24 13 ( 24 8 13 ) ( 24 10 13 )
17 3 ( 17 15 3 ) ( 17 24 3 )
18 24 ( 18 0 1 10 24 ) ( 18 5 24 )
15 1 ( 15 11 1 ) ( 15 20 14 1 )
5 20 ( 5 24 11 20 ) ( 5 8 20 )
20 24 ( 20 7 15 24 ) ( 20 6 24 )
18 0 ( 18 7 13 0 ) ( 18 16 23 0 )
6 20 ( 6 18 20 ) ( 6 0 20 )
17 0 ( 17 15 3 23 0 ) ( 17 16 0 )
6 13 ( 6 13 ) ( 6 5 2 11 13 )
23 6 ( 23 15 6 ) ( 23 12 17 0 6 )
18 11 ( 18 8 15 6 11 ) ( 18 0 11 )
5 3 ( 5 3 ) ( 5 18 3 )
5 10 ( 5 2 11 10 ) ( 5 23 16 10 )
6 5 ( 6 11 5 ) ( 6 7 14 5 )
12 24 ( 12 8 15 24 ) ( 12 18 13 24 )
14 0 ( 14 13 3 23 0 ) ( 14 7 6 0 )
0 2 ( 0 5 16 2 ) ( 0 23 18 2 )
2 8 ( 2 3 8 ) ( 2 23 24 13 8 )
0 3 ( 0 6 3 ) ( 0 16 3 )
10 7 ( 10 11 16 7 ) ( 10 8 7 )
24 6 ( 24 6 ) ( 24 2 6 )
3 14 ( 3 11 7 0 14 ) ( 3 18 8 14 )
1 8 ( 1 8 ) ( 1 2 8 )
13 20 ( 13 18 20 ) ( 13 11 1 17 20 )
5 0 ( 5 0 ) ( 5 1 24 7 0 )
0 15 ( 0 18 15 ) ( 0 13 6 15 )
13 12 ( 13 12 ) ( 13 23 12 )
10 0 ( 10 16 20 0 ) ( 10 14 1 0 )
8 10 ( 8 10 ) ( 8 14 23 10 )
10 12 ( 10 6 12 ) ( 10 23 2 12 )
14 13 ( 14 13 ) ( 14 24 8 3 13 )
5 15 ( 5 13 15 ) ( 5 24 1 15 )
7 1 ( 7 1 ) ( 7 13 15 1 )
1 20 ( 1 3 20 ) ( 1 8 24 20 )
18 1 ( 18 14 12 8 1 ) ( 18 17 1 )
13 15 ( 13 2 3 18 15 ) ( 13 11 5 15 )
14 7 ( 14 17 6 7 ) ( 14 11 8 16 7 )
6 0 ( 6 15 18 0 ) ( 6 12 11 24 0 )
5 23 ( 5 6 12 1 23 ) ( 5 15 7 18 23 )
18 15 ( 18 15 ) ( 18 14 15 )
16 1 ( 16 2 20 1 ) ( 16 11 23 1 )
8 18 ( 8 18 ) ( 8 1 12 6 18 )
10 24 ( 10 16 23 24 ) ( 10 15 24 )
6 2 ( 6 2 ) ( 6 3 2 )
16 10 ( 16 23 18 8 10 ) ( 16 1 10 )
16 23 ( 16 20 14 23 ) ( 16 1 17 23 )
10 2 ( 10 2 ) ( 10 24 7 6 2 )
7 23 ( 7 23 ) ( 7 24 3 14 23 )
0 11 ( 0 2 15 11 ) ( 0 12 24 18 11 )
1 6 ( 1 6 ) ( 1 10 6 )
11 6 ( 11 20 6 ) ( 11 15 14 6 )
7 15 ( 7 15 ) ( 7 11 15 )
11 16 ( 11 2 8 16 ) ( 11 13 17 23 16 )
18 16 ( 18 17 20 16 ) ( 18 2 7 14 16 )

EOF