DIMENSIONS
90 sommetsG2
85 sommetsG1
100 dem

SOMMETS
0  N0  C  41  49
1  N1  C  35  17
2  N2  C  55  45
3  N3  C  55  20
4  N4  C  15  30
5  N5  C  25  30
6  N6  C  20  50
7  N7  C  10  43
8  N8  C  55  60
9  N9  C  30  60
10  N10  C  20  65
11  N11  C  50  35
12  N12  C  30  25
13  N13  C  15  10
14  N14  C  30  5
15  N15  C  10  20
16  N16  C  5  30
17  N17  C  20  40
18  N18  C  15  60
19  N19  C  45  65
20  N20  C  45  20
21  N21  C  45  10
22  N22  C  55  5
23  N23  C  65  35
24  N24  C  65  20
25  N25  C  45  30
26  N26  C  35  40
27  N27  C  41  37
28  N28  C  64  42
29  N29  C  40  60
30  N30  C  31  52
31  N31  C  35  69
32  N32  C  53  52
33  N33  C  65  55
34  N34  C  63  65
35  N35  T  2  60
36  N36  C  20  20
37  N37  C  5  5
38  N38  C  60  12
39  N39  C  40  25
40  N40  C  42  7
41  N41  C  24  12
42  N42  C  23  3
43  N43  C  11  14
44  N44  C  6  38
45  N45  C  2  48
46  N46  C  8  56
47  N47  C  13  52
48  N48  C  6  68
49  N49  C  47  47
50  N50  C  49  58
51  N51  C  27  43
52  N52  C  37  31
53  N53  C  57  29
54  N54  C  63  23
55  N55  C  53  12
56  N56  C  32  12
57  N57  C  36  26
58  N58  C  21  24
59  N59  C  17  34
60  N60  C  12  24
61  N61  C  24  58
62  N62  C  27  69
63  N63  C  15  77
64  N64  C  62  77
65  N65  C  49  73
66  N66  C  67  5
67  N67  C  56  39
68  N68  C  37  47
69  N69  C  37  56
70  N70  T  57  68
71  N71  T  47  16
72  N72  C  44  17
73  N73  C  46  13
74  N74  C  49  11
75  N75  T  49  42
76  N76  C  53  43
77  N77  C  61  52
78  N78  C  57  48
79  N79  C  56  37
80  N80  C  55  54
81  N81  C  15  47
82  N82  T  14  37
83  N83  C  11  31
84  N84  C  16  22
85  N85  C  4  18
86  N86  C  28  18
87  N87  C  26  52
88  N88  C  26  35
89  N89  C  31  67

DEMANDES
17 30 ( 17 49 42 56 30 ) ( 17 32 30 )
46 85 ( 46 64 12 54 85 ) ( 46 1 21 85 )
12 72 ( 12 72 ) ( 12 11 9 72 )
89 19 ( 89 55 26 19 ) ( 89 57 47 44 19 )
87 26 ( 87 69 36 80 26 ) ( 87 25 31 26 )
72 6 ( 72 7 17 59 6 ) ( 72 80 31 6 )
5 1 ( 5 21 1 ) ( 5 87 1 )
81 76 ( 81 33 76 ) ( 81 68 46 76 )
60 47 ( 60 47 ) ( 60 83 64 47 )
25 66 ( 25 61 14 66 ) ( 25 39 79 66 )
74 29 ( 74 29 ) ( 74 31 61 86 29 )
52 59 ( 52 83 73 61 59 ) ( 52 81 43 59 )
19 85 ( 19 79 57 38 85 ) ( 19 55 85 )
25 27 ( 25 16 27 ) ( 25 24 27 )
50 37 ( 50 37 ) ( 50 9 11 44 37 )
68 88 ( 68 34 67 33 88 ) ( 68 26 20 52 88 )
21 13 ( 21 14 67 13 ) ( 21 6 13 )
85 4 ( 85 21 65 4 ) ( 85 59 4 )
87 57 ( 87 12 46 7 57 ) ( 87 6 57 )
18 41 ( 18 68 4 14 41 ) ( 18 89 80 41 )
11 89 ( 11 89 ) ( 11 6 0 83 89 )
53 16 ( 53 16 ) ( 53 73 32 16 )
49 52 ( 49 8 52 ) ( 49 47 68 27 52 )
89 51 ( 89 56 3 67 51 ) ( 89 74 83 78 51 )
74 88 ( 74 60 44 88 ) ( 74 14 80 6 88 )
58 22 ( 58 63 28 22 ) ( 58 29 22 )
20 6 ( 20 58 45 6 ) ( 20 87 6 )
25 49 ( 25 42 53 49 ) ( 25 84 49 )
40 30 ( 40 0 31 53 30 ) ( 40 74 21 30 )
60 43 ( 60 64 43 ) ( 60 16 43 )
55 3 ( 55 60 3 ) ( 55 57 31 16 3 )
54 56 ( 54 66 18 56 ) ( 54 61 56 )
58 23 ( 58 78 61 23 ) ( 58 8 23 )
10 32 ( 10 59 25 32 ) ( 10 69 29 32 )
17 88 ( 17 88 ) ( 17 29 16 39 88 )
86 68 ( 86 61 34 68 ) ( 86 69 68 )
84 77 ( 84 77 ) ( 84 49 26 81 77 )
81 78 ( 81 14 78 ) ( 81 24 77 78 )
44 41 ( 44 26 16 61 41 ) ( 44 65 12 41 )
54 44 ( 54 16 19 10 44 ) ( 54 12 32 29 44 )
83 81 ( 83 73 44 81 ) ( 83 30 59 54 81 )
23 13 ( 23 13 ) ( 23 58 13 )
32 25 ( 32 38 25 ) ( 32 84 25 )
52 23 ( 52 43 14 23 ) ( 52 79 56 46 23 )
18 50 ( 18 21 50 ) ( 18 29 65 57 50 )
88 30 ( 88 36 0 69 30 ) ( 88 26 30 )
10 77 ( 10 40 88 77 ) ( 10 63 77 )
18 42 ( 18 8 34 27 42 ) ( 18 59 42 )
72 11 ( 72 11 ) ( 72 41 11 )
62 39 ( 62 39 ) ( 62 52 47 39 )
53 32 ( 53 42 32 ) ( 53 15 54 47 32 )
55 53 ( 55 53 ) ( 55 6 8 83 53 )
15 43 ( 15 43 ) ( 15 26 32 79 43 )
30 73 ( 30 23 56 73 ) ( 30 27 73 )
19 17 ( 19 60 64 17 ) ( 19 18 17 )
36 28 ( 36 34 28 ) ( 36 47 28 )
13 49 ( 13 49 ) ( 13 34 27 49 )
66 23 ( 66 61 72 23 ) ( 66 62 28 23 )
58 0 ( 58 55 57 0 ) ( 58 46 36 32 0 )
64 72 ( 64 2 5 72 ) ( 64 61 72 )
16 55 ( 16 0 27 55 ) ( 16 23 58 55 )
77 16 ( 77 79 16 ) ( 77 58 28 14 16 )
45 74 ( 45 17 63 74 ) ( 45 78 49 66 74 )
83 20 ( 83 84 44 49 20 ) ( 83 73 53 20 )
59 89 ( 59 78 53 57 89 ) ( 59 68 89 )
69 23 ( 69 15 77 23 ) ( 69 78 59 23 )
37 55 ( 37 48 13 55 ) ( 37 52 2 55 )
63 46 ( 63 10 44 45 46 ) ( 63 4 73 46 )
34 57 ( 34 37 57 ) ( 34 22 57 )
36 1 ( 36 73 52 1 ) ( 36 40 42 1 )
89 5 ( 89 5 ) ( 89 53 20 5 )
19 56 ( 19 41 39 76 56 ) ( 19 85 80 69 56 )
30 48 ( 30 48 ) ( 30 85 41 48 )
79 87 ( 79 87 ) ( 79 68 81 87 )
23 68 ( 23 36 50 49 68 ) ( 23 55 68 )
17 43 ( 17 18 43 ) ( 17 54 77 43 )
9 33 ( 9 33 ) ( 9 53 60 33 )
53 5 ( 53 21 1 5 ) ( 53 30 0 5 )
83 54 ( 83 15 40 43 54 ) ( 83 57 86 13 54 )
26 79 ( 26 67 79 ) ( 26 42 24 85 79 )
11 77 ( 11 83 16 77 ) ( 11 25 15 18 77 )
56 15 ( 56 15 ) ( 56 85 15 )
1 14 ( 1 14 ) ( 1 58 9 14 )
55 6 ( 55 39 6 ) ( 55 26 21 6 )
50 17 ( 50 17 ) ( 50 73 67 17 )
32 89 ( 32 89 ) ( 32 18 59 89 )
62 29 ( 62 30 4 69 29 ) ( 62 72 61 29 )
81 28 ( 81 72 17 53 28 ) ( 81 4 28 )
9 14 ( 9 14 ) ( 9 53 14 )
5 80 ( 5 83 42 23 80 ) ( 5 52 80 )
15 52 ( 15 83 52 ) ( 15 47 65 20 52 )
23 57 ( 23 83 31 57 ) ( 23 18 57 )
47 36 ( 47 58 36 ) ( 47 39 24 63 36 )
29 19 ( 29 61 1 76 19 ) ( 29 54 19 )
28 60 ( 28 22 23 60 ) ( 28 6 46 80 60 )
55 47 ( 55 66 30 32 47 ) ( 55 3 2 0 47 )
43 26 ( 43 45 42 26 ) ( 43 7 17 83 26 )
3 7 ( 3 7 ) ( 3 55 8 86 7 )
78 14 ( 78 69 14 ) ( 78 0 52 66 14 )
66 83 ( 66 83 ) ( 66 85 9 24 83 )

EOF