DIMENSIONS
12 sommetsG2
10 sommetsG1
16 dem

SOMMETS
0  N0  C  63  71
1  N1  C  94  71
2  N2  C  142  370
3  N3  C  173  1276
4  N4  T  205  1213
5  N5  C  213  69
6  N6  C  244  69
7  N7  C  276  630
8  N8  C  283  732
9  N9  C  362  69
10  N10  T  394  69
11  N11  C  449  370

DEMANDES
9 2 ( 9 3 2 ) ( 9 6 5 7 2 )
6 11 ( 6 8 1 7 11 ) ( 6 0 2 11 )
1 9 ( 1 9 ) ( 1 11 2 9 )
6 7 ( 6 5 7 ) ( 6 11 3 7 )
9 6 ( 9 3 11 0 6 ) ( 9 1 2 6 )
7 0 ( 7 0 ) ( 7 2 11 0 )
3 6 ( 3 8 6 ) ( 3 0 5 11 6 )
11 8 ( 11 7 8 ) ( 11 1 5 9 8 )
3 2 ( 3 8 11 7 2 ) ( 3 5 9 2 )
8 5 ( 8 5 ) ( 8 11 1 7 5 )
5 7 ( 5 3 7 ) ( 5 2 6 1 7 )
1 5 ( 1 11 8 3 5 ) ( 1 2 7 9 5 )
1 8 ( 1 8 ) ( 1 0 6 2 8 )
8 7 ( 8 9 1 6 7 ) ( 8 0 2 7 )
5 9 ( 5 0 1 9 ) ( 5 11 2 7 9 )
2 1 ( 2 9 1 ) ( 2 6 5 8 1 )

EOF