DIMENSIONS
14 sommetsG2
12 sommetsG1
8 dem

SOMMETS
0  N0  C  63  71
1  N1  C  94  71
2  N2  C  142  370
3  N3  C  173  1276
4  N4  C  205  1213
5  N5  T  213  69
6  N6  C  244  69
7  N7  C  276  630
8  N8  C  283  732
9  N9  C  362  69
10  N10  C  394  69
11  N11  T  449  370
12  N12  C  480  1276
13  N13  C  512  1213

DEMANDES
10 12 ( 10 12 ) ( 10 3 7 12 )
6 8 ( 6 13 8 ) ( 6 12 10 8 )
1 8 ( 1 8 ) ( 1 2 8 )
1 13 ( 1 13 ) ( 1 8 4 13 )
8 7 ( 8 4 7 ) ( 8 10 12 3 7 )
4 12 ( 4 12 ) ( 4 7 1 2 12 )
9 12 ( 9 0 12 ) ( 9 6 12 )
0 3 ( 0 7 10 9 3 ) ( 0 6 13 8 3 )

EOF