DIMENSIONS
16 sommetsG2
14 sommetsG1
55 dem

SOMMETS
0  N0  C  63  71
1  N1  C  94  71
2  N2  C  142  370
3  N3  C  173  1276
4  N4  C  205  1213
5  N5  C  213  69
6  N6  T  244  69
7  N7  C  276  630
8  N8  C  283  732
9  N9  C  362  69
10  N10  C  394  69
11  N11  C  449  370
12  N12  C  480  1276
13  N13  T  512  1213
14  N14  C  528  157
15  N15  C  583  630

DEMANDES
12 14 ( 12 14 ) ( 12 4 8 14 )
7 10 ( 7 15 10 ) ( 7 14 11 10 )
2 9 ( 2 9 ) ( 2 12 9 )
2 1 ( 2 8 9 4 1 ) ( 2 10 1 )
8 7 ( 8 12 14 4 7 ) ( 8 5 7 )
1 15 ( 1 3 10 15 ) ( 1 14 15 )
5 1 ( 5 1 ) ( 5 3 15 1 )
14 4 ( 14 12 8 4 ) ( 14 10 0 4 )
7 14 ( 7 4 11 10 14 ) ( 7 5 2 3 14 )
14 5 ( 14 9 10 5 ) ( 14 7 3 15 5 )
14 2 ( 14 9 4 12 2 ) ( 14 7 3 2 )
3 4 ( 3 2 14 4 ) ( 3 1 7 4 )
12 15 ( 12 11 5 4 15 ) ( 12 3 9 2 15 )
11 2 ( 11 1 15 0 2 ) ( 11 8 2 )
2 3 ( 2 10 15 12 3 ) ( 2 1 8 7 3 )
9 12 ( 9 12 ) ( 9 15 12 )
3 14 ( 3 14 ) ( 3 0 1 9 14 )
5 8 ( 5 10 1 8 ) ( 5 12 4 8 )
15 9 ( 15 10 0 11 9 ) ( 15 14 7 2 9 )
14 1 ( 14 10 3 1 ) ( 14 11 1 )
5 3 ( 5 3 ) ( 5 10 8 3 )
15 4 ( 15 1 7 4 ) ( 15 9 5 0 4 )
5 9 ( 5 10 7 4 9 ) ( 5 11 9 )
0 11 ( 0 5 2 11 ) ( 0 9 10 11 )
11 5 ( 11 14 10 5 ) ( 11 4 5 )
8 1 ( 8 10 1 ) ( 8 5 9 4 1 )
12 4 ( 12 15 4 ) ( 12 0 4 )
15 14 ( 15 1 10 12 14 ) ( 15 3 8 4 14 )
4 7 ( 4 2 7 ) ( 4 10 11 9 7 )
7 11 ( 7 11 ) ( 7 1 11 )
2 5 ( 2 14 5 ) ( 2 9 7 10 5 )
9 4 ( 9 4 ) ( 9 1 4 )
10 5 ( 10 1 5 ) ( 10 14 5 )
10 12 ( 10 14 12 ) ( 10 8 12 )
3 8 ( 3 5 8 ) ( 3 11 10 15 8 )
2 0 ( 2 4 1 11 0 ) ( 2 7 15 3 0 )
7 1 ( 7 1 ) ( 7 4 10 1 )
12 2 ( 12 2 ) ( 12 7 2 )
12 11 ( 12 9 11 ) ( 12 8 11 )
7 2 ( 7 9 3 2 ) ( 7 1 14 2 )
0 4 ( 0 3 9 1 4 ) ( 0 10 12 4 )
11 3 ( 11 8 3 ) ( 11 2 3 )
8 0 ( 8 4 0 ) ( 8 11 10 0 )
8 14 ( 8 11 4 14 ) ( 8 10 0 9 14 )
10 8 ( 10 11 8 ) ( 10 12 2 8 )
0 1 ( 0 9 11 1 ) ( 0 4 1 )
4 10 ( 4 5 14 2 10 ) ( 4 8 10 )
10 14 ( 10 14 ) ( 10 11 8 14 )
11 14 ( 11 14 ) ( 11 8 7 15 14 )
10 15 ( 10 9 12 4 15 ) ( 10 7 15 )
10 9 ( 10 8 2 9 ) ( 10 0 11 9 )
0 10 ( 0 3 10 ) ( 0 11 10 )
9 7 ( 9 0 7 ) ( 9 1 10 3 7 )
3 10 ( 3 7 15 14 10 ) ( 3 12 5 8 10 )
3 7 ( 3 14 15 2 7 ) ( 3 12 4 7 )

EOF