DIMENSIONS
70 sommetsG2
65 sommetsG1
110 dem

SOMMETS
0  N0  C  63  71
1  N1  C  94  71
2  N2  C  142  370
3  N3  C  173  1276
4  N4  C  205  1213
5  N5  C  213  69
6  N6  C  244  69
7  N7  C  276  630
8  N8  C  283  732
9  N9  C  362  69
10  N10  C  394  69
11  N11  C  449  370
12  N12  C  480  1276
13  N13  C  512  1213
14  N14  C  528  157
15  N15  C  583  630
16  N16  C  591  732
17  N17  C  638  654
18  N18  C  638  496
19  N19  C  638  314
20  N20  C  638  142
21  N21  C  669  142
22  N22  C  677  315
23  N23  C  677  496
24  N24  C  677  654
25  N25  C  709  654
26  N26  C  709  496
27  N27  T  709  315
28  N28  C  701  142
29  N29  C  764  220
30  N30  C  811  189
31  N31  C  843  173
32  N32  C  858  370
33  N33  C  890  1276
34  N34  C  921  1213
35  N35  C  992  630
36  N36  C  1000  732
37  N37  C  1197  1276
38  N38  C  1228  1213
39  N39  C  1276  205
40  N40  C  1299  630
41  N41  C  1307  732
42  N42  C  1362  654
43  N43  C  1362  496
44  N44  C  1362  291
45  N45  C  1425  654
46  N46  C  1425  496
47  N47  C  1425  291
48  N48  C  1417  173
49  N49  C  1488  291
50  N50  C  1488  496
51  N51  C  1488  654
52  N52  C  1551  654
53  N53  C  1551  496
54  N54  T  1551  291
55  N55  T  1614  291
56  N56  C  1614  496
57  N57  C  1614  654
58  N58  T  1732  189
59  N59  C  1811  1276
60  N60  C  1843  1213
61  N61  C  1913  630
62  N62  C  1921  732
63  N63  T  2087  370
64  N64  C  2118  1276
65  N65  C  2150  1213
66  N66  C  2189  205
67  N67  C  2220  189
68  N68  C  2220  630
69  N69  C  2228  732

DEMANDES
13 23 ( 13 38 33 44 23 ) ( 13 25 23 )
35 66 ( 35 50 9 42 66 ) ( 35 1 17 66 )
9 56 ( 9 56 ) ( 9 7 69 56 )
15 35 ( 15 20 44 36 35 ) ( 15 34 68 35 )
20 53 ( 20 28 62 53 ) ( 20 19 24 56 53 )
64 4 ( 64 6 13 46 4 ) ( 64 62 24 4 )
4 1 ( 4 16 1 ) ( 4 67 1 )
59 18 ( 59 53 35 18 ) ( 59 46 37 18 )
2 30 ( 2 50 19 51 30 ) ( 2 44 24 48 30 )
11 30 ( 11 23 16 62 30 ) ( 11 24 48 66 30 )
41 46 ( 41 64 57 47 46 ) ( 41 33 15 46 )
66 64 ( 66 64 ) ( 66 44 30 43 64 )
19 21 ( 19 13 21 ) ( 19 38 21 )
29 11 ( 29 8 34 53 11 ) ( 29 68 11 )
65 47 ( 65 25 47 ) ( 65 20 16 40 47 )
17 10 ( 17 11 52 10 ) ( 17 5 10 )
66 3 ( 66 16 51 3 ) ( 66 45 3 )
67 44 ( 67 9 36 5 44 ) ( 67 4 44 )
14 32 ( 14 52 3 11 32 ) ( 14 69 62 32 )
8 69 ( 8 69 ) ( 8 5 0 64 69 )
41 12 ( 41 12 ) ( 41 57 25 12 )
38 40 ( 38 6 40 ) ( 38 37 53 21 40 )
69 40 ( 69 44 2 52 40 ) ( 69 64 61 68 40 )
52 68 ( 52 11 62 68 ) ( 52 5 45 68 )
17 44 ( 17 44 ) ( 17 22 23 16 44 )
5 44 ( 5 44 ) ( 5 35 68 44 )
19 38 ( 19 33 41 38 ) ( 19 66 38 )
31 23 ( 31 0 24 41 23 ) ( 31 16 47 23 )
33 21 ( 33 43 2 21 ) ( 33 28 21 )
48 47 ( 48 12 42 47 ) ( 48 43 51 47 )
22 51 ( 22 51 ) ( 22 47 45 18 51 )
37 6 ( 37 48 6 ) ( 37 7 25 40 6 )
20 23 ( 20 23 ) ( 20 0 57 13 23 )
30 67 ( 30 48 8 26 67 ) ( 30 66 64 60 67 )
14 38 ( 14 61 38 ) ( 14 34 40 11 38 )
19 60 ( 19 59 60 ) ( 19 34 20 60 )
12 47 ( 12 42 34 47 ) ( 12 50 47 )
12 15 ( 12 9 15 ) ( 12 25 15 )
22 65 ( 22 57 34 23 65 ) ( 22 46 42 65 )
18 10 ( 18 10 ) ( 18 45 10 )
25 20 ( 25 29 20 ) ( 25 65 20 )
40 18 ( 40 34 11 18 ) ( 40 61 43 36 18 )
14 39 ( 14 17 39 ) ( 14 22 51 44 39 )
68 23 ( 68 28 0 20 23 ) ( 68 8 23 )
60 50 ( 60 50 ) ( 60 69 49 50 )
14 33 ( 14 6 26 21 33 ) ( 14 45 33 )
3 32 ( 3 30 8 41 32 ) ( 3 40 37 25 32 )
21 62 ( 21 42 62 ) ( 21 36 62 )
43 41 ( 43 41 ) ( 43 4 6 64 41 )
11 33 ( 11 33 ) ( 11 20 25 61 33 )
24 57 ( 24 18 43 57 ) ( 24 21 57 )
15 13 ( 15 47 50 13 ) ( 15 14 13 )
28 22 ( 28 37 22 ) ( 28 10 22 )
38 1 ( 38 21 1 ) ( 38 51 18 1 )
45 38 ( 45 56 48 21 38 ) ( 45 0 37 59 38 )
43 44 ( 43 25 50 44 ) ( 43 56 47 44 )
10 2 ( 10 2 ) ( 10 13 43 49 2 )
39 0 ( 39 0 ) ( 39 18 0 )
45 60 ( 45 60 ) ( 45 46 61 60 )
45 21 ( 45 10 35 47 21 ) ( 45 13 21 )
49 60 ( 49 65 16 60 ) ( 49 64 38 34 60 )
38 65 ( 38 41 46 69 65 ) ( 38 22 61 44 65 )
53 18 ( 53 11 60 18 ) ( 53 61 46 18 )
28 42 ( 28 37 10 42 ) ( 28 40 2 42 )
49 36 ( 49 7 34 35 36 ) ( 49 3 57 36 )
26 44 ( 26 28 44 ) ( 26 17 44 )
28 1 ( 28 56 40 1 ) ( 28 31 33 1 )
69 4 ( 69 4 ) ( 69 41 15 4 )
15 44 ( 15 32 30 59 44 ) ( 15 66 62 53 44 )
23 37 ( 23 37 ) ( 23 66 32 37 )
61 67 ( 61 67 ) ( 61 53 18 67 )
53 67 ( 53 39 67 ) ( 53 38 43 67 )
13 33 ( 13 64 33 ) ( 13 14 42 33 )
60 7 ( 60 45 7 ) ( 60 41 7 )
47 41 ( 47 41 ) ( 47 39 16 41 )
1 24 ( 1 24 ) ( 1 42 53 62 24 )
65 12 ( 65 44 12 ) ( 65 67 10 12 )
20 61 ( 20 52 61 ) ( 20 33 19 66 61 )
8 60 ( 8 64 12 60 ) ( 8 19 11 14 60 )
43 12 ( 43 12 ) ( 43 66 12 )
0 11 ( 0 11 ) ( 0 45 64 11 )
7 42 ( 7 42 ) ( 7 34 30 42 )
20 17 ( 20 13 2 30 17 ) ( 20 56 52 17 )
24 69 ( 24 69 ) ( 24 14 46 69 )
48 22 ( 48 23 3 53 22 ) ( 48 56 47 22 )
21 52 ( 21 13 52 ) ( 21 41 3 7 52 )
11 17 ( 11 17 ) ( 11 4 62 17 )
64 32 ( 64 11 32 ) ( 64 40 33 32 )
57 64 ( 57 51 15 64 ) ( 57 18 44 64 )
37 1 ( 37 14 36 28 1 ) ( 37 21 47 1 )
45 31 ( 45 23 31 ) ( 45 15 53 18 31 )
47 1 ( 47 42 22 46 1 ) ( 47 36 59 17 1 )
17 5 ( 17 42 37 5 ) ( 17 57 67 51 5 )
24 25 ( 24 25 ) ( 24 0 25 )
34 20 ( 34 35 32 20 ) ( 34 5 13 33 20 )
64 3 ( 64 3 ) ( 64 49 3 )
42 6 ( 42 11 33 53 6 ) ( 42 0 40 51 6 )
52 64 ( 52 64 ) ( 52 66 7 19 64 )
16 56 ( 16 56 ) ( 16 19 12 65 56 )
53 6 ( 53 23 48 31 6 ) ( 53 30 45 22 6 )
42 9 ( 42 9 ) ( 42 46 8 9 )
61 40 ( 61 40 ) ( 61 37 21 66 40 )
53 8 ( 53 8 ) ( 53 14 31 8 )
11 21 ( 11 45 21 ) ( 11 8 21 )
32 5 ( 32 47 60 4 5 ) ( 32 3 36 12 5 )
64 7 ( 64 44 7 ) ( 64 49 37 7 )
28 57 ( 28 15 26 57 ) ( 28 6 56 52 57 )
65 59 ( 65 44 36 43 59 ) ( 65 35 40 47 59 )
2 52 ( 2 10 13 52 ) ( 2 59 52 )
51 12 ( 51 7 62 12 ) ( 51 33 12 )

EOF