DIMENSIONS
12 sommetsG2
10 sommetsG1
8 dem

SOMMETS
0  N0  C  155.42  150.65
1  N1  C  375.92  164.65
2  N2  C  183.92  150.65
3  N3  C  205.42  150.65
4  N4  T  205.42  171.65
5  N5  C  226.42  171.65
6  N6  C  226.42  186.15
7  N7  C  226.42  207.15
8  N8  C  226.42  235.65
9  N9  C  226.42  264.15
10  N10  T  226.42  292.65
11  N11  C  226.42  314.15

DEMANDES
9 2 ( 9 3 2 ) ( 9 6 5 7 2 )
6 11 ( 6 8 1 7 11 ) ( 6 0 2 11 )
1 9 ( 1 9 ) ( 1 11 2 9 )
6 7 ( 6 5 7 ) ( 6 11 3 7 )
9 6 ( 9 3 11 0 6 ) ( 9 1 2 6 )
7 0 ( 7 0 ) ( 7 2 11 0 )
3 6 ( 3 8 6 ) ( 3 0 5 11 6 )
11 8 ( 11 7 8 ) ( 11 1 5 9 8 )

EOF