DIMENSIONS
20 sommetsG2
18 sommetsG1
20 dem

SOMMETS
0  N0  C  155.42  150.65
1  N1  C  375.92  164.65
2  N2  C  183.92  150.65
3  N3  C  205.42  150.65
4  N4  C  205.42  171.65
5  N5  C  226.42  171.65
6  N6  C  226.42  186.15
7  N7  T  226.42  207.15
8  N8  C  226.42  235.65
9  N9  C  226.42  264.15
10  N10  C  226.42  292.65
11  N11  C  226.42  314.15
12  N12  C  226.42  335.65
13  N13  C  205.42  335.65
14  N14  C  190.92  335.65
15  N15  C  190.92  328.15
16  N16  T  176.92  328.15
17  N17  C  176.92  299.65
18  N18  C  155.42  299.65
19  N19  C  155.42  328.15

DEMANDES
15 18 ( 15 18 ) ( 15 5 11 18 )
9 12 ( 9 19 12 ) ( 9 18 14 12 )
2 12 ( 2 12 ) ( 2 3 12 )
8 2 ( 8 2 ) ( 8 4 10 12 2 )
5 12 ( 5 19 15 12 ) ( 5 10 8 12 )
17 5 ( 17 18 5 ) ( 17 1 10 3 5 )
13 17 ( 13 0 17 ) ( 13 9 17 )
1 4 ( 1 17 5 10 4 ) ( 1 15 13 0 4 )
8 18 ( 8 5 14 12 18 ) ( 8 13 3 17 18 )
6 4 ( 6 13 19 11 4 ) ( 6 17 8 4 )
18 13 ( 18 4 19 2 13 ) ( 18 17 12 13 )
8 12 ( 8 6 12 ) ( 8 4 3 5 12 )
11 8 ( 11 8 ) ( 11 2 9 15 8 )
19 18 ( 19 14 5 18 ) ( 19 4 11 18 )
4 3 ( 4 15 14 3 ) ( 4 1 3 )
19 1 ( 19 4 15 1 ) ( 19 14 1 )
13 19 ( 13 1 2 19 ) ( 13 10 4 9 19 )
11 15 ( 11 15 ) ( 11 19 15 )
4 17 ( 4 17 ) ( 4 1 0 18 17 )
11 3 ( 11 3 ) ( 11 18 9 3 )

EOF