DIMENSIONS
25 sommetsG2
20 sommetsG1
12 dem

SOMMETS
0  N0  C  155.42  150.65
1  N1  C  375.92  164.65
2  N2  C  183.92  150.65
3  N3  C  205.42  150.65
4  N4  T  205.42  171.65
5  N5  C  226.42  171.65
6  N6  C  226.42  186.15
7  N7  C  226.42  207.15
8  N8  C  226.42  235.65
9  N9  T  226.42  264.15
10  N10  C  226.42  292.65
11  N11  C  226.42  314.15
12  N12  C  226.42  335.65
13  N13  C  205.42  335.65
14  N14  C  190.92  335.65
15  N15  C  190.92  328.15
16  N16  C  176.92  328.15
17  N17  C  176.92  299.65
18  N18  C  155.42  299.65
19  N19  T  155.42  328.15
20  N20  C  155.42  356.65
21  N21  T  183.92  356.65
22  N22  T  219.42  356.65
23  N23  C  240.92  356.65
24  N24  C  269.42  356.65

DEMANDES
8 6 ( 8 15 12 6 ) ( 8 23 17 6 )
3 15 ( 3 15 ) ( 3 20 15 )
3 10 ( 3 10 ) ( 3 24 10 )
5 12 ( 5 7 15 13 12 ) ( 5 24 10 12 )
7 8 ( 7 1 23 13 8 ) ( 7 2 16 0 8 )
11 1 ( 11 1 ) ( 11 6 13 12 1 )
16 13 ( 16 13 ) ( 16 23 18 13 )
7 18 ( 7 17 11 18 ) ( 7 20 8 18 )
5 8 ( 5 14 16 8 ) ( 5 10 23 20 8 )
17 12 ( 17 12 ) ( 17 23 3 16 12 )
10 15 ( 10 7 15 ) ( 10 11 5 6 15 )
13 10 ( 13 10 ) ( 13 2 3 12 10 )

EOF