DIMENSIONS
30 sommetsG2
25 sommetsG1
45 dem

SOMMETS
0  N0  C  155.42  150.65
1  N1  C  375.92  164.65
2  N2  C  183.92  150.65
3  N3  C  205.42  150.65
4  N4  C  205.42  171.65
5  N5  T  226.42  171.65
6  N6  C  226.42  186.15
7  N7  C  226.42  207.15
8  N8  C  226.42  235.65
9  N9  C  226.42  264.15
10  N10  C  226.42  292.65
11  N11  T  226.42  314.15
12  N12  C  226.42  335.65
13  N13  C  205.42  335.65
14  N14  C  190.92  335.65
15  N15  C  190.92  328.15
16  N16  C  176.92  328.15
17  N17  C  176.92  299.65
18  N18  C  155.42  299.65
19  N19  C  155.42  328.15
20  N20  C  155.42  356.65
21  N21  C  183.92  356.65
22  N22  C  219.42  356.65
23  N23  T  240.92  356.65
24  N24  C  269.42  356.65
25  N25  T  290.42  356.65
26  N26  C  387.42  136.15
27  N27  T  318.92  356.65
28  N28  C  318.92  335.65
29  N29  C  318.92  328.15

DEMANDES
10 8 ( 10 18 15 8 ) ( 10 28 19 8 )
21 4 ( 21 7 24 4 ) ( 21 12 4 )
3 29 ( 3 29 ) ( 3 18 8 29 )
19 15 ( 19 8 15 ) ( 19 12 26 10 15 )
24 2 ( 24 19 26 10 2 ) ( 24 1 0 2 )
13 1 ( 13 1 ) ( 13 7 16 22 1 )
15 20 ( 15 13 21 20 ) ( 15 8 20 )
22 19 ( 22 4 19 ) ( 22 13 26 24 19 )
9 6 ( 9 20 28 17 6 ) ( 9 19 13 6 )
24 20 ( 24 6 28 4 20 ) ( 24 26 19 20 )
12 18 ( 12 9 18 ) ( 12 13 6 8 18 )
16 12 ( 16 12 ) ( 16 3 14 22 12 )
29 28 ( 29 22 8 28 ) ( 29 6 17 28 )
7 4 ( 7 22 2 4 ) ( 7 28 4 )
1 15 ( 1 15 ) ( 1 21 15 )
19 29 ( 19 2 4 29 ) ( 19 15 6 13 29 )
24 17 ( 24 4 29 6 17 ) ( 24 26 17 )
1 26 ( 1 26 ) ( 1 17 26 )
4 24 ( 4 17 24 ) ( 4 13 20 24 )
2 15 ( 2 29 17 26 15 ) ( 2 22 15 )
18 1 ( 18 26 24 1 ) ( 18 29 22 20 1 )
14 4 ( 14 2 19 7 4 ) ( 14 18 6 21 4 )
2 18 ( 2 18 ) ( 2 15 29 18 )
8 16 ( 8 14 17 16 ) ( 8 28 16 )
13 10 ( 13 0 17 24 10 ) ( 13 7 20 10 )
14 9 ( 14 18 1 9 ) ( 14 12 9 )
20 19 ( 20 18 19 ) ( 20 21 19 )
9 22 ( 9 22 ) ( 9 20 19 7 22 )
7 26 ( 7 3 10 26 ) ( 7 17 26 )
17 19 ( 17 8 19 ) ( 17 9 29 0 19 )
24 9 ( 24 9 ) ( 24 28 22 9 )
20 3 ( 20 28 6 3 ) ( 20 16 8 3 )
26 14 ( 26 8 13 14 ) ( 26 20 14 )
18 14 ( 18 6 3 4 14 ) ( 18 10 9 24 14 )
14 10 ( 14 18 10 ) ( 14 7 4 10 )
2 3 ( 2 8 9 3 ) ( 2 12 28 3 )
17 7 ( 17 14 4 7 ) ( 17 26 18 15 7 )
6 16 ( 6 7 16 ) ( 6 9 21 19 16 )
29 10 ( 29 12 0 8 10 ) ( 29 3 10 )
21 1 ( 21 6 1 ) ( 21 14 2 9 1 )
19 24 ( 19 24 ) ( 19 1 24 )
13 20 ( 13 17 20 ) ( 13 15 20 )
17 10 ( 17 14 10 ) ( 17 18 15 7 10 )
2 14 ( 2 14 ) ( 2 8 10 26 14 )
10 24 ( 10 7 18 24 ) ( 10 9 24 )

EOF