DIMENSIONS
16 sommetsG2
14 sommetsG1
30 dem

SOMMETS
0  N0  C  9860  14152
1  N1  C  9396  14616
2  N2  C  11252  14848
3  N3  C  11020  13456
4  N4  C  9512  15776
5  N5  C  10788  13804
6  N6  T  10208  14384
7  N7  C  11600  13456
8  N8  C  11252  14036
9  N9  C  10672  15080
10  N10  C  11136  14152
11  N11  C  9860  13108
12  N12  C  10092  14964
13  N13  T  9512  13340
14  N14  C  10556  13688
15  N15  C  9628  14036

DEMANDES
12 14 ( 12 14 ) ( 12 4 8 14 )
7 10 ( 7 15 10 ) ( 7 14 11 10 )
2 9 ( 2 9 ) ( 2 12 9 )
2 1 ( 2 8 9 4 1 ) ( 2 10 1 )
8 7 ( 8 12 14 4 7 ) ( 8 5 7 )
1 15 ( 1 3 10 15 ) ( 1 14 15 )
5 1 ( 5 1 ) ( 5 3 15 1 )
14 4 ( 14 12 8 4 ) ( 14 10 0 4 )
7 14 ( 7 4 11 10 14 ) ( 7 5 2 3 14 )
14 5 ( 14 9 10 5 ) ( 14 7 3 15 5 )
14 2 ( 14 9 4 12 2 ) ( 14 7 3 2 )
3 4 ( 3 2 14 4 ) ( 3 1 7 4 )
12 15 ( 12 11 5 4 15 ) ( 12 3 9 2 15 )
11 2 ( 11 1 15 0 2 ) ( 11 8 2 )
2 3 ( 2 10 15 12 3 ) ( 2 1 8 7 3 )
9 12 ( 9 12 ) ( 9 15 12 )
3 14 ( 3 14 ) ( 3 0 1 9 14 )
5 8 ( 5 10 1 8 ) ( 5 12 4 8 )
15 9 ( 15 10 0 11 9 ) ( 15 14 7 2 9 )
14 1 ( 14 10 3 1 ) ( 14 11 1 )
5 3 ( 5 3 ) ( 5 10 8 3 )
15 4 ( 15 1 7 4 ) ( 15 9 5 0 4 )
5 9 ( 5 10 7 4 9 ) ( 5 11 9 )
0 11 ( 0 5 2 11 ) ( 0 9 10 11 )
11 5 ( 11 14 10 5 ) ( 11 4 5 )
8 1 ( 8 10 1 ) ( 8 5 9 4 1 )
12 4 ( 12 15 4 ) ( 12 0 4 )
15 14 ( 15 1 10 12 14 ) ( 15 3 8 4 14 )
4 7 ( 4 2 7 ) ( 4 10 11 9 7 )
7 11 ( 7 11 ) ( 7 1 11 )

EOF