DIMENSIONS
8 sommetsG2
6 sommetsG1
15 dem

SOMMETS
0  N0  C  9860  14152
1  N1  C  9396  14616
2  N2  C  11252  14848
3  N3  T  11020  13456
4  N4  C  9512  15776
5  N5  C  10788  13804
6  N6  T  10208  14384
7  N7  C  11600  13456

DEMANDES
7 1 ( 7 1 ) ( 7 2 4 1 )
5 2 ( 5 7 2 ) ( 5 1 4 2 )
0 1 ( 0 1 ) ( 0 7 4 1 )
4 2 ( 4 7 2 ) ( 4 0 1 2 )
5 7 ( 5 7 ) ( 5 0 7 )
7 2 ( 7 4 2 ) ( 7 5 2 )
4 0 ( 4 0 ) ( 4 7 5 0 )
5 1 ( 5 1 ) ( 5 2 7 1 )
7 4 ( 7 5 4 ) ( 7 1 2 4 )
2 1 ( 2 1 ) ( 2 4 1 )
4 1 ( 4 1 ) ( 4 5 0 1 )
7 0 ( 7 1 0 ) ( 7 5 0 )
5 0 ( 5 0 ) ( 5 1 4 0 )
4 5 ( 4 5 ) ( 4 2 7 5 )
2 0 ( 2 0 ) ( 2 1 5 0 )

EOF