DIMENSIONS
35 sommetsG2
30 sommetsG1
10 dem

SOMMETS
0  N0  C  9860  14152
1  N1  C  9396  14616
2  N2  C  11252  14848
3  N3  C  11020  13456
4  N4  C  9512  15776
5  N5  C  10788  13804
6  N6  T  10208  14384
7  N7  C  11600  13456
8  N8  C  11252  14036
9  N9  C  10672  15080
10  N10  C  11136  14152
11  N11  C  9860  13108
12  N12  C  10092  14964
13  N13  T  9512  13340
14  N14  C  10556  13688
15  N15  C  9628  14036
16  N16  C  10904  13108
17  N17  C  11368  12644
18  N18  C  11252  13340
19  N19  C  10672  13340
20  N20  C  11020  13108
21  N21  C  11020  13340
22  N22  C  11136  13572
23  N23  C  11020  13688
24  N24  C  8468  11136
25  N25  C  8932  12064
26  N26  C  9512  12412
27  N27  T  7772  11020
28  N28  C  8352  10672
29  N29  T  9164  12876
30  N30  C  9744  12528
31  N31  T  8352  10324
32  N32  C  8236  11020
33  N33  C  8468  12876
34  N34  C  8700  14036

DEMANDES
11 26 ( 11 16 26 ) ( 11 22 12 26 )
17 33 ( 17 25 4 21 33 ) ( 17 0 8 33 )
4 28 ( 4 28 ) ( 4 3 34 28 )
7 17 ( 7 10 22 18 17 ) ( 7 34 26 17 )
18 26 ( 18 9 26 ) ( 18 12 28 32 26 )
2 33 ( 2 23 12 33 ) ( 2 0 33 )
16 2 ( 16 2 ) ( 16 9 18 26 2 )
17 23 ( 17 15 32 23 ) ( 17 25 23 )
9 25 ( 9 24 5 25 ) ( 9 15 30 25 )
11 8 ( 11 24 33 20 8 ) ( 11 23 30 8 )

EOF