DIMENSIONS
55 sommetsG2
50 sommetsG1
50 dem

SOMMETS
0  N0  C  9860  14152
1  N1  C  9396  14616
2  N2  C  11252  14848
3  N3  C  11020  13456
4  N4  C  9512  15776
5  N5  C  10788  13804
6  N6  C  10208  14384
7  N7  C  11600  13456
8  N8  C  11252  14036
9  N9  C  10672  15080
10  N10  T  11136  14152
11  N11  C  9860  13108
12  N12  C  10092  14964
13  N13  C  9512  13340
14  N14  C  10556  13688
15  N15  C  9628  14036
16  N16  C  10904  13108
17  N17  C  11368  12644
18  N18  C  11252  13340
19  N19  C  10672  13340
20  N20  C  11020  13108
21  N21  T  11020  13340
22  N22  C  11136  13572
23  N23  C  11020  13688
24  N24  C  8468  11136
25  N25  C  8932  12064
26  N26  C  9512  12412
27  N27  C  7772  11020
28  N28  C  8352  10672
29  N29  C  9164  12876
30  N30  C  9744  12528
31  N31  C  8352  10324
32  N32  C  8236  11020
33  N33  C  8468  12876
34  N34  C  8700  14036
35  N35  C  8932  13688
36  N36  C  9048  13804
37  N37  C  8468  12296
38  N38  C  8352  12644
39  N39  C  8236  13572
40  N40  C  9164  13340
41  N41  C  8004  12760
42  N42  C  8584  13108
43  N43  T  7772  14732
44  N44  C  7540  15080
45  N45  C  7424  17516
46  N46  T  8352  17052
47  N47  C  7540  16820
48  N48  C  7888  17168
49  N49  C  9744  15196
50  N50  T  9164  14964
51  N51  C  9744  16240
52  N52  C  7888  16936
53  N53  C  8236  15428
54  N54  C  9512  17400

DEMANDES
18 42 ( 18 26 42 ) ( 18 34 20 42 )
28 52 ( 28 39 7 33 52 ) ( 28 0 13 52 )
7 44 ( 7 44 ) ( 7 5 54 44 )
12 28 ( 12 16 35 27 28 ) ( 12 53 42 28 )
28 42 ( 28 15 42 ) ( 28 19 44 3 42 )
4 36 ( 4 3 1 25 36 ) ( 4 13 53 36 )
49 14 ( 49 41 28 14 ) ( 49 36 29 14 )
2 24 ( 2 39 15 40 24 ) ( 2 35 19 37 24 )
9 24 ( 9 18 12 49 24 ) ( 9 19 37 52 24 )
32 36 ( 32 44 37 26 36 ) ( 32 11 52 36 )
8 48 ( 8 34 15 48 ) ( 8 16 24 48 )
12 15 ( 12 9 49 15 ) ( 12 5 6 15 )
27 41 ( 27 37 20 16 41 ) ( 27 12 32 13 41 )
8 40 ( 8 40 ) ( 8 9 4 52 40 )
2 28 ( 2 28 ) ( 2 40 28 )
36 53 ( 36 5 7 53 ) ( 36 28 4 3 53 )
11 25 ( 11 41 2 8 25 ) ( 11 54 48 25 )
6 54 ( 6 54 ) ( 6 3 0 32 54 )
9 8 ( 9 45 8 ) ( 9 19 30 31 8 )
24 37 ( 24 37 ) ( 24 41 16 37 )
54 31 ( 54 34 1 41 31 ) ( 54 45 48 53 31 )
40 49 ( 40 27 9 45 49 ) ( 40 48 4 35 49 )
13 34 ( 13 34 ) ( 13 17 18 12 34 )
4 34 ( 4 34 ) ( 4 28 53 34 )
15 30 ( 15 25 32 30 ) ( 15 51 30 )
24 18 ( 24 0 32 45 18 ) ( 24 12 37 18 )
26 16 ( 26 34 2 16 ) ( 26 22 16 )
38 37 ( 38 33 34 37 ) ( 38 40 18 37 )
40 11 ( 40 35 14 29 11 ) ( 40 4 48 37 11 )
5 6 ( 5 32 6 ) ( 5 36 15 6 )
42 15 ( 42 54 15 ) ( 42 0 15 )
45 18 ( 45 18 ) ( 45 52 42 18 )
38 6 ( 38 42 51 6 ) ( 38 47 11 6 )
30 16 ( 30 48 27 31 16 ) ( 30 8 15 47 16 )
27 25 ( 27 16 9 37 25 ) ( 27 40 7 25 )
33 27 ( 33 9 12 6 27 ) ( 33 7 19 17 27 )
51 49 ( 51 44 27 49 ) ( 51 18 36 33 49 )
14 8 ( 14 8 ) ( 14 35 8 )
19 15 ( 19 23 15 ) ( 19 51 15 )
32 14 ( 32 26 8 14 ) ( 32 48 34 28 14 )
11 30 ( 11 13 30 ) ( 11 17 40 35 30 )
54 18 ( 54 22 0 42 18 ) ( 54 16 18 )
6 47 ( 6 24 54 47 ) ( 6 38 47 )
11 26 ( 11 5 16 36 26 ) ( 11 44 26 )
7 2 ( 7 2 ) ( 7 42 38 2 )
24 6 ( 24 29 32 6 ) ( 24 19 16 6 )
48 26 ( 48 26 ) ( 48 28 34 26 )
32 12 ( 32 5 9 26 12 ) ( 32 45 12 )
48 18 ( 48 1 14 42 18 ) ( 48 34 45 18 )
16 12 ( 16 12 ) ( 16 6 37 12 )

EOF