DIMENSIONS
12 sommetsG2
10 sommetsG1
20 dem

SOMMETS
0  N0  C  41  49
1  N1  C  35  17
2  N2  C  55  45
3  N3  C  55  20
4  N4  T  15  30
5  N5  C  25  30
6  N6  C  20  50
7  N7  C  10  43
8  N8  C  55  60
9  N9  C  30  60
10  N10  T  20  65
11  N11  C  50  35

DEMANDES
9 2 ( 9 3 2 ) ( 9 6 5 7 2 )
6 11 ( 6 8 1 7 11 ) ( 6 0 2 11 )
1 9 ( 1 9 ) ( 1 11 2 9 )
6 7 ( 6 5 7 ) ( 6 11 3 7 )
9 6 ( 9 3 11 0 6 ) ( 9 1 2 6 )
7 0 ( 7 0 ) ( 7 2 11 0 )
3 6 ( 3 8 6 ) ( 3 0 5 11 6 )
11 8 ( 11 7 8 ) ( 11 1 5 9 8 )
3 2 ( 3 8 11 7 2 ) ( 3 5 9 2 )
8 5 ( 8 5 ) ( 8 11 1 7 5 )
5 7 ( 5 3 7 ) ( 5 2 6 1 7 )
1 5 ( 1 11 8 3 5 ) ( 1 2 7 9 5 )
1 8 ( 1 8 ) ( 1 0 6 2 8 )
8 7 ( 8 9 1 6 7 ) ( 8 0 2 7 )
5 9 ( 5 0 1 9 ) ( 5 11 2 7 9 )
2 1 ( 2 9 1 ) ( 2 6 5 8 1 )
1 6 ( 1 11 8 7 6 ) ( 1 0 6 )
8 9 ( 8 11 5 1 9 ) ( 8 0 7 2 9 )
7 2 ( 7 3 0 2 ) ( 7 6 2 )
11 3 ( 11 1 5 3 ) ( 11 7 0 9 3 )

EOF