DIMENSIONS
16 sommetsG2
14 sommetsG1
20 dem

SOMMETS
0  N0  C  41  49
1  N1  C  35  17
2  N2  C  55  45
3  N3  C  55  20
4  N4  C  15  30
5  N5  C  25  30
6  N6  T  20  50
7  N7  C  10  43
8  N8  C  55  60
9  N9  C  30  60
10  N10  C  20  65
11  N11  C  50  35
12  N12  C  30  25
13  N13  T  15  10
14  N14  C  30  5
15  N15  C  10  20

DEMANDES
12 14 ( 12 14 ) ( 12 4 8 14 )
7 10 ( 7 15 10 ) ( 7 14 11 10 )
2 9 ( 2 9 ) ( 2 12 9 )
2 1 ( 2 8 9 4 1 ) ( 2 10 1 )
8 7 ( 8 12 14 4 7 ) ( 8 5 7 )
1 15 ( 1 3 10 15 ) ( 1 14 15 )
5 1 ( 5 1 ) ( 5 3 15 1 )
14 4 ( 14 12 8 4 ) ( 14 10 0 4 )
7 14 ( 7 4 11 10 14 ) ( 7 5 2 3 14 )
14 5 ( 14 9 10 5 ) ( 14 7 3 15 5 )
14 2 ( 14 9 4 12 2 ) ( 14 7 3 2 )
3 4 ( 3 2 14 4 ) ( 3 1 7 4 )
12 15 ( 12 11 5 4 15 ) ( 12 3 9 2 15 )
11 2 ( 11 1 15 0 2 ) ( 11 8 2 )
2 3 ( 2 10 15 12 3 ) ( 2 1 8 7 3 )
9 12 ( 9 12 ) ( 9 15 12 )
3 14 ( 3 14 ) ( 3 0 1 9 14 )
5 8 ( 5 10 1 8 ) ( 5 12 4 8 )
15 9 ( 15 10 0 11 9 ) ( 15 14 7 2 9 )
14 1 ( 14 10 3 1 ) ( 14 11 1 )

EOF