DIMENSIONS
25 sommetsG2
20 sommetsG1
16 dem

SOMMETS
0  N0  C  41  49
1  N1  C  35  17
2  N2  C  55  45
3  N3  C  55  20
4  N4  T  15  30
5  N5  C  25  30
6  N6  C  20  50
7  N7  C  10  43
8  N8  C  55  60
9  N9  T  30  60
10  N10  C  20  65
11  N11  C  50  35
12  N12  C  30  25
13  N13  C  15  10
14  N14  C  30  5
15  N15  C  10  20
16  N16  C  5  30
17  N17  C  20  40
18  N18  C  15  60
19  N19  T  45  65
20  N20  C  45  20
21  N21  T  45  10
22  N22  T  55  5
23  N23  C  65  35
24  N24  C  65  20

DEMANDES
8 6 ( 8 15 12 6 ) ( 8 23 17 6 )
3 15 ( 3 15 ) ( 3 20 15 )
3 10 ( 3 10 ) ( 3 24 10 )
5 12 ( 5 7 15 13 12 ) ( 5 24 10 12 )
7 8 ( 7 1 23 13 8 ) ( 7 2 16 0 8 )
11 1 ( 11 1 ) ( 11 6 13 12 1 )
16 13 ( 16 13 ) ( 16 23 18 13 )
7 18 ( 7 17 11 18 ) ( 7 20 8 18 )
5 8 ( 5 14 16 8 ) ( 5 10 23 20 8 )
17 12 ( 17 12 ) ( 17 23 3 16 12 )
10 15 ( 10 7 15 ) ( 10 11 5 6 15 )
13 10 ( 13 10 ) ( 13 2 3 12 10 )
24 23 ( 24 18 7 23 ) ( 24 5 14 23 )
6 3 ( 6 18 1 3 ) ( 6 23 3 )
1 13 ( 1 13 ) ( 1 18 13 )
16 24 ( 16 2 3 24 ) ( 16 13 1 5 24 )

EOF