DIMENSIONS
35 sommetsG2
30 sommetsG1
40 dem

SOMMETS
0  N0  C  41  49
1  N1  C  35  17
2  N2  C  55  45
3  N3  C  55  20
4  N4  C  15  30
5  N5  C  25  30
6  N6  T  20  50
7  N7  C  10  43
8  N8  C  55  60
9  N9  C  30  60
10  N10  C  20  65
11  N11  C  50  35
12  N12  C  30  25
13  N13  T  15  10
14  N14  C  30  5
15  N15  C  10  20
16  N16  C  5  30
17  N17  C  20  40
18  N18  C  15  60
19  N19  C  45  65
20  N20  C  45  20
21  N21  C  45  10
22  N22  C  55  5
23  N23  C  65  35
24  N24  C  65  20
25  N25  C  45  30
26  N26  C  35  40
27  N27  T  41  37
28  N28  C  64  42
29  N29  T  40  60
30  N30  C  31  52
31  N31  T  35  69
32  N32  C  53  52
33  N33  C  65  55
34  N34  C  63  65

DEMANDES
11 26 ( 11 16 26 ) ( 11 22 12 26 )
17 33 ( 17 25 4 21 33 ) ( 17 0 8 33 )
4 28 ( 4 28 ) ( 4 3 34 28 )
7 17 ( 7 10 22 18 17 ) ( 7 34 26 17 )
18 26 ( 18 9 26 ) ( 18 12 28 32 26 )
2 33 ( 2 23 12 33 ) ( 2 0 33 )
16 2 ( 16 2 ) ( 16 9 18 26 2 )
17 23 ( 17 15 32 23 ) ( 17 25 23 )
9 25 ( 9 24 5 25 ) ( 9 15 30 25 )
11 8 ( 11 24 33 20 8 ) ( 11 23 30 8 )
15 32 ( 15 23 32 ) ( 15 16 7 33 32 )
32 5 ( 32 15 21 9 5 ) ( 32 10 7 5 )
9 19 ( 9 3 19 ) ( 9 4 19 )
17 26 ( 17 23 12 10 26 ) ( 17 8 20 5 26 )
25 4 ( 25 26 2 33 4 ) ( 25 1 4 )
18 8 ( 18 22 33 26 8 ) ( 18 3 4 2 8 )
2 7 ( 2 20 7 ) ( 2 26 1 5 7 )
34 7 ( 34 1 30 2 7 ) ( 34 0 7 )
32 20 ( 32 20 ) ( 32 28 20 )
12 19 ( 12 24 3 19 ) ( 12 18 26 19 )
10 34 ( 10 26 22 34 ) ( 10 1 32 30 34 )
34 26 ( 34 23 17 5 26 ) ( 34 2 22 8 26 )
22 8 ( 22 11 2 8 ) ( 22 7 8 )
22 17 ( 22 19 25 3 17 ) ( 22 16 17 )
20 33 ( 20 15 33 ) ( 20 0 12 33 )
20 8 ( 20 16 10 8 ) ( 20 24 21 8 )
1 14 ( 1 22 12 14 ) ( 1 21 25 11 14 )
25 7 ( 25 22 9 18 7 ) ( 25 3 30 24 7 )
3 12 ( 3 23 10 12 ) ( 3 11 34 12 )
0 28 ( 0 15 28 ) ( 0 33 28 )
32 26 ( 32 24 33 26 ) ( 32 30 26 )
7 19 ( 7 30 19 ) ( 7 17 20 5 19 )
9 30 ( 9 17 30 ) ( 9 10 23 30 )
21 17 ( 21 7 4 12 17 ) ( 21 11 32 28 17 )
17 11 ( 17 21 11 ) ( 17 9 5 11 )
2 3 ( 2 10 11 3 ) ( 2 14 32 3 )
20 9 ( 20 17 5 9 ) ( 20 30 21 18 9 )
14 8 ( 14 22 8 ) ( 14 34 11 4 8 )
14 0 ( 14 10 4 30 0 ) ( 14 25 1 15 0 )
34 24 ( 34 24 ) ( 34 30 3 24 )

EOF