DIMENSIONS
18 sommetsG2
16 sommetsG1
14 dem

SOMMETS
0  N0  C  63  71
1  N1  C  94  71
2  N2  C  142  370
3  N3  C  173  1276
4  N4  C  205  1213
5  N5  C  213  69
6  N6  C  244  69
7  N7  T  276  630
8  N8  C  283  732
9  N9  C  362  69
10  N10  C  394  69
11  N11  C  449  370
12  N12  C  480  1276
13  N13  C  512  1213
14  N14  C  528  157
15  N15  T  583  630
16  N16  C  591  732
17  N17  C  638  654

DEMANDES
14 16 ( 14 16 ) ( 14 13 4 16 )
9 8 ( 9 17 16 8 ) ( 9 11 12 8 )
2 10 ( 2 10 ) ( 2 14 10 )
2 1 ( 2 9 11 5 1 ) ( 2 8 1 )
17 5 ( 17 13 16 6 5 ) ( 17 14 1 5 )
17 9 ( 17 9 ) ( 17 11 9 )
16 6 ( 16 6 ) ( 16 8 6 )
1 4 ( 1 9 6 13 4 ) ( 1 12 0 16 4 )
16 12 ( 16 11 12 ) ( 16 6 2 14 12 )
5 4 ( 5 12 17 10 4 ) ( 5 11 16 4 )
14 12 ( 14 3 17 16 12 ) ( 14 2 11 12 )
11 5 ( 11 8 4 3 5 ) ( 11 10 5 )
3 16 ( 3 16 ) ( 3 8 16 )
13 17 ( 13 6 5 4 17 ) ( 13 10 2 14 17 )

EOF