DIMENSIONS
14 sommetsG2
12 sommetsG1
45 dem

SOMMETS
0  N0  C  63  71
1  N1  C  94  71
2  N2  C  142  370
3  N3  C  173  1276
4  N4  C  205  1213
5  N5  T  213  69
6  N6  C  244  69
7  N7  C  276  630
8  N8  C  283  732
9  N9  C  362  69
10  N10  C  394  69
11  N11  T  449  370
12  N12  C  480  1276
13  N13  C  512  1213

DEMANDES
10 12 ( 10 12 ) ( 10 3 7 12 )
6 8 ( 6 13 8 ) ( 6 12 10 8 )
1 8 ( 1 8 ) ( 1 2 8 )
1 13 ( 1 13 ) ( 1 8 4 13 )
8 7 ( 8 4 7 ) ( 8 10 12 3 7 )
4 12 ( 4 12 ) ( 4 7 1 2 12 )
9 12 ( 9 0 12 ) ( 9 6 12 )
0 3 ( 0 7 10 9 3 ) ( 0 6 13 8 3 )
4 9 ( 4 9 ) ( 4 12 3 9 )
9 13 ( 9 12 6 13 ) ( 9 3 2 13 )
12 8 ( 12 3 8 ) ( 12 4 6 8 )
3 2 ( 3 12 2 ) ( 3 1 6 2 )
10 13 ( 10 4 3 8 13 ) ( 10 2 1 0 13 )
7 2 ( 7 2 ) ( 7 10 9 13 2 )
8 10 ( 8 10 ) ( 8 7 10 )
1 0 ( 1 0 ) ( 1 8 10 0 )
0 2 ( 0 12 1 13 2 ) ( 0 8 2 )
2 12 ( 2 7 8 6 12 ) ( 2 9 1 12 )
7 10 ( 7 8 10 ) ( 7 12 0 13 10 )
6 2 ( 6 1 9 3 2 ) ( 6 8 4 7 2 )
13 3 ( 13 1 6 3 ) ( 13 8 4 0 3 )
4 8 ( 4 9 6 2 8 ) ( 4 0 8 )
9 8 ( 9 10 8 ) ( 9 4 8 )
10 2 ( 10 9 3 7 2 ) ( 10 1 12 8 2 )
4 10 ( 4 2 10 ) ( 4 13 10 )
0 4 ( 0 4 ) ( 0 13 12 4 )
10 9 ( 10 9 ) ( 10 13 12 2 9 )
7 4 ( 7 12 6 8 4 ) ( 7 2 3 9 4 )
10 1 ( 10 2 3 1 ) ( 10 6 4 1 )
13 12 ( 13 6 4 12 ) ( 13 9 8 3 12 )
2 1 ( 2 1 ) ( 2 4 13 1 )
8 3 ( 8 6 2 3 ) ( 8 12 7 4 3 )
13 4 ( 13 0 10 1 4 ) ( 13 12 4 )
10 0 ( 10 9 0 ) ( 10 2 6 12 0 )
1 4 ( 1 0 6 4 ) ( 1 10 9 8 4 )
12 6 ( 12 6 ) ( 12 7 8 6 )
6 3 ( 6 12 4 9 3 ) ( 6 0 3 )
3 10 ( 3 4 2 10 ) ( 3 8 1 9 10 )
4 6 ( 4 6 ) ( 4 7 2 6 )
7 0 ( 7 4 0 ) ( 7 10 3 0 )
9 7 ( 9 4 0 8 7 ) ( 9 10 2 3 7 )
2 4 ( 2 9 12 4 ) ( 2 7 10 13 4 )
3 12 ( 3 6 7 12 ) ( 3 13 8 9 12 )
8 0 ( 8 7 1 0 ) ( 8 6 2 0 )
6 13 ( 6 13 ) ( 6 8 13 )

EOF