DIMENSIONS
25 sommetsG2
20 sommetsG1
18 dem

SOMMETS
0  N0  C  63  71
1  N1  C  94  71
2  N2  C  142  370
3  N3  C  173  1276
4  N4  T  205  1213
5  N5  C  213  69
6  N6  C  244  69
7  N7  C  276  630
8  N8  C  283  732
9  N9  T  362  69
10  N10  C  394  69
11  N11  C  449  370
12  N12  C  480  1276
13  N13  C  512  1213
14  N14  C  528  157
15  N15  C  583  630
16  N16  C  591  732
17  N17  C  638  654
18  N18  C  638  496
19  N19  T  638  314
20  N20  C  638  142
21  N21  T  669  142
22  N22  T  677  315
23  N23  C  677  496
24  N24  C  677  654

DEMANDES
8 6 ( 8 15 12 6 ) ( 8 23 17 6 )
3 15 ( 3 15 ) ( 3 20 15 )
3 10 ( 3 10 ) ( 3 24 10 )
5 12 ( 5 7 15 13 12 ) ( 5 24 10 12 )
7 8 ( 7 1 23 13 8 ) ( 7 2 16 0 8 )
11 1 ( 11 1 ) ( 11 6 13 12 1 )
16 13 ( 16 13 ) ( 16 23 18 13 )
7 18 ( 7 17 11 18 ) ( 7 20 8 18 )
5 8 ( 5 14 16 8 ) ( 5 10 23 20 8 )
17 12 ( 17 12 ) ( 17 23 3 16 12 )
10 15 ( 10 7 15 ) ( 10 11 5 6 15 )
13 10 ( 13 10 ) ( 13 2 3 12 10 )
24 23 ( 24 18 7 23 ) ( 24 5 14 23 )
6 3 ( 6 18 1 3 ) ( 6 23 3 )
1 13 ( 1 13 ) ( 1 18 13 )
16 24 ( 16 2 3 24 ) ( 16 13 1 5 24 )
11 20 ( 11 1 3 20 ) ( 11 24 5 0 20 )
23 14 ( 23 14 ) ( 23 20 14 )

EOF