DIMENSIONS
40 sommetsG2
35 sommetsG1
55 dem

SOMMETS
0  N0  C  63  71
1  N1  C  94  71
2  N2  C  142  370
3  N3  C  173  1276
4  N4  C  205  1213
5  N5  C  213  69
6  N6  C  244  69
7  N7  T  276  630
8  N8  C  283  732
9  N9  C  362  69
10  N10  C  394  69
11  N11  C  449  370
12  N12  C  480  1276
13  N13  C  512  1213
14  N14  C  528  157
15  N15  T  583  630
16  N16  C  591  732
17  N17  C  638  654
18  N18  C  638  496
19  N19  C  638  314
20  N20  C  638  142
21  N21  C  669  142
22  N22  C  677  315
23  N23  C  677  496
24  N24  C  677  654
25  N25  C  709  654
26  N26  C  709  496
27  N27  C  709  315
28  N28  C  701  142
29  N29  C  764  220
30  N30  C  811  189
31  N31  T  843  173
32  N32  C  858  370
33  N33  T  890  1276
34  N34  C  921  1213
35  N35  C  992  630
36  N36  T  1000  732
37  N37  C  1197  1276
38  N38  C  1228  1213
39  N39  C  1276  205

DEMANDES
13 30 ( 13 19 30 ) ( 13 25 14 30 )
20 38 ( 20 28 5 24 38 ) ( 20 0 9 38 )
5 32 ( 5 32 ) ( 5 4 39 32 )
8 20 ( 8 11 25 19 20 ) ( 8 38 30 20 )
21 30 ( 21 11 30 ) ( 21 14 32 2 30 )
37 21 ( 37 21 ) ( 37 26 21 )
35 13 ( 35 13 ) ( 35 18 13 )
2 9 ( 2 34 10 21 9 ) ( 2 30 20 26 9 )
21 1 ( 21 37 1 ) ( 21 28 11 29 1 )
25 14 ( 25 17 35 14 ) ( 25 13 14 )
9 35 ( 9 38 35 ) ( 9 23 26 34 35 )
17 32 ( 17 19 8 32 ) ( 17 38 5 35 32 )
25 17 ( 25 12 9 17 ) ( 25 11 17 )
22 16 ( 22 16 ) ( 22 4 5 19 16 )
30 39 ( 30 29 14 11 39 ) ( 30 9 23 6 39 )
29 5 ( 29 2 38 20 5 ) ( 29 9 5 )
29 26 ( 29 30 3 5 26 ) ( 29 20 2 26 )
8 18 ( 8 30 2 6 18 ) ( 8 39 35 18 )
5 39 ( 5 39 ) ( 5 2 0 23 39 )
6 32 ( 6 23 32 ) ( 6 18 27 32 )
3 21 ( 3 39 23 35 21 ) ( 3 29 21 )
25 1 ( 25 37 34 1 ) ( 25 39 29 26 1 )
19 6 ( 19 3 25 9 6 ) ( 19 28 12 13 6 )
25 8 ( 25 38 11 8 ) ( 25 21 28 8 )
4 18 ( 4 13 17 18 ) ( 4 0 23 9 18 )
27 19 ( 27 28 19 ) ( 27 24 19 )
1 16 ( 1 25 13 16 ) ( 1 24 29 8 16 )
27 26 ( 27 3 26 ) ( 27 10 35 26 )
27 3 ( 27 3 ) ( 27 23 26 3 )
11 13 ( 11 13 ) ( 11 0 17 38 13 )
30 27 ( 30 27 ) ( 30 37 34 8 27 )
21 11 ( 21 34 19 23 11 ) ( 21 6 10 18 11 )
19 11 ( 19 11 ) ( 19 29 5 24 11 )
19 28 ( 19 28 ) ( 19 4 28 )
5 14 ( 5 24 14 ) ( 5 32 19 13 14 )
26 24 ( 26 2 24 ) ( 26 4 24 )
3 17 ( 3 10 26 30 17 ) ( 3 19 6 17 )
35 25 ( 35 22 17 25 ) ( 35 9 25 )
13 29 ( 13 35 5 29 ) ( 13 16 0 30 29 )
11 4 ( 11 1 17 39 4 ) ( 11 28 8 18 4 )
34 3 ( 34 3 ) ( 34 12 26 3 )
2 18 ( 2 17 4 23 18 ) ( 2 21 14 12 18 )
35 19 ( 35 19 ) ( 35 21 24 19 )
23 9 ( 23 3 6 19 9 ) ( 23 11 9 )
14 35 ( 14 26 35 ) ( 14 1 10 25 35 )
12 8 ( 12 8 ) ( 12 4 26 8 )
28 8 ( 28 17 8 ) ( 28 9 8 )
21 6 ( 21 12 29 6 ) ( 21 10 6 )
25 22 ( 25 32 27 12 22 ) ( 25 0 21 24 22 )
25 20 ( 25 28 20 ) ( 25 32 27 20 )
6 1 ( 6 1 ) ( 6 24 28 22 1 )
0 12 ( 0 34 12 ) ( 0 13 26 12 )
35 26 ( 35 6 26 ) ( 35 20 27 28 26 )
34 21 ( 34 9 37 21 ) ( 34 22 19 32 21 )
23 26 ( 23 12 34 25 26 ) ( 23 30 10 24 26 )

EOF