DIMENSIONS
55 sommetsG2
50 sommetsG1
50 dem

SOMMETS
0  N0  C  63  71
1  N1  C  94  71
2  N2  C  142  370
3  N3  C  173  1276
4  N4  C  205  1213
5  N5  C  213  69
6  N6  C  244  69
7  N7  C  276  630
8  N8  C  283  732
9  N9  C  362  69
10  N10  T  394  69
11  N11  C  449  370
12  N12  C  480  1276
13  N13  C  512  1213
14  N14  C  528  157
15  N15  C  583  630
16  N16  C  591  732
17  N17  C  638  654
18  N18  C  638  496
19  N19  C  638  314
20  N20  C  638  142
21  N21  T  669  142
22  N22  C  677  315
23  N23  C  677  496
24  N24  C  677  654
25  N25  C  709  654
26  N26  C  709  496
27  N27  C  709  315
28  N28  C  701  142
29  N29  C  764  220
30  N30  C  811  189
31  N31  C  843  173
32  N32  C  858  370
33  N33  C  890  1276
34  N34  C  921  1213
35  N35  C  992  630
36  N36  C  1000  732
37  N37  C  1197  1276
38  N38  C  1228  1213
39  N39  C  1276  205
40  N40  C  1299  630
41  N41  C  1307  732
42  N42  C  1362  654
43  N43  T  1362  496
44  N44  C  1362  291
45  N45  C  1425  654
46  N46  T  1425  496
47  N47  C  1425  291
48  N48  C  1417  173
49  N49  C  1488  291
50  N50  T  1488  496
51  N51  C  1488  654
52  N52  C  1551  654
53  N53  C  1551  496
54  N54  C  1551  291

DEMANDES
18 42 ( 18 26 42 ) ( 18 34 20 42 )
28 52 ( 28 39 7 33 52 ) ( 28 0 13 52 )
7 44 ( 7 44 ) ( 7 5 54 44 )
12 28 ( 12 16 35 27 28 ) ( 12 53 42 28 )
28 42 ( 28 15 42 ) ( 28 19 44 3 42 )
4 36 ( 4 3 1 25 36 ) ( 4 13 53 36 )
49 14 ( 49 41 28 14 ) ( 49 36 29 14 )
2 24 ( 2 39 15 40 24 ) ( 2 35 19 37 24 )
9 24 ( 9 18 12 49 24 ) ( 9 19 37 52 24 )
32 36 ( 32 44 37 26 36 ) ( 32 11 52 36 )
8 48 ( 8 34 15 48 ) ( 8 16 24 48 )
12 15 ( 12 9 49 15 ) ( 12 5 6 15 )
27 41 ( 27 37 20 16 41 ) ( 27 12 32 13 41 )
8 40 ( 8 40 ) ( 8 9 4 52 40 )
2 28 ( 2 28 ) ( 2 40 28 )
36 53 ( 36 5 7 53 ) ( 36 28 4 3 53 )
11 25 ( 11 41 2 8 25 ) ( 11 54 48 25 )
6 54 ( 6 54 ) ( 6 3 0 32 54 )
9 8 ( 9 45 8 ) ( 9 19 30 31 8 )
24 37 ( 24 37 ) ( 24 41 16 37 )
54 31 ( 54 34 1 41 31 ) ( 54 45 48 53 31 )
40 49 ( 40 27 9 45 49 ) ( 40 48 4 35 49 )
13 34 ( 13 34 ) ( 13 17 18 12 34 )
4 34 ( 4 34 ) ( 4 28 53 34 )
15 30 ( 15 25 32 30 ) ( 15 51 30 )
24 18 ( 24 0 32 45 18 ) ( 24 12 37 18 )
26 16 ( 26 34 2 16 ) ( 26 22 16 )
38 37 ( 38 33 34 37 ) ( 38 40 18 37 )
40 11 ( 40 35 14 29 11 ) ( 40 4 48 37 11 )
5 6 ( 5 32 6 ) ( 5 36 15 6 )
42 15 ( 42 54 15 ) ( 42 0 15 )
45 18 ( 45 18 ) ( 45 52 42 18 )
38 6 ( 38 42 51 6 ) ( 38 47 11 6 )
30 16 ( 30 48 27 31 16 ) ( 30 8 15 47 16 )
27 25 ( 27 16 9 37 25 ) ( 27 40 7 25 )
33 27 ( 33 9 12 6 27 ) ( 33 7 19 17 27 )
51 49 ( 51 44 27 49 ) ( 51 18 36 33 49 )
14 8 ( 14 8 ) ( 14 35 8 )
19 15 ( 19 23 15 ) ( 19 51 15 )
32 14 ( 32 26 8 14 ) ( 32 48 34 28 14 )
11 30 ( 11 13 30 ) ( 11 17 40 35 30 )
54 18 ( 54 22 0 42 18 ) ( 54 16 18 )
6 47 ( 6 24 54 47 ) ( 6 38 47 )
11 26 ( 11 5 16 36 26 ) ( 11 44 26 )
7 2 ( 7 2 ) ( 7 42 38 2 )
24 6 ( 24 29 32 6 ) ( 24 19 16 6 )
48 26 ( 48 26 ) ( 48 28 34 26 )
32 12 ( 32 5 9 26 12 ) ( 32 45 12 )
48 18 ( 48 1 14 42 18 ) ( 48 34 45 18 )
16 12 ( 16 12 ) ( 16 6 37 12 )

EOF