DIMENSIONS
35 sommetsG2
30 sommetsG1
18 dem

SOMMETS
0  N0  C  155.42  150.65
1  N1  C  375.92  164.65
2  N2  C  183.92  150.65
3  N3  C  205.42  150.65
4  N4  C  205.42  171.65
5  N5  C  226.42  171.65
6  N6  T  226.42  186.15
7  N7  C  226.42  207.15
8  N8  C  226.42  235.65
9  N9  C  226.42  264.15
10  N10  C  226.42  292.65
11  N11  C  226.42  314.15
12  N12  C  226.42  335.65
13  N13  T  205.42  335.65
14  N14  C  190.92  335.65
15  N15  C  190.92  328.15
16  N16  C  176.92  328.15
17  N17  C  176.92  299.65
18  N18  C  155.42  299.65
19  N19  C  155.42  328.15
20  N20  C  155.42  356.65
21  N21  C  183.92  356.65
22  N22  C  219.42  356.65
23  N23  C  240.92  356.65
24  N24  C  269.42  356.65
25  N25  C  290.42  356.65
26  N26  C  387.42  136.15
27  N27  T  318.92  356.65
28  N28  C  318.92  335.65
29  N29  T  318.92  328.15
30  N30  C  318.92  299.65
31  N31  T  297.92  299.65
32  N32  C  290.42  328.15
33  N33  C  290.42  335.65
34  N34  C  297.92  328.15

DEMANDES
11 26 ( 11 16 26 ) ( 11 22 12 26 )
17 33 ( 17 25 4 21 33 ) ( 17 0 8 33 )
4 28 ( 4 28 ) ( 4 3 34 28 )
7 17 ( 7 10 22 18 17 ) ( 7 34 26 17 )
18 26 ( 18 9 26 ) ( 18 12 28 32 26 )
2 33 ( 2 23 12 33 ) ( 2 0 33 )
16 2 ( 16 2 ) ( 16 9 18 26 2 )
17 23 ( 17 15 32 23 ) ( 17 25 23 )
9 25 ( 9 24 5 25 ) ( 9 15 30 25 )
11 8 ( 11 24 33 20 8 ) ( 11 23 30 8 )
15 32 ( 15 23 32 ) ( 15 16 7 33 32 )
32 5 ( 32 15 21 9 5 ) ( 32 10 7 5 )
9 19 ( 9 3 19 ) ( 9 4 19 )
17 26 ( 17 23 12 10 26 ) ( 17 8 20 5 26 )
25 4 ( 25 26 2 33 4 ) ( 25 1 4 )
18 8 ( 18 22 33 26 8 ) ( 18 3 4 2 8 )
2 7 ( 2 20 7 ) ( 2 26 1 5 7 )
34 7 ( 34 1 30 2 7 ) ( 34 0 7 )

EOF