DIMENSIONS
40 sommetsG2
35 sommetsG1
30 dem

SOMMETS
0  N0  C  155.42  150.65
1  N1  C  375.92  164.65
2  N2  C  183.92  150.65
3  N3  C  205.42  150.65
4  N4  C  205.42  171.65
5  N5  C  226.42  171.65
6  N6  C  226.42  186.15
7  N7  T  226.42  207.15
8  N8  C  226.42  235.65
9  N9  C  226.42  264.15
10  N10  C  226.42  292.65
11  N11  C  226.42  314.15
12  N12  C  226.42  335.65
13  N13  C  205.42  335.65
14  N14  C  190.92  335.65
15  N15  T  190.92  328.15
16  N16  C  176.92  328.15
17  N17  C  176.92  299.65
18  N18  C  155.42  299.65
19  N19  C  155.42  328.15
20  N20  C  155.42  356.65
21  N21  C  183.92  356.65
22  N22  C  219.42  356.65
23  N23  C  240.92  356.65
24  N24  C  269.42  356.65
25  N25  C  290.42  356.65
26  N26  C  387.42  136.15
27  N27  C  318.92  356.65
28  N28  C  318.92  335.65
29  N29  C  318.92  328.15
30  N30  C  318.92  299.65
31  N31  T  297.92  299.65
32  N32  C  290.42  328.15
33  N33  T  290.42  335.65
34  N34  C  297.92  328.15
35  N35  C  254.92  335.65
36  N36  T  254.92  314.15
37  N37  C  254.92  292.65
38  N38  C  254.92  271.65
39  N39  C  254.92  243.15

DEMANDES
13 30 ( 13 19 30 ) ( 13 25 14 30 )
20 38 ( 20 28 5 24 38 ) ( 20 0 9 38 )
5 32 ( 5 32 ) ( 5 4 39 32 )
8 20 ( 8 11 25 19 20 ) ( 8 38 30 20 )
21 30 ( 21 11 30 ) ( 21 14 32 2 30 )
37 21 ( 37 21 ) ( 37 26 21 )
35 13 ( 35 13 ) ( 35 18 13 )
2 9 ( 2 34 10 21 9 ) ( 2 30 20 26 9 )
21 1 ( 21 37 1 ) ( 21 28 11 29 1 )
25 14 ( 25 17 35 14 ) ( 25 13 14 )
9 35 ( 9 38 35 ) ( 9 23 26 34 35 )
17 32 ( 17 19 8 32 ) ( 17 38 5 35 32 )
25 17 ( 25 12 9 17 ) ( 25 11 17 )
22 16 ( 22 16 ) ( 22 4 5 19 16 )
30 39 ( 30 29 14 11 39 ) ( 30 9 23 6 39 )
29 5 ( 29 2 38 20 5 ) ( 29 9 5 )
29 26 ( 29 30 3 5 26 ) ( 29 20 2 26 )
8 18 ( 8 30 2 6 18 ) ( 8 39 35 18 )
5 39 ( 5 39 ) ( 5 2 0 23 39 )
6 32 ( 6 23 32 ) ( 6 18 27 32 )
3 21 ( 3 39 23 35 21 ) ( 3 29 21 )
25 1 ( 25 37 34 1 ) ( 25 39 29 26 1 )
19 6 ( 19 3 25 9 6 ) ( 19 28 12 13 6 )
25 8 ( 25 38 11 8 ) ( 25 21 28 8 )
4 18 ( 4 13 17 18 ) ( 4 0 23 9 18 )
27 19 ( 27 28 19 ) ( 27 24 19 )
1 16 ( 1 25 13 16 ) ( 1 24 29 8 16 )
27 26 ( 27 3 26 ) ( 27 10 35 26 )
27 3 ( 27 3 ) ( 27 23 26 3 )
11 13 ( 11 13 ) ( 11 0 17 38 13 )

EOF