DIMENSIONS
55 sommetsG2
50 sommetsG1
50 dem

SOMMETS
0  N0  C  155.42  150.65
1  N1  C  375.92  164.65
2  N2  C  183.92  150.65
3  N3  C  205.42  150.65
4  N4  C  205.42  171.65
5  N5  C  226.42  171.65
6  N6  C  226.42  186.15
7  N7  C  226.42  207.15
8  N8  C  226.42  235.65
9  N9  C  226.42  264.15
10  N10  T  226.42  292.65
11  N11  C  226.42  314.15
12  N12  C  226.42  335.65
13  N13  C  205.42  335.65
14  N14  C  190.92  335.65
15  N15  C  190.92  328.15
16  N16  C  176.92  328.15
17  N17  C  176.92  299.65
18  N18  C  155.42  299.65
19  N19  C  155.42  328.15
20  N20  C  155.42  356.65
21  N21  T  183.92  356.65
22  N22  C  219.42  356.65
23  N23  C  240.92  356.65
24  N24  C  269.42  356.65
25  N25  C  290.42  356.65
26  N26  C  387.42  136.15
27  N27  C  318.92  356.65
28  N28  C  318.92  335.65
29  N29  C  318.92  328.15
30  N30  C  318.92  299.65
31  N31  C  297.92  299.65
32  N32  C  290.42  328.15
33  N33  C  290.42  335.65
34  N34  C  297.92  328.15
35  N35  C  254.92  335.65
36  N36  C  254.92  314.15
37  N37  C  254.92  292.65
38  N38  C  254.92  271.65
39  N39  C  254.92  243.15
40  N40  C  254.92  221.65
41  N41  C  254.92  193.15
42  N42  C  254.92  171.65
43  N43  T  276.42  171.65
44  N44  C  296.42  150.65
45  N45  C  276.42  150.65
46  N46  T  375.92  150.65
47  N47  C  308.92  150.65
48  N48  C  354.92  164.65
49  N49  C  338.42  174.65
50  N50  T  354.92  174.65
51  N51  C  338.42  200.15
52  N52  C  338.42  221.65
53  N53  C  354.92  221.65
54  N54  C  354.92  200.15

DEMANDES
18 42 ( 18 26 42 ) ( 18 34 20 42 )
28 52 ( 28 39 7 33 52 ) ( 28 0 13 52 )
7 44 ( 7 44 ) ( 7 5 54 44 )
12 28 ( 12 16 35 27 28 ) ( 12 53 42 28 )
28 42 ( 28 15 42 ) ( 28 19 44 3 42 )
4 36 ( 4 3 1 25 36 ) ( 4 13 53 36 )
49 14 ( 49 41 28 14 ) ( 49 36 29 14 )
2 24 ( 2 39 15 40 24 ) ( 2 35 19 37 24 )
9 24 ( 9 18 12 49 24 ) ( 9 19 37 52 24 )
32 36 ( 32 44 37 26 36 ) ( 32 11 52 36 )
8 48 ( 8 34 15 48 ) ( 8 16 24 48 )
12 15 ( 12 9 49 15 ) ( 12 5 6 15 )
27 41 ( 27 37 20 16 41 ) ( 27 12 32 13 41 )
8 40 ( 8 40 ) ( 8 9 4 52 40 )
2 28 ( 2 28 ) ( 2 40 28 )
36 53 ( 36 5 7 53 ) ( 36 28 4 3 53 )
11 25 ( 11 41 2 8 25 ) ( 11 54 48 25 )
6 54 ( 6 54 ) ( 6 3 0 32 54 )
9 8 ( 9 45 8 ) ( 9 19 30 31 8 )
24 37 ( 24 37 ) ( 24 41 16 37 )
54 31 ( 54 34 1 41 31 ) ( 54 45 48 53 31 )
40 49 ( 40 27 9 45 49 ) ( 40 48 4 35 49 )
13 34 ( 13 34 ) ( 13 17 18 12 34 )
4 34 ( 4 34 ) ( 4 28 53 34 )
15 30 ( 15 25 32 30 ) ( 15 51 30 )
24 18 ( 24 0 32 45 18 ) ( 24 12 37 18 )
26 16 ( 26 34 2 16 ) ( 26 22 16 )
38 37 ( 38 33 34 37 ) ( 38 40 18 37 )
40 11 ( 40 35 14 29 11 ) ( 40 4 48 37 11 )
5 6 ( 5 32 6 ) ( 5 36 15 6 )
42 15 ( 42 54 15 ) ( 42 0 15 )
45 18 ( 45 18 ) ( 45 52 42 18 )
38 6 ( 38 42 51 6 ) ( 38 47 11 6 )
30 16 ( 30 48 27 31 16 ) ( 30 8 15 47 16 )
27 25 ( 27 16 9 37 25 ) ( 27 40 7 25 )
33 27 ( 33 9 12 6 27 ) ( 33 7 19 17 27 )
51 49 ( 51 44 27 49 ) ( 51 18 36 33 49 )
14 8 ( 14 8 ) ( 14 35 8 )
19 15 ( 19 23 15 ) ( 19 51 15 )
32 14 ( 32 26 8 14 ) ( 32 48 34 28 14 )
11 30 ( 11 13 30 ) ( 11 17 40 35 30 )
54 18 ( 54 22 0 42 18 ) ( 54 16 18 )
6 47 ( 6 24 54 47 ) ( 6 38 47 )
11 26 ( 11 5 16 36 26 ) ( 11 44 26 )
7 2 ( 7 2 ) ( 7 42 38 2 )
24 6 ( 24 29 32 6 ) ( 24 19 16 6 )
48 26 ( 48 26 ) ( 48 28 34 26 )
32 12 ( 32 5 9 26 12 ) ( 32 45 12 )
48 18 ( 48 1 14 42 18 ) ( 48 34 45 18 )
16 12 ( 16 12 ) ( 16 6 37 12 )

EOF