DIMENSIONS
8 sommetsG2
6 sommetsG1
12 dem

SOMMETS
0  N0  C  155.42  150.65
1  N1  C  375.92  164.65
2  N2  C  183.92  150.65
3  N3  T  205.42  150.65
4  N4  C  205.42  171.65
5  N5  C  226.42  171.65
6  N6  T  226.42  186.15
7  N7  C  226.42  207.15

DEMANDES
7 1 ( 7 1 ) ( 7 2 4 1 )
5 2 ( 5 7 2 ) ( 5 1 4 2 )
0 1 ( 0 1 ) ( 0 7 4 1 )
4 2 ( 4 7 2 ) ( 4 0 1 2 )
5 7 ( 5 7 ) ( 5 0 7 )
7 2 ( 7 4 2 ) ( 7 5 2 )
4 0 ( 4 0 ) ( 4 7 5 0 )
5 1 ( 5 1 ) ( 5 2 7 1 )
7 4 ( 7 5 4 ) ( 7 1 2 4 )
2 1 ( 2 1 ) ( 2 4 1 )
4 1 ( 4 1 ) ( 4 5 0 1 )
7 0 ( 7 1 0 ) ( 7 5 0 )

EOF