110

7 21 3
25 24 3
3 25 3
11 24 3
13 2 3
7 18 3
9 22 3
2 5 3
7 20 3
1 4 3
17 10 3
25 8 3
16 7 3
24 17 3
7 25 3
15 25 3
1 25 3
14 21 3
25 9 3
15 11 3
25 21 3
9 18 3
18 3 3
16 6 3
19 21 3
19 6 3
7 16 3
15 6 3
12 18 3
18 4 3
16 25 3
6 21 3
16 13 3
1 15 3
1 10 3
8 12 3
7 19 3
20 2 3
12 17 3
18 14 3
14 16 3
13 23 3
22 10 3
3 22 3
7 11 3
8 17 3
1 21 3
21 1 3
24 25 3
25 19 3
5 12 3
14 17 3
9 10 3
2 12 3
6 16 3
15 8 3
25 1 3
1 13 3
2 1 3
25 15 3
13 21 3
1 5 3
2 14 3
7 1 3
22 16 3
10 20 3
5 21 3
9 8 3
21 25 3
14 7 3
21 8 3
17 23 3
8 4 3
22 6 3
15 1 3
5 4 3
15 3 3
20 16 3
24 5 3
6 19 3
24 7 3
16 8 3
19 15 3
2 19 3
3 20 3
19 9 3
11 2 3
18 6 3
17 12 3
18 8 3
17 22 3
7 17 3
21 16 3
21 19 3
14 22 3
18 11 3
18 13 3
22 3 3
23 4 3
6 5 3
4 2 3
20 17 3
15 9 3
21 20 3
14 3 3
9 3 3
4 25 3
9 1 3
16 14 3
24 21 3
