DIMENSIONS
12 sommetsG2
10 sommetsG1
8 dem

SOMMETS
0  N0  C  288  149
1  N1  C  288  129
2  N2  C  270  133
3  N3  C  256  141
4  N4  T  256  157
5  N5  C  246  157
6  N6  C  236  169
7  N7  C  228  169
8  N8  C  228  161
9  N9  C  220  169
10  N10  T  212  169
11  N11  C  204  169

DEMANDES
9 2 ( 9 3 2 ) ( 9 6 5 7 2 )
6 11 ( 6 8 1 7 11 ) ( 6 0 2 11 )
1 9 ( 1 9 ) ( 1 11 2 9 )
6 7 ( 6 5 7 ) ( 6 11 3 7 )
9 6 ( 9 3 11 0 6 ) ( 9 1 2 6 )
7 0 ( 7 0 ) ( 7 2 11 0 )
3 6 ( 3 8 6 ) ( 3 0 5 11 6 )
11 8 ( 11 7 8 ) ( 11 1 5 9 8 )

EOF