DIMENSIONS
14 sommetsG2
12 sommetsG1
30 dem

SOMMETS
0  N0  C  288  149
1  N1  C  288  129
2  N2  C  270  133
3  N3  C  256  141
4  N4  C  256  157
5  N5  T  246  157
6  N6  C  236  169
7  N7  C  228  169
8  N8  C  228  161
9  N9  C  220  169
10  N10  C  212  169
11  N11  T  204  169
12  N12  C  196  169
13  N13  C  188  169

DEMANDES
10 12 ( 10 12 ) ( 10 3 7 12 )
6 8 ( 6 13 8 ) ( 6 12 10 8 )
1 8 ( 1 8 ) ( 1 2 8 )
1 13 ( 1 13 ) ( 1 8 4 13 )
8 7 ( 8 4 7 ) ( 8 10 12 3 7 )
4 12 ( 4 12 ) ( 4 7 1 2 12 )
9 12 ( 9 0 12 ) ( 9 6 12 )
0 3 ( 0 7 10 9 3 ) ( 0 6 13 8 3 )
4 9 ( 4 9 ) ( 4 12 3 9 )
9 13 ( 9 12 6 13 ) ( 9 3 2 13 )
12 8 ( 12 3 8 ) ( 12 4 6 8 )
3 2 ( 3 12 2 ) ( 3 1 6 2 )
10 13 ( 10 4 3 8 13 ) ( 10 2 1 0 13 )
7 2 ( 7 2 ) ( 7 10 9 13 2 )
8 10 ( 8 10 ) ( 8 7 10 )
1 0 ( 1 0 ) ( 1 8 10 0 )
0 2 ( 0 12 1 13 2 ) ( 0 8 2 )
2 12 ( 2 7 8 6 12 ) ( 2 9 1 12 )
7 10 ( 7 8 10 ) ( 7 12 0 13 10 )
6 2 ( 6 1 9 3 2 ) ( 6 8 4 7 2 )
13 3 ( 13 1 6 3 ) ( 13 8 4 0 3 )
4 8 ( 4 9 6 2 8 ) ( 4 0 8 )
9 8 ( 9 10 8 ) ( 9 4 8 )
10 2 ( 10 9 3 7 2 ) ( 10 1 12 8 2 )
4 10 ( 4 2 10 ) ( 4 13 10 )
0 4 ( 0 4 ) ( 0 13 12 4 )
10 9 ( 10 9 ) ( 10 13 12 2 9 )
7 4 ( 7 12 6 8 4 ) ( 7 2 3 9 4 )
10 1 ( 10 2 3 1 ) ( 10 6 4 1 )
13 12 ( 13 6 4 12 ) ( 13 9 8 3 12 )

EOF