DIMENSIONS
16 sommetsG2
14 sommetsG1
14 dem

SOMMETS
0  N0  C  288  149
1  N1  C  288  129
2  N2  C  270  133
3  N3  C  256  141
4  N4  C  256  157
5  N5  C  246  157
6  N6  T  236  169
7  N7  C  228  169
8  N8  C  228  161
9  N9  C  220  169
10  N10  C  212  169
11  N11  C  204  169
12  N12  C  196  169
13  N13  T  188  169
14  N14  C  196  161
15  N15  C  188  145

DEMANDES
12 14 ( 12 14 ) ( 12 4 8 14 )
7 10 ( 7 15 10 ) ( 7 14 11 10 )
2 9 ( 2 9 ) ( 2 12 9 )
2 1 ( 2 8 9 4 1 ) ( 2 10 1 )
8 7 ( 8 12 14 4 7 ) ( 8 5 7 )
1 15 ( 1 3 10 15 ) ( 1 14 15 )
5 1 ( 5 1 ) ( 5 3 15 1 )
14 4 ( 14 12 8 4 ) ( 14 10 0 4 )
7 14 ( 7 4 11 10 14 ) ( 7 5 2 3 14 )
14 5 ( 14 9 10 5 ) ( 14 7 3 15 5 )
14 2 ( 14 9 4 12 2 ) ( 14 7 3 2 )
3 4 ( 3 2 14 4 ) ( 3 1 7 4 )
12 15 ( 12 11 5 4 15 ) ( 12 3 9 2 15 )
11 2 ( 11 1 15 0 2 ) ( 11 8 2 )

EOF