DIMENSIONS
18 sommetsG2
16 sommetsG1
5 dem

SOMMETS
0  N0  C  288  149
1  N1  C  288  129
2  N2  C  270  133
3  N3  C  256  141
4  N4  C  256  157
5  N5  C  246  157
6  N6  C  236  169
7  N7  T  228  169
8  N8  C  228  161
9  N9  C  220  169
10  N10  C  212  169
11  N11  C  204  169
12  N12  C  196  169
13  N13  C  188  169
14  N14  C  196  161
15  N15  T  188  145
16  N16  C  172  145
17  N17  C  164  145

DEMANDES
14 16 ( 14 16 ) ( 14 13 4 16 )
9 8 ( 9 17 16 8 ) ( 9 11 12 8 )
2 10 ( 2 10 ) ( 2 14 10 )
2 1 ( 2 9 11 5 1 ) ( 2 8 1 )
17 5 ( 17 13 16 6 5 ) ( 17 14 1 5 )

EOF