DIMENSIONS
65 sommetsG2
60 sommetsG1
30 dem

SOMMETS
0  N0  C  288  149
1  N1  C  288  129
2  N2  C  270  133
3  N3  C  256  141
4  N4  C  256  157
5  N5  C  246  157
6  N6  C  236  169
7  N7  C  228  169
8  N8  C  228  161
9  N9  C  220  169
10  N10  C  212  169
11  N11  C  204  169
12  N12  C  196  169
13  N13  C  188  169
14  N14  C  196  161
15  N15  C  188  145
16  N16  C  172  145
17  N17  C  164  145
18  N18  C  156  145
19  N19  C  148  145
20  N20  C  140  145
21  N21  C  148  169
22  N22  C  164  169
23  N23  C  172  169
24  N24  C  156  169
25  N25  T  140  169
26  N26  C  132  169
27  N27  C  124  169
28  N28  C  116  161
29  N29  C  104  153
30  N30  C  104  161
31  N31  C  104  169
32  N32  C  90  165
33  N33  C  80  157
34  N34  C  64  157
35  N35  C  64  165
36  N36  C  56  169
37  N37  C  56  161
38  N38  C  56  153
39  N39  C  56  145
40  N40  C  56  137
41  N41  C  56  129
42  N42  C  56  121
43  N43  C  40  121
44  N44  C  40  129
45  N45  C  40  137
46  N46  C  40  145
47  N47  C  40  153
48  N48  C  40  161
49  N49  C  40  169
50  N50  T  32  169
51  N51  T  32  161
52  N52  C  32  153
53  N53  C  32  145
54  N54  T  32  137
55  N55  C  32  129
56  N56  C  32  121
57  N57  C  32  113
58  N58  C  40  113
59  N59  T  56  113
60  N60  C  56  105
61  N61  C  48  99
62  N62  C  40  99
63  N63  C  32  97
64  N64  C  32  89

DEMANDES
12 21 ( 12 36 31 40 21 ) ( 12 23 21 )
33 61 ( 33 46 9 39 61 ) ( 33 1 15 61 )
8 52 ( 8 52 ) ( 8 7 64 52 )
14 33 ( 14 19 41 34 33 ) ( 14 32 63 33 )
19 34 ( 19 57 18 22 34 ) ( 19 52 4 34 )
61 34 ( 61 34 ) ( 61 43 34 )
57 22 ( 57 22 ) ( 57 29 22 )
4 15 ( 4 55 17 35 15 ) ( 4 24 49 33 15 )
43 34 ( 43 34 ) ( 43 60 46 34 )
18 48 ( 18 44 10 48 ) ( 18 28 57 48 )
53 21 ( 53 21 ) ( 53 22 44 62 21 )
38 42 ( 38 60 52 44 42 ) ( 38 31 14 42 )
61 9 ( 61 28 40 18 9 ) ( 61 19 29 9 )
14 12 ( 14 27 12 ) ( 14 11 58 12 )
6 8 ( 6 64 8 ) ( 6 60 44 24 8 )
48 23 ( 48 37 23 ) ( 48 15 23 )
9 47 ( 9 47 ) ( 9 10 48 4 47 )
61 3 ( 61 15 47 3 ) ( 61 42 3 )
62 41 ( 62 8 33 5 41 ) ( 62 4 41 )
13 29 ( 13 49 3 10 29 ) ( 13 64 57 29 )
8 64 ( 8 64 ) ( 8 4 0 38 64 )
11 10 ( 11 53 10 ) ( 11 23 35 37 10 )
29 44 ( 29 44 ) ( 29 49 19 44 )
64 37 ( 64 40 2 48 37 ) ( 64 60 56 63 37 )
48 58 ( 48 32 10 53 58 ) ( 48 57 5 42 58 )
16 40 ( 16 40 ) ( 16 20 21 15 40 )
4 41 ( 4 41 ) ( 4 33 63 41 )
18 35 ( 18 30 38 35 ) ( 18 61 35 )
29 21 ( 29 0 22 38 21 ) ( 29 15 43 21 )
31 19 ( 31 40 2 19 ) ( 31 26 19 )

EOF