DIMENSIONS
70 sommetsG2
65 sommetsG1
150 dem

SOMMETS
0  N0  C  288  149
1  N1  C  288  129
2  N2  C  270  133
3  N3  C  256  141
4  N4  C  256  157
5  N5  C  246  157
6  N6  C  236  169
7  N7  C  228  169
8  N8  C  228  161
9  N9  C  220  169
10  N10  C  212  169
11  N11  C  204  169
12  N12  C  196  169
13  N13  C  188  169
14  N14  C  196  161
15  N15  C  188  145
16  N16  C  172  145
17  N17  C  164  145
18  N18  C  156  145
19  N19  C  148  145
20  N20  C  140  145
21  N21  C  148  169
22  N22  C  164  169
23  N23  C  172  169
24  N24  C  156  169
25  N25  C  140  169
26  N26  C  132  169
27  N27  T  124  169
28  N28  C  116  161
29  N29  C  104  153
30  N30  C  104  161
31  N31  C  104  169
32  N32  C  90  165
33  N33  C  80  157
34  N34  C  64  157
35  N35  C  64  165
36  N36  C  56  169
37  N37  C  56  161
38  N38  C  56  153
39  N39  C  56  145
40  N40  C  56  137
41  N41  C  56  129
42  N42  C  56  121
43  N43  C  40  121
44  N44  C  40  129
45  N45  C  40  137
46  N46  C  40  145
47  N47  C  40  153
48  N48  C  40  161
49  N49  C  40  169
50  N50  C  32  169
51  N51  C  32  161
52  N52  C  32  153
53  N53  C  32  145
54  N54  T  32  137
55  N55  T  32  129
56  N56  C  32  121
57  N57  C  32  113
58  N58  T  40  113
59  N59  C  56  113
60  N60  C  56  105
61  N61  C  48  99
62  N62  C  40  99
63  N63  T  32  97
64  N64  C  32  89
65  N65  C  24  89
66  N66  C  16  97
67  N67  C  16  109
68  N68  C  8  109
69  N69  C  8  97

DEMANDES
13 23 ( 13 38 33 44 23 ) ( 13 25 23 )
35 66 ( 35 50 9 42 66 ) ( 35 1 17 66 )
9 56 ( 9 56 ) ( 9 7 69 56 )
15 35 ( 15 20 44 36 35 ) ( 15 34 68 35 )
20 53 ( 20 28 62 53 ) ( 20 19 24 56 53 )
64 4 ( 64 6 13 46 4 ) ( 64 62 24 4 )
4 1 ( 4 16 1 ) ( 4 67 1 )
59 18 ( 59 53 35 18 ) ( 59 46 37 18 )
2 30 ( 2 50 19 51 30 ) ( 2 44 24 48 30 )
11 30 ( 11 23 16 62 30 ) ( 11 24 48 66 30 )
41 46 ( 41 64 57 47 46 ) ( 41 33 15 46 )
66 64 ( 66 64 ) ( 66 44 30 43 64 )
19 21 ( 19 13 21 ) ( 19 38 21 )
29 11 ( 29 8 34 53 11 ) ( 29 68 11 )
65 47 ( 65 25 47 ) ( 65 20 16 40 47 )
17 10 ( 17 11 52 10 ) ( 17 5 10 )
66 3 ( 66 16 51 3 ) ( 66 45 3 )
67 44 ( 67 9 36 5 44 ) ( 67 4 44 )
14 32 ( 14 52 3 11 32 ) ( 14 69 62 32 )
8 69 ( 8 69 ) ( 8 5 0 64 69 )
41 12 ( 41 12 ) ( 41 57 25 12 )
38 40 ( 38 6 40 ) ( 38 37 53 21 40 )
69 40 ( 69 44 2 52 40 ) ( 69 64 61 68 40 )
52 68 ( 52 11 62 68 ) ( 52 5 45 68 )
17 44 ( 17 44 ) ( 17 22 23 16 44 )
5 44 ( 5 44 ) ( 5 35 68 44 )
19 38 ( 19 33 41 38 ) ( 19 66 38 )
31 23 ( 31 0 24 41 23 ) ( 31 16 47 23 )
33 21 ( 33 43 2 21 ) ( 33 28 21 )
48 47 ( 48 12 42 47 ) ( 48 43 51 47 )
22 51 ( 22 51 ) ( 22 47 45 18 51 )
37 6 ( 37 48 6 ) ( 37 7 25 40 6 )
20 23 ( 20 23 ) ( 20 0 57 13 23 )
30 67 ( 30 48 8 26 67 ) ( 30 66 64 60 67 )
14 38 ( 14 61 38 ) ( 14 34 40 11 38 )
19 60 ( 19 59 60 ) ( 19 34 20 60 )
12 47 ( 12 42 34 47 ) ( 12 50 47 )
12 15 ( 12 9 15 ) ( 12 25 15 )
22 65 ( 22 57 34 23 65 ) ( 22 46 42 65 )
18 10 ( 18 10 ) ( 18 45 10 )
25 20 ( 25 29 20 ) ( 25 65 20 )
40 18 ( 40 34 11 18 ) ( 40 61 43 36 18 )
14 39 ( 14 17 39 ) ( 14 22 51 44 39 )
68 23 ( 68 28 0 20 23 ) ( 68 8 23 )
60 50 ( 60 50 ) ( 60 69 49 50 )
14 33 ( 14 6 26 21 33 ) ( 14 45 33 )
3 32 ( 3 30 8 41 32 ) ( 3 40 37 25 32 )
21 62 ( 21 42 62 ) ( 21 36 62 )
43 41 ( 43 41 ) ( 43 4 6 64 41 )
11 33 ( 11 33 ) ( 11 20 25 61 33 )
24 57 ( 24 18 43 57 ) ( 24 21 57 )
15 13 ( 15 47 50 13 ) ( 15 14 13 )
28 22 ( 28 37 22 ) ( 28 10 22 )
38 1 ( 38 21 1 ) ( 38 51 18 1 )
45 38 ( 45 56 48 21 38 ) ( 45 0 37 59 38 )
43 44 ( 43 25 50 44 ) ( 43 56 47 44 )
10 2 ( 10 2 ) ( 10 13 43 49 2 )
39 0 ( 39 0 ) ( 39 18 0 )
45 60 ( 45 60 ) ( 45 46 61 60 )
45 21 ( 45 10 35 47 21 ) ( 45 13 21 )
49 60 ( 49 65 16 60 ) ( 49 64 38 34 60 )
38 65 ( 38 41 46 69 65 ) ( 38 22 61 44 65 )
53 18 ( 53 11 60 18 ) ( 53 61 46 18 )
28 42 ( 28 37 10 42 ) ( 28 40 2 42 )
49 36 ( 49 7 34 35 36 ) ( 49 3 57 36 )
26 44 ( 26 28 44 ) ( 26 17 44 )
28 1 ( 28 56 40 1 ) ( 28 31 33 1 )
69 4 ( 69 4 ) ( 69 41 15 4 )
15 44 ( 15 32 30 59 44 ) ( 15 66 62 53 44 )
23 37 ( 23 37 ) ( 23 66 32 37 )
61 67 ( 61 67 ) ( 61 53 18 67 )
53 67 ( 53 39 67 ) ( 53 38 43 67 )
13 33 ( 13 64 33 ) ( 13 14 42 33 )
60 7 ( 60 45 7 ) ( 60 41 7 )
47 41 ( 47 41 ) ( 47 39 16 41 )
1 24 ( 1 24 ) ( 1 42 53 62 24 )
65 12 ( 65 44 12 ) ( 65 67 10 12 )
20 61 ( 20 52 61 ) ( 20 33 19 66 61 )
8 60 ( 8 64 12 60 ) ( 8 19 11 14 60 )
43 12 ( 43 12 ) ( 43 66 12 )
0 11 ( 0 11 ) ( 0 45 64 11 )
7 42 ( 7 42 ) ( 7 34 30 42 )
20 17 ( 20 13 2 30 17 ) ( 20 56 52 17 )
24 69 ( 24 69 ) ( 24 14 46 69 )
48 22 ( 48 23 3 53 22 ) ( 48 56 47 22 )
21 52 ( 21 13 52 ) ( 21 41 3 7 52 )
11 17 ( 11 17 ) ( 11 4 62 17 )
64 32 ( 64 11 32 ) ( 64 40 33 32 )
57 64 ( 57 51 15 64 ) ( 57 18 44 64 )
37 1 ( 37 14 36 28 1 ) ( 37 21 47 1 )
45 31 ( 45 23 31 ) ( 45 15 53 18 31 )
47 1 ( 47 42 22 46 1 ) ( 47 36 59 17 1 )
17 5 ( 17 42 37 5 ) ( 17 57 67 51 5 )
24 25 ( 24 25 ) ( 24 0 25 )
34 20 ( 34 35 32 20 ) ( 34 5 13 33 20 )
64 3 ( 64 3 ) ( 64 49 3 )
42 6 ( 42 11 33 53 6 ) ( 42 0 40 51 6 )
52 64 ( 52 64 ) ( 52 66 7 19 64 )
16 56 ( 16 56 ) ( 16 19 12 65 56 )
53 6 ( 53 23 48 31 6 ) ( 53 30 45 22 6 )
42 9 ( 42 9 ) ( 42 46 8 9 )
61 40 ( 61 40 ) ( 61 37 21 66 40 )
53 8 ( 53 8 ) ( 53 14 31 8 )
11 21 ( 11 45 21 ) ( 11 8 21 )
32 5 ( 32 47 60 4 5 ) ( 32 3 36 12 5 )
64 7 ( 64 44 7 ) ( 64 49 37 7 )
28 57 ( 28 15 26 57 ) ( 28 6 56 52 57 )
65 59 ( 65 44 36 43 59 ) ( 65 35 40 47 59 )
2 52 ( 2 10 13 52 ) ( 2 59 52 )
51 12 ( 51 7 62 12 ) ( 51 33 12 )
18 13 ( 18 66 13 ) ( 18 15 35 13 )
65 9 ( 65 45 9 ) ( 65 61 16 9 )
47 44 ( 47 1 41 43 44 ) ( 47 53 19 5 44 )
61 12 ( 61 12 ) ( 61 31 26 12 )
45 7 ( 45 42 7 ) ( 45 56 52 25 7 )
19 41 ( 19 41 ) ( 19 30 61 47 41 )
32 33 ( 32 17 33 ) ( 32 40 33 )
21 8 ( 21 34 13 8 ) ( 21 60 9 8 )
20 12 ( 20 12 ) ( 20 56 45 48 12 )
12 3 ( 12 7 60 14 3 ) ( 12 69 37 46 3 )
32 57 ( 32 28 13 10 57 ) ( 32 47 22 24 57 )
37 32 ( 37 0 18 32 ) ( 37 13 48 31 32 )
16 45 ( 16 45 ) ( 16 36 29 45 )
24 3 ( 24 3 ) ( 24 61 69 36 3 )
19 12 ( 19 59 12 ) ( 19 47 9 12 )
29 7 ( 29 60 11 7 ) ( 29 56 21 31 7 )
37 52 ( 37 6 1 3 52 ) ( 37 62 2 29 52 )
43 5 ( 43 32 5 ) ( 43 42 39 5 )
14 56 ( 14 67 33 56 ) ( 14 26 56 )
25 65 ( 25 61 13 64 65 ) ( 25 6 65 )
57 67 ( 57 13 20 67 ) ( 57 43 67 )
18 52 ( 18 52 ) ( 18 24 61 19 52 )
38 47 ( 38 44 30 0 47 ) ( 38 69 25 47 )
64 6 ( 64 20 6 ) ( 64 13 51 26 6 )
0 48 ( 0 62 12 44 48 ) ( 0 10 48 )
64 47 ( 64 38 10 15 47 ) ( 64 7 47 )
31 60 ( 31 59 66 60 ) ( 31 12 13 60 )
17 25 ( 17 43 36 26 25 ) ( 17 35 48 25 )
1 45 ( 1 36 62 45 ) ( 1 16 47 50 45 )
32 12 ( 32 44 12 ) ( 32 17 1 12 )
9 29 ( 9 29 ) ( 9 0 10 29 )
36 17 ( 36 17 ) ( 36 62 59 17 )
16 29 ( 16 6 32 29 ) ( 16 65 61 29 )
44 18 ( 44 18 ) ( 44 31 18 )
32 21 ( 32 36 68 21 ) ( 32 45 22 44 21 )
51 60 ( 51 6 66 60 ) ( 51 22 40 60 )
3 36 ( 3 9 49 16 36 ) ( 3 41 0 36 )
57 33 ( 57 8 11 33 ) ( 57 64 38 20 33 )
17 13 ( 17 13 ) ( 17 50 13 )
43 14 ( 43 50 21 14 ) ( 43 45 10 6 14 )

EOF