DIMENSIONS
80 sommetsG2
75 sommetsG1
15 dem

SOMMETS
0  N0  C  288  149
1  N1  C  288  129
2  N2  C  270  133
3  N3  C  256  141
4  N4  C  256  157
5  N5  C  246  157
6  N6  C  236  169
7  N7  C  228  169
8  N8  C  228  161
9  N9  C  220  169
10  N10  C  212  169
11  N11  C  204  169
12  N12  C  196  169
13  N13  C  188  169
14  N14  C  196  161
15  N15  C  188  145
16  N16  C  172  145
17  N17  C  164  145
18  N18  C  156  145
19  N19  C  148  145
20  N20  C  140  145
21  N21  C  148  169
22  N22  C  164  169
23  N23  C  172  169
24  N24  C  156  169
25  N25  C  140  169
26  N26  C  132  169
27  N27  C  124  169
28  N28  C  116  161
29  N29  C  104  153
30  N30  C  104  161
31  N31  T  104  169
32  N32  C  90  165
33  N33  C  80  157
34  N34  C  64  157
35  N35  C  64  165
36  N36  C  56  169
37  N37  C  56  161
38  N38  C  56  153
39  N39  C  56  145
40  N40  C  56  137
41  N41  C  56  129
42  N42  C  56  121
43  N43  C  40  121
44  N44  C  40  129
45  N45  C  40  137
46  N46  C  40  145
47  N47  C  40  153
48  N48  C  40  161
49  N49  C  40  169
50  N50  C  32  169
51  N51  C  32  161
52  N52  C  32  153
53  N53  C  32  145
54  N54  C  32  137
55  N55  C  32  129
56  N56  C  32  121
57  N57  C  32  113
58  N58  C  40  113
59  N59  C  56  113
60  N60  C  56  105
61  N61  C  48  99
62  N62  T  40  99
63  N63  T  32  97
64  N64  C  32  89
65  N65  C  24  89
66  N66  C  16  97
67  N67  T  16  109
68  N68  C  8  109
69  N69  C  8  97
70  N70  C  8  89
71  N71  C  8  81
72  N72  T  8  73
73  N73  C  8  65
74  N74  C  8  57
75  N75  C  16  57
76  N76  C  8  49
77  N77  C  8  41
78  N78  C  24  45
79  N79  C  32  41

DEMANDES
15 26 ( 15 44 38 50 26 ) ( 15 29 26 )
41 76 ( 41 57 11 48 76 ) ( 41 1 19 76 )
10 64 ( 10 64 ) ( 10 8 79 64 )
17 41 ( 17 23 51 39 41 ) ( 17 77 61 41 )
42 61 ( 42 22 61 ) ( 42 28 64 73 61 )
5 75 ( 5 15 53 75 ) ( 5 71 75 )
27 5 ( 27 5 ) ( 27 19 77 5 )
68 21 ( 68 60 41 21 ) ( 68 53 42 21 )
3 35 ( 3 57 22 59 35 ) ( 3 51 28 55 35 )
13 35 ( 13 26 18 71 35 ) ( 13 28 54 76 35 )
47 52 ( 47 73 65 54 52 ) ( 47 38 17 52 )
76 73 ( 76 73 ) ( 76 51 34 49 73 )
22 24 ( 22 15 24 ) ( 22 44 24 )
33 13 ( 33 10 39 60 13 ) ( 33 78 13 )
74 54 ( 74 29 54 ) ( 74 23 18 46 54 )

EOF