DIMENSIONS
95 sommetsG2
90 sommetsG1
45 dem

SOMMETS
0  N0  C  288  149
1  N1  C  288  129
2  N2  C  270  133
3  N3  C  256  141
4  N4  C  256  157
5  N5  C  246  157
6  N6  C  236  169
7  N7  C  228  169
8  N8  C  228  161
9  N9  C  220  169
10  N10  C  212  169
11  N11  C  204  169
12  N12  C  196  169
13  N13  C  188  169
14  N14  C  196  161
15  N15  C  188  145
16  N16  C  172  145
17  N17  C  164  145
18  N18  C  156  145
19  N19  C  148  145
20  N20  C  140  145
21  N21  C  148  169
22  N22  C  164  169
23  N23  C  172  169
24  N24  C  156  169
25  N25  C  140  169
26  N26  C  132  169
27  N27  C  124  169
28  N28  C  116  161
29  N29  C  104  153
30  N30  C  104  161
31  N31  C  104  169
32  N32  C  90  165
33  N33  C  80  157
34  N34  C  64  157
35  N35  C  64  165
36  N36  C  56  169
37  N37  T  56  161
38  N38  C  56  153
39  N39  C  56  145
40  N40  C  56  137
41  N41  C  56  129
42  N42  C  56  121
43  N43  C  40  121
44  N44  C  40  129
45  N45  C  40  137
46  N46  C  40  145
47  N47  C  40  153
48  N48  C  40  161
49  N49  C  40  169
50  N50  C  32  169
51  N51  C  32  161
52  N52  C  32  153
53  N53  C  32  145
54  N54  C  32  137
55  N55  C  32  129
56  N56  C  32  121
57  N57  C  32  113
58  N58  C  40  113
59  N59  C  56  113
60  N60  C  56  105
61  N61  C  48  99
62  N62  C  40  99
63  N63  C  32  97
64  N64  C  32  89
65  N65  C  24  89
66  N66  C  16  97
67  N67  C  16  109
68  N68  C  8  109
69  N69  C  8  97
70  N70  C  8  89
71  N71  C  8  81
72  N72  C  8  73
73  N73  C  8  65
74  N74  T  8  57
75  N75  T  16  57
76  N76  C  8  49
77  N77  C  8  41
78  N78  C  24  45
79  N79  T  32  41
80  N80  C  32  49
81  N81  C  32  57
82  N82  C  32  65
83  N83  C  32  73
84  N84  C  32  81
85  N85  C  40  83
86  N86  T  40  73
87  N87  C  40  63
88  N88  C  40  51
89  N89  C  44  43
90  N90  C  44  35
91  N91  C  44  27
92  N92  C  32  25
93  N93  C  24  25
94  N94  C  16  25

DEMANDES
18 31 ( 18 52 45 59 31 ) ( 18 34 31 )
48 90 ( 48 68 13 57 90 ) ( 48 1 23 90 )
13 76 ( 13 76 ) ( 13 12 10 76 )
94 20 ( 94 58 28 20 ) ( 94 60 49 46 20 )
92 27 ( 92 73 38 84 27 ) ( 92 26 33 27 )
76 87 ( 76 87 ) ( 76 49 8 18 87 )
63 84 ( 63 1 84 ) ( 63 43 84 )
5 22 ( 5 80 25 51 22 ) ( 5 35 72 48 22 )
63 50 ( 63 50 ) ( 63 88 68 50 )
27 70 ( 27 65 15 70 ) ( 27 41 83 70 )
78 31 ( 78 31 ) ( 78 33 65 90 31 )
55 62 ( 55 87 77 65 62 ) ( 55 45 20 62 )
90 87 ( 90 87 ) ( 90 60 41 58 87 )
26 29 ( 26 17 29 ) ( 26 52 29 )
39 16 ( 39 11 47 72 16 ) ( 39 93 16 )
88 65 ( 88 35 65 ) ( 88 27 22 55 65 )
23 14 ( 23 15 70 14 ) ( 23 7 14 )
90 4 ( 90 22 69 4 ) ( 90 62 4 )
91 60 ( 91 12 49 7 60 ) ( 91 6 60 )
19 43 ( 19 71 4 14 43 ) ( 19 94 84 43 )
11 94 ( 11 94 ) ( 11 6 0 87 94 )
56 17 ( 56 17 ) ( 56 77 34 17 )
52 55 ( 52 9 55 ) ( 52 50 71 28 55 )
94 54 ( 94 59 3 71 54 ) ( 94 87 82 78 54 )
93 70 ( 93 63 47 15 70 ) ( 93 78 84 7 70 )
61 23 ( 61 66 30 23 ) ( 61 31 23 )
21 7 ( 21 61 48 7 ) ( 21 92 7 )
26 51 ( 26 44 56 51 ) ( 26 89 51 )
42 31 ( 42 0 32 56 31 ) ( 42 22 64 31 )
45 28 ( 45 59 3 28 ) ( 45 39 28 )
66 64 ( 66 17 57 64 ) ( 66 59 69 64 )
31 70 ( 31 70 ) ( 31 65 62 24 70 )
50 8 ( 50 65 8 ) ( 50 10 34 54 8 )
56 63 ( 56 27 63 ) ( 56 31 18 93 63 )
0 78 ( 0 41 78 ) ( 0 91 78 )
87 72 ( 87 65 36 72 ) ( 87 73 72 )
89 87 ( 89 52 28 85 87 ) ( 89 83 87 )
47 54 ( 47 54 ) ( 47 82 54 )
46 44 ( 46 27 17 64 44 ) ( 46 69 13 44 )
57 46 ( 57 16 21 47 46 ) ( 57 11 13 34 46 )
30 88 ( 30 77 47 31 88 ) ( 30 62 57 88 )
24 14 ( 24 14 ) ( 24 61 14 )
34 27 ( 34 40 27 ) ( 34 88 27 )
55 25 ( 55 46 14 25 ) ( 55 83 59 49 25 )
19 52 ( 19 23 52 ) ( 19 30 69 60 52 )

EOF