36 12

1 2 
4
155 311 622 1244
237	395	711	1185


1 6
4
155 311 622 1244
142	236	426	710


2 1
4
155 311 622 1244
237	395	711	1185

2 3
4
155 311 622 1244
272	453	816	1360

2 5
4
155 311 622 1244
156	260	468	780

3 2
4
155 311 622 1244
272	453	816	1360

3 4
4
155 311 622 1244
294	490	882	1470

3 7
4
155 311 622 1244
156	260	468	780

4 3
4
155 311 622 1244
294	490	882	1470


4 7
4
155 311 622 1244
250	416	750	1250


4 12
4
155 311 622 1244
324	540	972	1620


5 2
4
155 311 622 1244
156	260	468	780

5 6
4
155 311 622 1244
186	310	558	930


5 7 
4
155 311 622 1244
272	453	816	1360


6 1 
4
155 311 622 1244
142	236	426	710


6 5
4
155 311 622 1244
186	310	558	930


6 8 
4
155 311 622 1244
195	325	585	975


7 5
4
155 311 622 1244
272	453	816	1360


7 3
4
155 311 622 1244
156	260	468	780

7 4
4
155 311 622 1244
250	416	750	1250


7 11
4
155 311 622 1244
324	540	972	1620


7 9
4
155 311 622 1244
165	275	495	825


8 6
4
155 311 622 1244
195	325	585	975


8 9
4
155 311 622 1244
305	508	915	1525


8 10
4
155 311 622 1244
208	346	624	1040

9 8
4
155 311 622 1244
305	508	915	1525


9 10
4
155 311 622 1244
181	301	543	905


9 7
4
155 311 622 1244
165	275	495	825


10 8
4
155 311 622 1244
208	346	624	1040


10 9
4
155 311 622 1244
181	301	543	905


10 11
4
155 311 622 1244
208	346	624	1040

11 10
4
155 311 622 1244
208	346	624	1040

11 7
4
155 311 622 1244
324	540	972	1620


11 12
4
155 311 622 1244
250	416	750	1250


12 4
4
155 311 622 1244
324	540	972	1620


12 11 
4
155 311 622 1244
250	416	750	1250
