65

15 1 3
14 15 3
2 4 3
1 14 3
7 2 3
1 2 3
15 6 3
11 2 3
11 1 3
12 2 3
12 13 3
13 7 3
11 4 3
12 5 3
2 1 3
1 10 3
7 3 3
3 7 3
15 11 3
13 5 3
2 14 3
11 3 3
15 14 3
10 15 3
3 2 3
16 9 3
7 16 3
13 10 3
4 10 3
9 2 3
7 9 3
14 16 3
8 10 3
8 6 3
9 13 3
10 6 3
8 15 3
4 6 3
12 3 3
5 10 3
12 6 3
9 15 3
12 7 3
10 7 3
1 3 3
15 3 3
10 13 3
14 11 3
5 2 3
11 9 3
15 12 3
9 7 3
11 7 3
16 6 3
16 3 3
9 8 3
8 5 3
2 9 3
14 6 3
6 13 3
8 3 3
11 12 3
14 8 3
12 9 3
9 5 3
