74

25 9 3
13 25 3
21 23 3
19 6 3
10 12 3
10 1 3
8 20 3
17 8 3
10 5 3
5 9 3
18 12 3
1 19 3
13 4 3
20 3 3
13 17 3
7 21 3
11 2 3
19 8 3
12 6 3
1 8 3
10 25 3
20 16 3
2 17 3
2 5 3
16 25 3
23 17 3
15 13 3
16 15 3
19 4 3
14 7 3
4 6 3
21 15 3
19 24 3
9 15 3
16 22 3
19 2 3
23 14 3
4 7 3
25 4 3
17 24 3
19 10 3
19 25 3
3 8 3
3 17 3
13 22 3
17 13 3
14 1 3
17 16 3
13 11 3
2 11 3
11 15 3
6 25 3
14 23 3
21 17 3
11 14 3
14 12 3
21 18 3
1 18 3
15 18 3
3 18 3
25 24 3
2 4 3
24 2 3
21 12 3
9 18 3
7 6 3
7 13 3
20 1 3
21 20 3
17 4 3
14 16 3
1 20 3
5 4 3
11 8 3
