DIMENSIONS
25 sommetsG2
20 sommetsG1
55 dem

SOMMETS
0  Sao-paulo  C  -23.53  -46.63
1  Rio-de-janeiro  C  -22.91  -43.2
2  Salvador  C  -12.97  -38.5
3  Belo-horizonte  C  -19.92  -43.94
4  Fortaleza  T  -3.78  -38.59
5  Brasilia  C  -15.78  -47.91
6  Curitiba  C  -25.42  -49.29
7  Manaus  C  -3.12  -60.02
8  Recife  C  -8.08  -34.92
9  Belem  T  -1.44  -48.5
10  Porto-alegre  C  -30.04  -51.22
11  Goiania  C  -16.72  -49.26
12  Guarulhos  C  -23.46  -46.49
13  Campinas  C  -22.91  -47.08
14  Nova-iguacu  C  -22.74  -43.47
15  Sao-goncalo  C  -22.84  -43.07
16  Sao-luis  C  -2.5  -44.3
17  Maceio  C  -9.65  -35.75
18  Duque-de-caxias  C  -22.77  -43.31
19  Natal  T  -5.8  -35.22
20  Sao-bernardo-do-campo  C  -23.71  -46.54
21  Teresina  T  -5.1  -42.8
22  Campo-grande  T  -20.45  -54.63
23  Osasco  C  -23.53  -46.78
24  Santo-andre  C  -23.65  -46.53

DEMANDES
0 1 ( 0 24 1 ) ( 0 14 1 )
0 2 ( 0 3 2 ) ( 0 20 2 )
0 3 ( 0 24 12 3 ) ( 0 23 3 )
0 5 ( 0 13 5 ) ( 0 12 5 )
0 6 ( 0 24 6 ) ( 0 20 6 )
0 7 ( 0 13 7 ) ( 0 23 7 )
0 8 ( 0 3 8 ) ( 0 2 8 )
0 10 ( 0 23 10 ) ( 0 20 10 )
0 11 ( 0 13 11 ) ( 0 23 11 )
0 12 ( 0 24 12 ) ( 0 20 12 )
0 13 ( 0 23 13 ) ( 0 12 13 )
0 14 ( 0 12 14 ) ( 0 23 14 )
0 15 ( 0 12 15 ) ( 0 18 15 )
0 16 ( 0 23 16 ) ( 0 13 16 )
0 17 ( 0 3 17 ) ( 0 2 17 )
0 18 ( 0 14 18 ) ( 0 1 18 )
0 20 ( 0 12 24 20 ) ( 0 23 20 )
0 23 ( 0 12 24 23 ) ( 0 13 23 )
0 24 ( 0 20 24 ) ( 0 23 24 )
1 2 ( 1 15 2 ) ( 1 18 2 )
1 3 ( 1 18 3 ) ( 1 15 3 )
1 5 ( 1 15 5 ) ( 1 3 5 )
1 6 ( 1 24 6 ) ( 1 0 6 )
1 8 ( 1 15 8 ) ( 1 18 17 8 )
1 10 ( 1 18 10 ) ( 1 14 10 )
1 11 ( 1 14 3 11 ) ( 1 15 5 11 )
1 12 ( 1 0 12 ) ( 1 24 20 12 )
1 13 ( 1 14 13 ) ( 1 12 13 )
1 14 ( 1 18 14 ) ( 1 15 14 )
1 15 ( 1 14 15 ) ( 1 3 15 )
1 18 ( 1 14 18 ) ( 1 3 18 )
1 20 ( 1 18 12 20 ) ( 1 23 20 )
1 23 ( 1 24 23 ) ( 1 14 18 23 )
1 24 ( 1 14 24 ) ( 1 0 24 )
2 3 ( 2 14 3 ) ( 2 18 3 )
2 8 ( 2 16 8 ) ( 2 3 8 )
2 17 ( 2 18 17 ) ( 2 14 17 )
3 5 ( 3 11 5 ) ( 3 14 5 )
3 12 ( 3 20 12 ) ( 3 23 12 )
3 13 ( 3 23 13 ) ( 3 24 13 )
3 14 ( 3 18 15 14 ) ( 3 12 14 )
3 15 ( 3 18 14 1 15 ) ( 3 24 15 )
3 18 ( 3 1 18 ) ( 3 12 14 18 )
5 11 ( 5 13 11 ) ( 5 12 11 )
8 17 ( 8 5 17 ) ( 8 15 17 )
12 13 ( 12 0 13 ) ( 12 23 13 )
12 20 ( 12 23 20 ) ( 12 6 20 )
12 23 ( 12 24 23 ) ( 12 13 0 23 )
12 24 ( 12 20 24 ) ( 12 23 24 )
13 20 ( 13 24 20 ) ( 13 23 20 )
13 23 ( 13 24 23 ) ( 13 20 23 )
13 24 ( 13 0 24 ) ( 13 6 23 24 )
14 15 ( 14 1 18 15 ) ( 14 12 15 )
14 18 ( 14 1 18 ) ( 14 24 12 18 )
15 18 ( 15 1 18 ) ( 15 14 18 )

EOF