DIMENSIONS
30 sommetsG2
25 sommetsG1
150 dem

SOMMETS
0  Sao-paulo  C  -23.53  -46.63
1  Rio-de-janeiro  C  -22.91  -43.2
2  Salvador  C  -12.97  -38.5
3  Belo-horizonte  C  -19.92  -43.94
4  Fortaleza  C  -3.78  -38.59
5  Brasilia  T  -15.78  -47.91
6  Curitiba  C  -25.42  -49.29
7  Manaus  C  -3.12  -60.02
8  Recife  C  -8.08  -34.92
9  Belem  C  -1.44  -48.5
10  Porto-alegre  C  -30.04  -51.22
11  Goiania  T  -16.72  -49.26
12  Guarulhos  C  -23.46  -46.49
13  Campinas  C  -22.91  -47.08
14  Nova-iguacu  C  -22.74  -43.47
15  Sao-goncalo  C  -22.84  -43.07
16  Sao-luis  C  -2.5  -44.3
17  Maceio  C  -9.65  -35.75
18  Duque-de-caxias  C  -22.77  -43.31
19  Natal  C  -5.8  -35.22
20  Sao-bernardo-do-campo  C  -23.71  -46.54
21  Teresina  C  -5.1  -42.8
22  Campo-grande  C  -20.45  -54.63
23  Osasco  T  -23.53  -46.78
24  Santo-andre  C  -23.65  -46.53
25  Jaboatao  T  -8.11  -35.02
26  Joao-pessoa  C  -7.12  -34.86
27  Contagem  T  -19.91  -44.1
28  Sao-jose-dos-campos  C  -23.2  -45.88
29  Ribeirao-preto  C  -21.17  -47.8

DEMANDES
0 1 ( 0 12 1 ) ( 0 24 1 )
0 2 ( 0 28 2 ) ( 0 24 12 2 )
0 3 ( 0 24 12 3 ) ( 0 20 3 )
0 4 ( 0 12 3 4 ) ( 0 24 4 )
0 6 ( 0 20 24 6 ) ( 0 13 12 6 )
0 7 ( 0 13 7 ) ( 0 29 7 )
0 8 ( 0 3 8 ) ( 0 17 8 )
0 9 ( 0 12 9 ) ( 0 13 12 20 28 9 )
0 10 ( 0 24 10 ) ( 0 12 10 )
0 12 ( 0 24 12 ) ( 0 13 12 )
0 13 ( 0 12 13 ) ( 0 20 13 )
0 14 ( 0 28 14 ) ( 0 24 14 )
0 15 ( 0 12 15 ) ( 0 28 15 )
0 16 ( 0 20 16 ) ( 0 28 16 )
0 17 ( 0 2 17 ) ( 0 12 17 )
0 18 ( 0 12 18 ) ( 0 14 18 )
0 19 ( 0 12 19 ) ( 0 24 19 )
0 20 ( 0 24 20 ) ( 0 12 20 )
0 21 ( 0 12 21 ) ( 0 24 21 )
0 22 ( 0 24 20 22 ) ( 0 14 22 )
0 24 ( 0 13 24 ) ( 0 29 24 )
0 26 ( 0 12 26 ) ( 0 28 26 )
0 28 ( 0 12 28 ) ( 0 24 28 )
0 29 ( 0 20 29 ) ( 0 24 12 28 29 )
1 2 ( 1 15 2 ) ( 1 14 2 )
1 3 ( 1 18 3 ) ( 1 15 14 3 )
1 4 ( 1 15 4 ) ( 1 14 4 )
1 6 ( 1 24 20 6 ) ( 1 18 6 )
1 7 ( 1 18 14 7 ) ( 1 3 7 )
1 8 ( 1 17 8 ) ( 1 15 8 )
1 9 ( 1 18 3 9 ) ( 1 29 9 )
1 10 ( 1 14 10 ) ( 1 20 10 )
1 12 ( 1 14 12 ) ( 1 24 12 )
1 13 ( 1 20 13 ) ( 1 14 24 13 )
1 14 ( 1 28 14 ) ( 1 3 14 )
1 15 ( 1 14 18 15 ) ( 1 28 15 )
1 16 ( 1 18 16 ) ( 1 3 16 )
1 17 ( 1 15 17 ) ( 1 18 17 )
1 18 ( 1 15 18 ) ( 1 14 18 )
1 19 ( 1 18 19 ) ( 1 8 26 19 )
1 20 ( 1 14 20 ) ( 1 12 20 )
1 21 ( 1 15 21 ) ( 1 28 21 )
1 22 ( 1 18 22 ) ( 1 29 22 )
1 24 ( 1 28 24 ) ( 1 18 24 )
1 26 ( 1 18 26 ) ( 1 2 8 26 )
1 28 ( 1 14 28 ) ( 1 15 28 )
1 29 ( 1 18 29 ) ( 1 15 29 )
2 3 ( 2 15 3 ) ( 2 28 3 )
2 4 ( 2 26 4 ) ( 2 16 4 )
2 6 ( 2 13 6 ) ( 2 3 24 6 )
2 7 ( 2 16 9 7 ) ( 2 17 7 )
2 8 ( 2 17 8 ) ( 2 19 8 )
2 9 ( 2 21 9 ) ( 2 16 9 )
2 10 ( 2 20 10 ) ( 2 24 10 )
2 12 ( 2 3 12 ) ( 2 18 12 )
2 13 ( 2 28 13 ) ( 2 12 13 )
2 14 ( 2 15 18 14 ) ( 2 1 14 )
2 15 ( 2 1 15 ) ( 2 14 15 )
2 16 ( 2 21 16 ) ( 2 4 16 )
2 17 ( 2 8 26 17 ) ( 2 19 17 )
2 18 ( 2 3 18 ) ( 2 28 14 18 )
2 19 ( 2 21 19 ) ( 2 3 19 )
2 20 ( 2 0 20 ) ( 2 24 12 20 )
2 21 ( 2 4 21 ) ( 2 8 21 )
2 24 ( 2 28 24 ) ( 2 0 12 24 )
2 26 ( 2 8 26 ) ( 2 21 26 )
2 28 ( 2 3 28 ) ( 2 15 28 )
2 29 ( 2 13 29 ) ( 2 28 29 )
3 4 ( 3 2 4 ) ( 3 17 4 )
3 6 ( 3 20 6 ) ( 3 28 6 )
3 7 ( 3 29 7 ) ( 3 18 7 )
3 8 ( 3 17 8 ) ( 3 19 8 )
3 9 ( 3 16 9 ) ( 3 2 9 )
3 10 ( 3 6 10 ) ( 3 0 12 10 )
3 12 ( 3 28 12 ) ( 3 24 12 )
3 13 ( 3 28 13 ) ( 3 12 13 )
3 14 ( 3 15 14 ) ( 3 28 14 )
3 15 ( 3 18 15 ) ( 3 14 15 )
3 16 ( 3 21 16 ) ( 3 18 14 16 )
3 17 ( 3 8 17 ) ( 3 14 17 )
3 18 ( 3 15 18 ) ( 3 28 18 )
3 20 ( 3 0 24 20 ) ( 3 1 14 20 )
3 22 ( 3 24 20 22 ) ( 3 12 28 22 )
3 24 ( 3 28 24 ) ( 3 0 24 )
3 28 ( 3 24 28 ) ( 3 18 28 )
3 29 ( 3 28 29 ) ( 3 12 29 )
4 6 ( 4 29 6 ) ( 4 12 0 6 )
4 7 ( 4 16 7 ) ( 4 21 7 )
4 8 ( 4 19 8 ) ( 4 17 8 )
4 9 ( 4 26 9 ) ( 4 8 9 )
4 16 ( 4 21 16 ) ( 4 19 16 )
4 17 ( 4 19 17 ) ( 4 21 17 )
4 19 ( 4 8 19 ) ( 4 17 19 )
4 21 ( 4 17 21 ) ( 4 19 8 26 21 )
4 26 ( 4 19 26 ) ( 4 17 26 )
6 10 ( 6 24 10 ) ( 6 20 0 10 )
6 12 ( 6 24 20 12 ) ( 6 29 12 )
6 13 ( 6 24 0 13 ) ( 6 14 13 )
6 14 ( 6 20 14 ) ( 6 28 14 )
6 15 ( 6 18 15 ) ( 6 20 15 )
6 18 ( 6 20 18 ) ( 6 0 18 )
6 20 ( 6 24 20 ) ( 6 12 20 )
6 22 ( 6 0 22 ) ( 6 24 22 )
6 24 ( 6 12 24 ) ( 6 13 24 )
6 28 ( 6 12 28 ) ( 6 0 24 28 )
6 29 ( 6 0 29 ) ( 6 12 29 )
7 9 ( 7 16 9 ) ( 7 22 9 )
8 17 ( 8 26 17 ) ( 8 2 17 )
8 19 ( 8 26 19 ) ( 8 4 19 )
8 21 ( 8 26 21 ) ( 8 19 21 )
8 26 ( 8 19 26 ) ( 8 4 26 )
9 16 ( 9 21 16 ) ( 9 7 16 )
9 21 ( 9 4 21 ) ( 9 16 19 21 )
10 12 ( 10 0 12 ) ( 10 6 12 )
10 13 ( 10 20 13 ) ( 10 12 13 )
12 13 ( 12 0 13 ) ( 12 28 13 )
12 14 ( 12 28 14 ) ( 12 0 14 )
12 15 ( 12 18 15 ) ( 12 28 1 15 )
12 18 ( 12 28 18 ) ( 12 1 18 )
12 20 ( 12 0 13 20 ) ( 12 29 20 )
12 24 ( 12 0 24 ) ( 12 20 24 )
12 28 ( 12 0 28 ) ( 12 20 28 )
12 29 ( 12 13 29 ) ( 12 24 29 )
13 14 ( 13 28 14 ) ( 13 18 14 )
13 15 ( 13 12 1 15 ) ( 13 20 18 15 )
13 18 ( 13 28 18 ) ( 13 1 18 )
13 20 ( 13 0 20 ) ( 13 28 20 )
13 24 ( 13 20 24 ) ( 13 12 0 24 )
13 28 ( 13 12 28 ) ( 13 0 28 )
13 29 ( 13 12 29 ) ( 13 24 29 )
14 15 ( 14 28 15 ) ( 14 20 15 )
14 18 ( 14 28 18 ) ( 14 1 3 18 )
14 20 ( 14 28 20 ) ( 14 0 20 )
14 24 ( 14 12 24 ) ( 14 18 24 )
14 28 ( 14 24 28 ) ( 14 13 28 )
15 18 ( 15 1 18 ) ( 15 28 18 )
15 20 ( 15 28 20 ) ( 15 12 20 )
15 24 ( 15 14 24 ) ( 15 28 24 )
15 28 ( 15 14 28 ) ( 15 12 28 )
16 21 ( 16 4 21 ) ( 16 26 21 )
17 19 ( 17 4 8 19 ) ( 17 21 19 )
17 26 ( 17 4 26 ) ( 17 19 2 8 26 )
18 20 ( 18 14 20 ) ( 18 28 20 )
18 24 ( 18 20 24 ) ( 18 12 24 )
18 28 ( 18 24 28 ) ( 18 20 28 )
19 26 ( 19 17 26 ) ( 19 2 26 )
20 24 ( 20 0 24 ) ( 20 12 24 )
20 28 ( 20 24 28 ) ( 20 12 28 )
20 29 ( 20 0 29 ) ( 20 28 12 29 )
24 28 ( 24 0 28 ) ( 24 13 28 )

EOF