DIMENSIONS
12 sommetsG2
10 sommetsG1
45 dem

SOMMETS
0  Sao-paulo  C  -23.53  -46.63
1  Rio-de-janeiro  C  -22.91  -43.2
2  Salvador  C  -12.97  -38.5
3  Belo-horizonte  C  -19.92  -43.94
4  Fortaleza  T  -3.78  -38.59
5  Brasilia  C  -15.78  -47.91
6  Curitiba  C  -25.42  -49.29
7  Manaus  C  -3.12  -60.02
8  Recife  C  -8.08  -34.92
9  Belem  C  -1.44  -48.5
10  Porto-alegre  T  -30.04  -51.22
11  Goiania  C  -16.72  -49.26

DEMANDES
0 1 ( 0 3 1 ) ( 0 6 1 )
0 2 ( 0 3 2 ) ( 0 1 2 )
0 3 ( 0 6 3 ) ( 0 11 3 )
0 5 ( 0 3 5 ) ( 0 1 5 )
0 6 ( 0 1 3 6 ) ( 0 5 6 )
0 7 ( 0 5 7 ) ( 0 1 7 )
0 8 ( 0 3 8 ) ( 0 2 8 )
0 9 ( 0 5 9 ) ( 0 11 9 )
0 11 ( 0 3 11 ) ( 0 1 6 11 )
1 2 ( 1 3 2 ) ( 1 0 2 )
1 3 ( 1 11 0 3 ) ( 1 8 3 )
1 5 ( 1 3 5 ) ( 1 6 0 5 )
1 6 ( 1 3 11 6 ) ( 1 8 6 )
1 7 ( 1 11 7 ) ( 1 5 7 )
1 8 ( 1 3 2 8 ) ( 1 5 8 )
1 9 ( 1 3 9 ) ( 1 11 9 )
1 11 ( 1 3 0 11 ) ( 1 6 3 2 11 )
2 3 ( 2 5 3 ) ( 2 11 3 )
2 5 ( 2 1 5 ) ( 2 8 5 )
2 6 ( 2 1 6 ) ( 2 5 6 )
2 7 ( 2 11 5 7 ) ( 2 8 7 )
2 8 ( 2 3 8 ) ( 2 1 8 )
2 9 ( 2 8 9 ) ( 2 1 9 )
2 11 ( 2 5 11 ) ( 2 3 11 )
3 5 ( 3 11 5 ) ( 3 0 5 )
3 6 ( 3 0 6 ) ( 3 5 6 )
3 7 ( 3 11 7 ) ( 3 1 5 7 )
3 8 ( 3 2 8 ) ( 3 1 8 )
3 9 ( 3 5 11 9 ) ( 3 2 9 )
3 11 ( 3 5 11 ) ( 3 0 11 )
5 6 ( 5 0 6 ) ( 5 3 6 )
5 7 ( 5 11 7 ) ( 5 0 7 )
5 8 ( 5 11 8 ) ( 5 3 8 )
5 9 ( 5 3 9 ) ( 5 2 9 )
5 11 ( 5 0 11 ) ( 5 6 11 )
6 7 ( 6 0 7 ) ( 6 11 5 7 )
6 8 ( 6 1 2 8 ) ( 6 5 8 )
6 9 ( 6 5 9 ) ( 6 0 9 )
6 11 ( 6 0 11 ) ( 6 5 11 )
7 8 ( 7 9 8 ) ( 7 2 8 )
7 9 ( 7 11 5 9 ) ( 7 8 9 )
7 11 ( 7 5 11 ) ( 7 1 11 )
8 9 ( 8 5 9 ) ( 8 3 9 )
8 11 ( 8 5 11 ) ( 8 2 11 )
9 11 ( 9 5 11 ) ( 9 2 11 )

EOF