DIMENSIONS
50 sommetsG2
45 sommetsG1
70 dem

SOMMETS
0  Sao-paulo  C  -23.53  -46.63
1  Rio-de-janeiro  C  -22.91  -43.2
2  Salvador  C  -12.97  -38.5
3  Belo-horizonte  C  -19.92  -43.94
4  Fortaleza  C  -3.78  -38.59
5  Brasilia  C  -15.78  -47.91
6  Curitiba  C  -25.42  -49.29
7  Manaus  C  -3.12  -60.02
8  Recife  C  -8.08  -34.92
9  Belem  T  -1.44  -48.5
10  Porto-alegre  C  -30.04  -51.22
11  Goiania  C  -16.72  -49.26
12  Guarulhos  C  -23.46  -46.49
13  Campinas  C  -22.91  -47.08
14  Nova-iguacu  C  -22.74  -43.47
15  Sao-goncalo  C  -22.84  -43.07
16  Sao-luis  C  -2.5  -44.3
17  Maceio  C  -9.65  -35.75
18  Duque-de-caxias  C  -22.77  -43.31
19  Natal  T  -5.8  -35.22
20  Sao-bernardo-do-campo  C  -23.71  -46.54
21  Teresina  C  -5.1  -42.8
22  Campo-grande  C  -20.45  -54.63
23  Osasco  C  -23.53  -46.78
24  Santo-andre  C  -23.65  -46.53
25  Jaboatao  C  -8.11  -35.02
26  Joao-pessoa  C  -7.12  -34.86
27  Contagem  C  -19.91  -44.1
28  Sao-jose-dos-campos  C  -23.2  -45.88
29  Ribeirao-preto  C  -21.17  -47.8
30  Sorocaba  C  -23.49  -47.47
31  Uberlandia  C  -18.9  -48.28
32  Cuiaba  C  -15.61  -56.09
33  Aracaju  C  -10.91  -37.07
34  Niteroi  C  -22.9  -43.13
35  Juiz-de-fora  C  -21.75  -43.36
36  Sao-joao-de-meriti  C  -22.8  -43.35
37  Belford-roxo  C  -22.75  -43.42
38  Feira-de-santana  C  -12.25  -38.97
39  Londrina  T  -23.3  -51.18
40  Joinville  C  -26.32  -48.84
41  Ananindeua  C  -1.38  -48.38
42  Santos  T  -23.95  -46.33
43  Aparecida-de-goiania  C  -16.82  -49.24
44  Campos  C  -21.75  -41.34
45  Diadema  T  -23.69  -46.61
46  Vila-velha  C  -20.32  -40.28
47  Maua  C  -23.66  -46.46
48  Florianopolis  C  -27.6  -48.54
49  Olinda  C  -8  -34.85

DEMANDES
0 1 ( 0 12 1 ) ( 0 28 1 )
0 2 ( 0 3 2 ) ( 0 27 2 )
0 3 ( 0 12 3 ) ( 0 28 3 )
0 4 ( 0 12 4 ) ( 0 27 4 )
0 5 ( 0 13 5 ) ( 0 23 5 )
0 6 ( 0 23 6 ) ( 0 30 6 )
0 7 ( 0 13 7 ) ( 0 29 7 )
0 8 ( 0 33 8 ) ( 0 2 8 )
0 10 ( 0 20 10 ) ( 0 48 10 )
0 11 ( 0 43 11 ) ( 0 24 11 )
0 12 ( 0 24 12 ) ( 0 20 47 12 )
0 13 ( 0 23 13 ) ( 0 24 12 13 )
0 14 ( 0 12 14 ) ( 0 28 14 )
0 15 ( 0 1 15 ) ( 0 34 15 )
0 18 ( 0 12 18 ) ( 0 37 18 )
0 20 ( 0 24 20 ) ( 0 12 20 )
0 22 ( 0 30 22 ) ( 0 20 22 )
0 23 ( 0 47 23 ) ( 0 12 20 24 23 )
0 24 ( 0 47 24 ) ( 0 12 24 )
0 27 ( 0 28 27 ) ( 0 23 12 27 )
0 28 ( 0 24 28 ) ( 0 23 28 )
0 29 ( 0 23 29 ) ( 0 47 29 )
0 30 ( 0 23 30 ) ( 0 47 20 30 )
0 31 ( 0 23 29 31 ) ( 0 47 31 )
0 34 ( 0 12 36 34 ) ( 0 18 34 )
0 35 ( 0 12 28 35 ) ( 0 24 35 )
0 36 ( 0 28 36 ) ( 0 12 37 36 )
0 37 ( 0 12 37 ) ( 0 14 37 )
0 40 ( 0 30 40 ) ( 0 47 12 40 )
0 43 ( 0 23 31 43 ) ( 0 11 43 )
0 44 ( 0 12 44 ) ( 0 37 44 )
0 46 ( 0 12 46 ) ( 0 28 46 )
0 47 ( 0 20 47 ) ( 0 12 47 )
0 48 ( 0 20 48 ) ( 0 23 48 )
1 2 ( 1 18 2 ) ( 1 35 2 )
1 3 ( 1 36 37 3 ) ( 1 34 3 )
1 5 ( 1 18 5 ) ( 1 36 5 )
1 6 ( 1 47 6 ) ( 1 24 6 )
1 10 ( 1 48 10 ) ( 1 34 10 )
1 11 ( 1 18 11 ) ( 1 14 11 )
1 12 ( 1 36 28 12 ) ( 1 34 12 )
1 13 ( 1 28 13 ) ( 1 14 13 )
1 14 ( 1 36 14 ) ( 1 34 14 )
1 15 ( 1 18 15 ) ( 1 37 36 15 )
1 18 ( 1 36 18 ) ( 1 37 18 )
1 20 ( 1 36 47 20 ) ( 1 28 20 )
1 23 ( 1 12 23 ) ( 1 0 23 )
1 24 ( 1 28 24 ) ( 1 20 24 )
1 27 ( 1 18 27 ) ( 1 37 27 )
1 28 ( 1 14 28 ) ( 1 18 28 )
1 29 ( 1 18 29 ) ( 1 14 37 29 )
1 30 ( 1 12 23 30 ) ( 1 47 24 30 )
1 34 ( 1 15 34 ) ( 1 36 34 )
1 35 ( 1 36 35 ) ( 1 34 35 )
1 36 ( 1 14 36 ) ( 1 18 14 37 36 )
1 37 ( 1 36 37 ) ( 1 14 37 )
1 44 ( 1 34 44 ) ( 1 36 44 )
1 46 ( 1 15 46 ) ( 1 34 44 46 )
1 47 ( 1 36 47 ) ( 1 37 47 )
2 38 ( 2 17 38 ) ( 2 25 38 )
3 5 ( 3 31 5 ) ( 3 43 5 )
3 14 ( 3 27 14 ) ( 3 37 36 14 )
3 27 ( 3 37 27 ) ( 3 36 35 27 )
5 11 ( 5 43 11 ) ( 5 27 11 )
6 40 ( 6 30 40 ) ( 6 23 40 )
8 25 ( 8 49 25 ) ( 8 17 25 )
8 26 ( 8 49 26 ) ( 8 17 26 )
12 13 ( 12 0 13 ) ( 12 24 13 )
12 20 ( 12 24 20 ) ( 12 0 20 )
14 15 ( 14 37 36 15 ) ( 14 27 15 )

EOF