DIMENSIONS
85 sommetsG2
80 sommetsG1
85 dem

SOMMETS
0  Sao-paulo  C  -23.53  -46.63
1  Rio-de-janeiro  C  -22.91  -43.2
2  Salvador  C  -12.97  -38.5
3  Belo-horizonte  C  -19.92  -43.94
4  Fortaleza  C  -3.78  -38.59
5  Brasilia  C  -15.78  -47.91
6  Curitiba  C  -25.42  -49.29
7  Manaus  C  -3.12  -60.02
8  Recife  C  -8.08  -34.92
9  Belem  C  -1.44  -48.5
10  Porto-alegre  C  -30.04  -51.22
11  Goiania  C  -16.72  -49.26
12  Guarulhos  C  -23.46  -46.49
13  Campinas  C  -22.91  -47.08
14  Nova-iguacu  C  -22.74  -43.47
15  Sao-goncalo  C  -22.84  -43.07
16  Sao-luis  C  -2.5  -44.3
17  Maceio  C  -9.65  -35.75
18  Duque-de-caxias  C  -22.77  -43.31
19  Natal  C  -5.8  -35.22
20  Sao-bernardo-do-campo  C  -23.71  -46.54
21  Teresina  C  -5.1  -42.8
22  Campo-grande  C  -20.45  -54.63
23  Osasco  C  -23.53  -46.78
24  Santo-andre  C  -23.65  -46.53
25  Jaboatao  C  -8.11  -35.02
26  Joao-pessoa  C  -7.12  -34.86
27  Contagem  C  -19.91  -44.1
28  Sao-jose-dos-campos  C  -23.2  -45.88
29  Ribeirao-preto  C  -21.17  -47.8
30  Sorocaba  C  -23.49  -47.47
31  Uberlandia  C  -18.9  -48.28
32  Cuiaba  C  -15.61  -56.09
33  Aracaju  T  -10.91  -37.07
34  Niteroi  C  -22.9  -43.13
35  Juiz-de-fora  C  -21.75  -43.36
36  Sao-joao-de-meriti  C  -22.8  -43.35
37  Belford-roxo  C  -22.75  -43.42
38  Feira-de-santana  C  -12.25  -38.97
39  Londrina  C  -23.3  -51.18
40  Joinville  C  -26.32  -48.84
41  Ananindeua  C  -1.38  -48.38
42  Santos  C  -23.95  -46.33
43  Aparecida-de-goiania  C  -16.82  -49.24
44  Campos  C  -21.75  -41.34
45  Diadema  C  -23.69  -46.61
46  Vila-velha  C  -20.32  -40.28
47  Maua  C  -23.66  -46.46
48  Florianopolis  C  -27.6  -48.54
49  Olinda  C  -8  -34.85
50  Sao-jose-do-rio-preto  C  -20.8  -49.39
51  Caxias-do-sul  C  -29.18  -51.17
52  Serra  C  -20.13  -40.32
53  Carapicuiba  C  -23.52  -46.84
54  Campina-grande  C  -7.23  -35.88
55  Betim  C  -19.97  -44.19
56  Piracicaba  C  -22.71  -47.64
57  Cariacica  C  -20.23  -40.37
58  Bauru  C  -22.33  -49.08
59  Macapa  C  0.04  -51.05
60  Canoas  C  -29.92  -51.18
61  Sao-vicente  C  -23.96  -46.39
62  Moji-das-cruzes  C  -23.52  -46.21
63  Jundiai  C  -23.2  -46.88
64  Montes-claros  C  -16.72  -43.86
65  Pelotas  C  -31.76  -52.34
66  Vitoria  T  -20.31  -40.31
67  Anapolis  T  -16.32  -48.96
68  Itaquaquecetuba  C  -23.47  -46.35
69  Porto-velho  C  -8.76  -63.91
70  Maringa  C  -23.41  -51.93
71  Franca  T  -20.53  -47.39
72  Guaruja  C  -24  -46.27
73  Ribeirao-das-neves  C  -19.76  -44.08
74  Ponta-grossa  C  -25.09  -50.16
75  Paulista  C  -7.9  -34.91
76  Foz-do-iguacu  C  -25.55  -54.58
77  Petropolis  T  -22.51  -43.2
78  Blumenau  C  -26.92  -49.09
79  Limeira  C  -22.55  -47.4
80  Suzano  C  -23.55  -46.31
81  Uberaba  C  -19.76  -47.94
82  Caucaia  C  -3.74  -38.67
83  Volta-redonda  C  -22.51  -44.12
84  Rio-branco  C  -9.98  -67.82

DEMANDES
0 1 ( 0 68 1 ) ( 0 62 1 )
0 2 ( 0 55 2 ) ( 0 73 2 )
0 3 ( 0 12 3 ) ( 0 80 3 )
0 4 ( 0 12 4 ) ( 0 82 4 )
0 5 ( 0 63 5 ) ( 0 13 5 )
0 6 ( 0 53 6 ) ( 0 24 6 )
0 8 ( 0 3 8 ) ( 0 2 8 )
0 10 ( 0 78 10 ) ( 0 60 10 )
0 11 ( 0 43 11 ) ( 0 63 11 )
0 12 ( 0 24 12 ) ( 0 47 12 )
0 13 ( 0 63 13 ) ( 0 23 13 )
0 14 ( 0 68 14 ) ( 0 62 14 )
0 15 ( 0 68 15 ) ( 0 12 15 )
0 18 ( 0 68 18 ) ( 0 36 18 )
0 20 ( 0 24 20 ) ( 0 45 20 )
0 22 ( 0 63 22 ) ( 0 56 22 )
0 23 ( 0 45 23 ) ( 0 12 23 )
0 24 ( 0 20 24 ) ( 0 47 24 )
0 27 ( 0 12 27 ) ( 0 68 27 )
0 28 ( 0 80 28 ) ( 0 62 28 )
0 29 ( 0 13 29 ) ( 0 79 29 )
0 30 ( 0 23 30 ) ( 0 45 30 )
0 31 ( 0 81 31 ) ( 0 13 31 )
0 34 ( 0 68 34 ) ( 0 80 1 34 )
0 35 ( 0 12 35 ) ( 0 62 35 )
0 36 ( 0 28 36 ) ( 0 68 37 36 )
0 37 ( 0 12 37 ) ( 0 14 37 )
0 39 ( 0 23 39 ) ( 0 45 53 39 )
0 40 ( 0 45 40 ) ( 0 23 40 )
0 42 ( 0 20 42 ) ( 0 47 42 )
0 44 ( 0 68 44 ) ( 0 83 44 )
0 45 ( 0 24 45 ) ( 0 23 45 )
0 47 ( 0 24 47 ) ( 0 20 47 )
0 48 ( 0 24 48 ) ( 0 47 48 )
0 50 ( 0 13 50 ) ( 0 79 50 )
0 53 ( 0 12 53 ) ( 0 24 45 53 )
0 55 ( 0 80 28 55 ) ( 0 47 55 )
0 56 ( 0 53 56 ) ( 0 13 56 )
0 58 ( 0 23 58 ) ( 0 53 30 58 )
0 61 ( 0 20 61 ) ( 0 47 61 )
0 62 ( 0 12 62 ) ( 0 24 62 )
0 63 ( 0 12 63 ) ( 0 20 63 )
0 68 ( 0 12 68 ) ( 0 45 24 68 )
0 70 ( 0 53 70 ) ( 0 30 70 )
0 72 ( 0 42 72 ) ( 0 61 72 )
0 73 ( 0 12 73 ) ( 0 68 55 73 )
0 74 ( 0 23 74 ) ( 0 53 30 74 )
0 78 ( 0 45 78 ) ( 0 24 78 )
0 79 ( 0 53 79 ) ( 0 45 79 )
0 80 ( 0 12 80 ) ( 0 24 80 )
0 81 ( 0 13 81 ) ( 0 29 81 )
0 83 ( 0 28 83 ) ( 0 12 83 )
1 2 ( 1 36 18 2 ) ( 1 37 2 )
1 3 ( 1 35 3 ) ( 1 36 3 )
1 5 ( 1 18 5 ) ( 1 36 37 5 )
1 6 ( 1 72 6 ) ( 1 42 6 )
1 11 ( 1 18 11 ) ( 1 36 11 )
1 12 ( 1 68 12 ) ( 1 62 12 )
1 13 ( 1 28 13 ) ( 1 14 13 )
1 14 ( 1 36 14 ) ( 1 15 14 )
1 15 ( 1 36 18 15 ) ( 1 37 15 )
1 18 ( 1 36 18 ) ( 1 83 18 )
1 20 ( 1 47 20 ) ( 1 62 20 )
1 23 ( 1 68 23 ) ( 1 12 23 )
1 24 ( 1 80 24 ) ( 1 62 68 24 )
1 27 ( 1 18 27 ) ( 1 35 27 )
1 28 ( 1 36 28 ) ( 1 37 28 )
1 30 ( 1 28 30 ) ( 1 53 30 )
1 34 ( 1 15 34 ) ( 1 18 34 )
1 35 ( 1 18 35 ) ( 1 36 35 )
1 36 ( 1 34 36 ) ( 1 14 36 )
1 37 ( 1 34 37 ) ( 1 15 37 )
1 42 ( 1 37 42 ) ( 1 18 42 )
1 44 ( 1 18 36 44 ) ( 1 37 34 44 )
1 45 ( 1 47 45 ) ( 1 62 45 )
1 47 ( 1 68 47 ) ( 1 37 14 47 )
1 55 ( 1 18 55 ) ( 1 14 55 )
1 62 ( 1 36 62 ) ( 1 37 62 )
1 83 ( 1 14 83 ) ( 1 36 83 )
2 38 ( 2 17 38 ) ( 2 75 38 )
3 27 ( 3 35 27 ) ( 3 14 27 )
3 55 ( 3 73 55 ) ( 3 27 35 55 )
5 11 ( 5 31 43 11 ) ( 5 50 11 )
8 25 ( 8 26 25 ) ( 8 54 25 )
12 13 ( 12 0 13 ) ( 12 23 13 )

EOF