DIMENSIONS
90 sommetsG2
85 sommetsG1
150 dem

SOMMETS
0  Sao-paulo  C  -23.53  -46.63
1  Rio-de-janeiro  C  -22.91  -43.2
2  Salvador  C  -12.97  -38.5
3  Belo-horizonte  C  -19.92  -43.94
4  Fortaleza  C  -3.78  -38.59
5  Brasilia  C  -15.78  -47.91
6  Curitiba  C  -25.42  -49.29
7  Manaus  C  -3.12  -60.02
8  Recife  C  -8.08  -34.92
9  Belem  C  -1.44  -48.5
10  Porto-alegre  C  -30.04  -51.22
11  Goiania  C  -16.72  -49.26
12  Guarulhos  C  -23.46  -46.49
13  Campinas  C  -22.91  -47.08
14  Nova-iguacu  C  -22.74  -43.47
15  Sao-goncalo  C  -22.84  -43.07
16  Sao-luis  C  -2.5  -44.3
17  Maceio  C  -9.65  -35.75
18  Duque-de-caxias  C  -22.77  -43.31
19  Natal  C  -5.8  -35.22
20  Sao-bernardo-do-campo  C  -23.71  -46.54
21  Teresina  C  -5.1  -42.8
22  Campo-grande  C  -20.45  -54.63
23  Osasco  C  -23.53  -46.78
24  Santo-andre  C  -23.65  -46.53
25  Jaboatao  C  -8.11  -35.02
26  Joao-pessoa  C  -7.12  -34.86
27  Contagem  C  -19.91  -44.1
28  Sao-jose-dos-campos  C  -23.2  -45.88
29  Ribeirao-preto  C  -21.17  -47.8
30  Sorocaba  C  -23.49  -47.47
31  Uberlandia  C  -18.9  -48.28
32  Cuiaba  C  -15.61  -56.09
33  Aracaju  C  -10.91  -37.07
34  Niteroi  C  -22.9  -43.13
35  Juiz-de-fora  T  -21.75  -43.36
36  Sao-joao-de-meriti  C  -22.8  -43.35
37  Belford-roxo  C  -22.75  -43.42
38  Feira-de-santana  C  -12.25  -38.97
39  Londrina  C  -23.3  -51.18
40  Joinville  C  -26.32  -48.84
41  Ananindeua  C  -1.38  -48.38
42  Santos  C  -23.95  -46.33
43  Aparecida-de-goiania  C  -16.82  -49.24
44  Campos  C  -21.75  -41.34
45  Diadema  C  -23.69  -46.61
46  Vila-velha  C  -20.32  -40.28
47  Maua  C  -23.66  -46.46
48  Florianopolis  C  -27.6  -48.54
49  Olinda  C  -8  -34.85
50  Sao-jose-do-rio-preto  C  -20.8  -49.39
51  Caxias-do-sul  C  -29.18  -51.17
52  Serra  C  -20.13  -40.32
53  Carapicuiba  C  -23.52  -46.84
54  Campina-grande  C  -7.23  -35.88
55  Betim  C  -19.97  -44.19
56  Piracicaba  C  -22.71  -47.64
57  Cariacica  C  -20.23  -40.37
58  Bauru  C  -22.33  -49.08
59  Macapa  C  0.04  -51.05
60  Canoas  C  -29.92  -51.18
61  Sao-vicente  C  -23.96  -46.39
62  Moji-das-cruzes  C  -23.52  -46.21
63  Jundiai  C  -23.2  -46.88
64  Montes-claros  C  -16.72  -43.86
65  Pelotas  C  -31.76  -52.34
66  Vitoria  C  -20.31  -40.31
67  Anapolis  C  -16.32  -48.96
68  Itaquaquecetuba  C  -23.47  -46.35
69  Porto-velho  C  -8.76  -63.91
70  Maringa  T  -23.41  -51.93
71  Franca  T  -20.53  -47.39
72  Guaruja  C  -24  -46.27
73  Ribeirao-das-neves  C  -19.76  -44.08
74  Ponta-grossa  C  -25.09  -50.16
75  Paulista  T  -7.9  -34.91
76  Foz-do-iguacu  C  -25.55  -54.58
77  Petropolis  C  -22.51  -43.2
78  Blumenau  C  -26.92  -49.09
79  Limeira  C  -22.55  -47.4
80  Suzano  C  -23.55  -46.31
81  Uberaba  C  -19.76  -47.94
82  Caucaia  T  -3.74  -38.67
83  Volta-redonda  C  -22.51  -44.12
84  Rio-branco  C  -9.98  -67.82
85  Governador-valadares  C  -18.87  -41.97
86  Novo-hamburgo  C  -29.71  -51.14
87  Cascavel  C  -24.96  -53.46
88  Taubate  C  -23.02  -45.56
89  Viamao  C  -30.09  -50.98

DEMANDES
0 1 ( 0 68 1 ) ( 0 62 1 )
0 2 ( 0 27 2 ) ( 0 55 2 )
0 3 ( 0 12 3 ) ( 0 68 3 )
0 4 ( 0 12 64 4 ) ( 0 55 4 )
0 5 ( 0 81 5 ) ( 0 23 63 5 )
0 6 ( 0 53 6 ) ( 0 24 6 )
0 7 ( 0 13 7 ) ( 0 63 7 )
0 8 ( 0 33 8 ) ( 0 3 8 )
0 9 ( 0 5 9 ) ( 0 63 9 )
0 10 ( 0 78 60 10 ) ( 0 40 10 )
0 11 ( 0 43 11 ) ( 0 63 11 )
0 12 ( 0 47 12 ) ( 0 45 24 12 )
0 13 ( 0 23 13 ) ( 0 12 13 )
0 14 ( 0 12 28 14 ) ( 0 68 62 14 )
0 15 ( 0 68 15 ) ( 0 12 15 )
0 16 ( 0 23 16 ) ( 0 53 16 )
0 17 ( 0 3 17 ) ( 0 55 2 17 )
0 18 ( 0 68 18 ) ( 0 36 18 )
0 20 ( 0 12 24 20 ) ( 0 23 53 20 )
0 22 ( 0 58 22 ) ( 0 30 22 )
0 23 ( 0 53 23 ) ( 0 24 20 23 )
0 24 ( 0 45 24 ) ( 0 47 24 )
0 27 ( 0 68 27 ) ( 0 28 27 )
0 28 ( 0 62 28 ) ( 0 24 28 )
0 29 ( 0 13 29 ) ( 0 79 29 )
0 30 ( 0 63 30 ) ( 0 45 53 30 )
0 31 ( 0 81 31 ) ( 0 13 31 )
0 32 ( 0 56 32 ) ( 0 63 32 )
0 34 ( 0 1 34 ) ( 0 68 34 )
0 36 ( 0 68 36 ) ( 0 12 36 )
0 37 ( 0 12 37 ) ( 0 62 37 )
0 39 ( 0 30 39 ) ( 0 53 23 39 )
0 40 ( 0 23 40 ) ( 0 20 40 )
0 42 ( 0 20 42 ) ( 0 47 42 )
0 43 ( 0 81 43 ) ( 0 29 43 )
0 44 ( 0 28 44 ) ( 0 77 44 )
0 45 ( 0 23 45 ) ( 0 53 45 )
0 46 ( 0 88 46 ) ( 0 66 46 )
0 47 ( 0 20 47 ) ( 0 12 47 )
0 48 ( 0 23 48 ) ( 0 24 48 )
0 50 ( 0 63 50 ) ( 0 23 50 )
0 51 ( 0 40 51 ) ( 0 45 51 )
0 52 ( 0 88 52 ) ( 0 28 57 52 )
0 53 ( 0 23 53 ) ( 0 24 53 )
0 55 ( 0 12 55 ) ( 0 80 55 )
0 56 ( 0 23 56 ) ( 0 79 56 )
0 57 ( 0 12 57 ) ( 0 68 57 )
0 58 ( 0 53 58 ) ( 0 63 58 )
0 60 ( 0 78 60 ) ( 0 86 60 )
0 61 ( 0 24 61 ) ( 0 12 61 )
0 62 ( 0 80 62 ) ( 0 12 62 )
0 63 ( 0 23 63 ) ( 0 53 63 )
0 64 ( 0 12 64 ) ( 0 68 64 )
0 66 ( 0 88 66 ) ( 0 28 66 )
0 67 ( 0 81 67 ) ( 0 31 67 )
0 68 ( 0 80 68 ) ( 0 24 68 )
0 72 ( 0 24 42 72 ) ( 0 20 72 )
0 73 ( 0 55 73 ) ( 0 27 73 )
0 74 ( 0 23 74 ) ( 0 53 74 )
0 76 ( 0 53 76 ) ( 0 30 76 )
0 77 ( 0 28 77 ) ( 0 88 77 )
0 78 ( 0 45 78 ) ( 0 24 78 )
0 79 ( 0 63 79 ) ( 0 13 79 )
0 80 ( 0 12 80 ) ( 0 47 80 )
0 81 ( 0 29 81 ) ( 0 23 81 )
0 83 ( 0 28 83 ) ( 0 12 83 )
0 85 ( 0 12 85 ) ( 0 68 85 )
0 86 ( 0 23 86 ) ( 0 53 86 )
0 87 ( 0 23 87 ) ( 0 53 87 )
0 88 ( 0 12 88 ) ( 0 68 88 )
1 2 ( 1 15 2 ) ( 1 34 2 )
1 3 ( 1 36 3 ) ( 1 34 3 )
1 4 ( 1 77 4 ) ( 1 15 4 )
1 5 ( 1 14 5 ) ( 1 18 36 5 )
1 6 ( 1 72 6 ) ( 1 61 6 )
1 8 ( 1 34 8 ) ( 1 77 17 8 )
1 10 ( 1 48 10 ) ( 1 34 10 )
1 11 ( 1 18 11 ) ( 1 36 37 14 11 )
1 12 ( 1 68 12 ) ( 1 88 12 )
1 13 ( 1 36 13 ) ( 1 14 13 )
1 14 ( 1 34 18 14 ) ( 1 37 36 83 14 )
1 15 ( 1 34 15 ) ( 1 36 15 )
1 18 ( 1 34 18 ) ( 1 37 18 )
1 20 ( 1 36 20 ) ( 1 68 20 )
1 23 ( 1 68 23 ) ( 1 80 23 )
1 24 ( 1 80 24 ) ( 1 68 24 )
1 27 ( 1 18 27 ) ( 1 77 27 )
1 28 ( 1 37 28 ) ( 1 36 14 28 )
1 29 ( 1 36 29 ) ( 1 34 29 )
1 30 ( 1 12 30 ) ( 1 53 30 )
1 31 ( 1 37 31 ) ( 1 18 31 )
1 34 ( 1 36 34 ) ( 1 37 34 )
1 36 ( 1 37 18 36 ) ( 1 14 36 )
1 37 ( 1 18 37 ) ( 1 14 37 )
1 40 ( 1 36 40 ) ( 1 72 40 )
1 42 ( 1 61 42 ) ( 1 18 72 42 )
1 44 ( 1 15 34 44 ) ( 1 18 44 )
1 45 ( 1 24 45 ) ( 1 62 45 )
1 46 ( 1 34 46 ) ( 1 15 66 46 )
1 47 ( 1 62 80 47 ) ( 1 36 47 )
1 52 ( 1 15 52 ) ( 1 57 52 )
1 53 ( 1 12 53 ) ( 1 68 53 )
1 55 ( 1 18 55 ) ( 1 77 55 )
1 56 ( 1 88 56 ) ( 1 13 56 )
1 57 ( 1 15 57 ) ( 1 66 57 )
1 61 ( 1 72 61 ) ( 1 36 61 )
1 62 ( 1 36 62 ) ( 1 14 62 )
1 63 ( 1 88 63 ) ( 1 14 63 )
1 66 ( 1 46 66 ) ( 1 77 66 )
1 68 ( 1 28 68 ) ( 1 88 68 )
1 72 ( 1 18 72 ) ( 1 34 36 72 )
1 73 ( 1 36 73 ) ( 1 34 73 )
1 77 ( 1 34 77 ) ( 1 15 77 )
1 79 ( 1 36 79 ) ( 1 37 79 )
1 80 ( 1 62 80 ) ( 1 36 80 )
1 83 ( 1 18 83 ) ( 1 34 83 )
1 88 ( 1 37 88 ) ( 1 18 88 )
2 3 ( 2 73 3 ) ( 2 38 3 )
2 8 ( 2 33 8 ) ( 2 25 8 )
2 33 ( 2 25 33 ) ( 2 49 33 )
2 38 ( 2 17 38 ) ( 2 33 25 38 )
3 5 ( 3 73 5 ) ( 3 27 5 )
3 12 ( 3 68 12 ) ( 3 55 12 )
3 14 ( 3 37 14 ) ( 3 27 14 )
3 15 ( 3 77 18 15 ) ( 3 1 15 )
3 18 ( 3 36 18 ) ( 3 14 18 )
3 27 ( 3 73 27 ) ( 3 83 27 )
3 55 ( 3 27 55 ) ( 3 85 55 )
3 73 ( 3 27 73 ) ( 3 14 37 73 )
5 11 ( 5 67 11 ) ( 5 31 67 43 11 )
5 43 ( 5 11 43 ) ( 5 67 43 )
5 67 ( 5 11 67 ) ( 5 31 67 )
6 40 ( 6 78 40 ) ( 6 48 40 )
8 17 ( 8 26 17 ) ( 8 54 17 )
8 25 ( 8 26 25 ) ( 8 54 49 25 )
8 26 ( 8 54 26 ) ( 8 19 26 )
8 49 ( 8 25 49 ) ( 8 26 49 )
9 41 ( 9 16 41 ) ( 9 4 41 )
12 13 ( 12 0 13 ) ( 12 23 13 )
12 20 ( 12 68 20 ) ( 12 0 47 20 )
12 23 ( 12 53 23 ) ( 12 45 23 )
12 24 ( 12 47 24 ) ( 12 0 24 )
12 28 ( 12 80 28 ) ( 12 0 28 )
12 30 ( 12 53 30 ) ( 12 24 30 )
13 20 ( 13 0 20 ) ( 13 24 20 )
13 23 ( 13 53 0 23 ) ( 13 12 23 )
13 24 ( 13 63 24 ) ( 13 23 24 )
14 15 ( 14 37 15 ) ( 14 18 15 )
14 18 ( 14 1 18 ) ( 14 15 18 )
15 18 ( 15 34 18 ) ( 15 1 18 )

EOF