DIMENSIONS
85 sommetsG2
80 sommetsG1
140 dem

SOMMETS
0  Sao-paulo  C  -23.53  -46.63
1  Rio-de-janeiro  C  -22.91  -43.2
2  Salvador  C  -12.97  -38.5
3  Belo-horizonte  C  -19.92  -43.94
4  Fortaleza  C  -3.78  -38.59
5  Brasilia  C  -15.78  -47.91
6  Curitiba  C  -25.42  -49.29
7  Manaus  C  -3.12  -60.02
8  Recife  C  -8.08  -34.92
9  Belem  C  -1.44  -48.5
10  Porto-alegre  C  -30.04  -51.22
11  Goiania  C  -16.72  -49.26
12  Guarulhos  C  -23.46  -46.49
13  Campinas  C  -22.91  -47.08
14  Nova-iguacu  C  -22.74  -43.47
15  Sao-goncalo  C  -22.84  -43.07
16  Sao-luis  C  -2.5  -44.3
17  Maceio  C  -9.65  -35.75
18  Duque-de-caxias  C  -22.77  -43.31
19  Natal  C  -5.8  -35.22
20  Sao-bernardo-do-campo  C  -23.71  -46.54
21  Teresina  C  -5.1  -42.8
22  Campo-grande  C  -20.45  -54.63
23  Osasco  C  -23.53  -46.78
24  Santo-andre  C  -23.65  -46.53
25  Jaboatao  C  -8.11  -35.02
26  Joao-pessoa  C  -7.12  -34.86
27  Contagem  C  -19.91  -44.1
28  Sao-jose-dos-campos  C  -23.2  -45.88
29  Ribeirao-preto  C  -21.17  -47.8
30  Sorocaba  C  -23.49  -47.47
31  Uberlandia  C  -18.9  -48.28
32  Cuiaba  C  -15.61  -56.09
33  Aracaju  T  -10.91  -37.07
34  Niteroi  C  -22.9  -43.13
35  Juiz-de-fora  C  -21.75  -43.36
36  Sao-joao-de-meriti  C  -22.8  -43.35
37  Belford-roxo  C  -22.75  -43.42
38  Feira-de-santana  C  -12.25  -38.97
39  Londrina  C  -23.3  -51.18
40  Joinville  C  -26.32  -48.84
41  Ananindeua  C  -1.38  -48.38
42  Santos  C  -23.95  -46.33
43  Aparecida-de-goiania  C  -16.82  -49.24
44  Campos  C  -21.75  -41.34
45  Diadema  C  -23.69  -46.61
46  Vila-velha  C  -20.32  -40.28
47  Maua  C  -23.66  -46.46
48  Florianopolis  C  -27.6  -48.54
49  Olinda  C  -8  -34.85
50  Sao-jose-do-rio-preto  C  -20.8  -49.39
51  Caxias-do-sul  C  -29.18  -51.17
52  Serra  C  -20.13  -40.32
53  Carapicuiba  C  -23.52  -46.84
54  Campina-grande  C  -7.23  -35.88
55  Betim  C  -19.97  -44.19
56  Piracicaba  C  -22.71  -47.64
57  Cariacica  C  -20.23  -40.37
58  Bauru  C  -22.33  -49.08
59  Macapa  C  0.04  -51.05
60  Canoas  C  -29.92  -51.18
61  Sao-vicente  C  -23.96  -46.39
62  Moji-das-cruzes  C  -23.52  -46.21
63  Jundiai  C  -23.2  -46.88
64  Montes-claros  C  -16.72  -43.86
65  Pelotas  C  -31.76  -52.34
66  Vitoria  T  -20.31  -40.31
67  Anapolis  T  -16.32  -48.96
68  Itaquaquecetuba  C  -23.47  -46.35
69  Porto-velho  C  -8.76  -63.91
70  Maringa  C  -23.41  -51.93
71  Franca  T  -20.53  -47.39
72  Guaruja  C  -24  -46.27
73  Ribeirao-das-neves  C  -19.76  -44.08
74  Ponta-grossa  C  -25.09  -50.16
75  Paulista  C  -7.9  -34.91
76  Foz-do-iguacu  C  -25.55  -54.58
77  Petropolis  T  -22.51  -43.2
78  Blumenau  C  -26.92  -49.09
79  Limeira  C  -22.55  -47.4
80  Suzano  C  -23.55  -46.31
81  Uberaba  C  -19.76  -47.94
82  Caucaia  C  -3.74  -38.67
83  Volta-redonda  C  -22.51  -44.12
84  Rio-branco  C  -9.98  -67.82

DEMANDES
0 1 ( 0 12 1 ) ( 0 28 1 )
0 2 ( 0 27 2 ) ( 0 55 2 )
0 3 ( 0 12 3 ) ( 0 68 3 )
0 4 ( 0 64 4 ) ( 0 12 4 )
0 5 ( 0 63 5 ) ( 0 13 5 )
0 6 ( 0 23 6 ) ( 0 45 6 )
0 7 ( 0 56 7 ) ( 0 23 7 )
0 8 ( 0 55 8 ) ( 0 73 8 )
0 9 ( 0 12 9 ) ( 0 23 63 9 )
0 10 ( 0 40 10 ) ( 0 45 10 )
0 11 ( 0 31 11 ) ( 0 29 11 )
0 12 ( 0 24 12 ) ( 0 47 12 )
0 13 ( 0 63 13 ) ( 0 53 13 )
0 14 ( 0 62 14 ) ( 0 24 47 14 )
0 15 ( 0 68 15 ) ( 0 12 15 )
0 17 ( 0 3 17 ) ( 0 68 17 )
0 18 ( 0 68 37 18 ) ( 0 47 18 )
0 20 ( 0 24 20 ) ( 0 45 20 )
0 22 ( 0 23 22 ) ( 0 13 22 )
0 23 ( 0 24 23 ) ( 0 12 23 )
0 24 ( 0 45 24 ) ( 0 47 24 )
0 27 ( 0 55 27 ) ( 0 12 27 )
0 28 ( 0 12 28 ) ( 0 62 28 )
0 29 ( 0 63 29 ) ( 0 79 29 )
0 30 ( 0 53 30 ) ( 0 45 23 30 )
0 31 ( 0 63 31 ) ( 0 12 31 )
0 32 ( 0 56 32 ) ( 0 50 32 )
0 34 ( 0 68 34 ) ( 0 80 34 )
0 35 ( 0 28 35 ) ( 0 68 35 )
0 36 ( 0 12 36 ) ( 0 80 36 )
0 37 ( 0 68 37 ) ( 0 12 37 )
0 39 ( 0 30 39 ) ( 0 63 39 )
0 40 ( 0 23 40 ) ( 0 24 40 )
0 42 ( 0 72 42 ) ( 0 12 20 42 )
0 43 ( 0 81 43 ) ( 0 31 43 )
0 44 ( 0 83 44 ) ( 0 62 44 )
0 45 ( 0 24 45 ) ( 0 20 45 )
0 46 ( 0 28 46 ) ( 0 35 46 )
0 47 ( 0 24 47 ) ( 0 20 47 )
0 48 ( 0 20 48 ) ( 0 23 48 )
0 50 ( 0 13 50 ) ( 0 79 50 )
0 51 ( 0 78 51 ) ( 0 20 51 )
0 52 ( 0 12 52 ) ( 0 28 52 )
0 53 ( 0 24 53 ) ( 0 20 45 53 )
0 55 ( 0 12 80 55 ) ( 0 47 55 )
0 56 ( 0 53 56 ) ( 0 13 56 )
0 57 ( 0 12 57 ) ( 0 35 57 )
0 58 ( 0 56 58 ) ( 0 53 30 58 )
0 60 ( 0 78 60 ) ( 0 45 60 )
0 61 ( 0 45 61 ) ( 0 42 61 )
0 62 ( 0 80 62 ) ( 0 68 62 )
0 63 ( 0 24 63 ) ( 0 20 63 )
0 64 ( 0 12 68 64 ) ( 0 80 64 )
0 68 ( 0 12 68 ) ( 0 80 68 )
0 70 ( 0 53 70 ) ( 0 23 30 70 )
0 72 ( 0 47 72 ) ( 0 61 72 )
0 73 ( 0 27 73 ) ( 0 28 73 )
0 74 ( 0 23 74 ) ( 0 45 74 )
0 76 ( 0 23 76 ) ( 0 45 76 )
0 78 ( 0 40 78 ) ( 0 24 78 )
0 79 ( 0 63 79 ) ( 0 13 79 )
0 80 ( 0 12 80 ) ( 0 47 80 )
0 81 ( 0 63 81 ) ( 0 13 81 )
0 83 ( 0 12 83 ) ( 0 68 83 )
1 2 ( 1 34 2 ) ( 1 18 37 2 )
1 3 ( 1 37 3 ) ( 1 34 3 )
1 4 ( 1 35 4 ) ( 1 37 4 )
1 5 ( 1 18 5 ) ( 1 36 5 )
1 6 ( 1 42 6 ) ( 1 61 6 )
1 8 ( 1 25 8 ) ( 1 2 8 )
1 10 ( 1 48 10 ) ( 1 60 10 )
1 11 ( 1 36 11 ) ( 1 37 11 )
1 12 ( 1 68 12 ) ( 1 62 12 )
1 13 ( 1 28 13 ) ( 1 14 13 )
1 14 ( 1 18 14 ) ( 1 34 14 )
1 15 ( 1 34 15 ) ( 1 37 15 )
1 18 ( 1 34 36 18 ) ( 1 14 18 )
1 20 ( 1 62 20 ) ( 1 80 20 )
1 23 ( 1 68 23 ) ( 1 62 23 )
1 24 ( 1 47 24 ) ( 1 80 24 )
1 27 ( 1 18 27 ) ( 1 37 27 )
1 28 ( 1 37 28 ) ( 1 15 28 )
1 29 ( 1 14 29 ) ( 1 18 29 )
1 30 ( 1 12 30 ) ( 1 62 30 )
1 31 ( 1 18 31 ) ( 1 34 31 )
1 34 ( 1 15 34 ) ( 1 36 34 )
1 35 ( 1 37 35 ) ( 1 15 35 )
1 36 ( 1 18 36 ) ( 1 34 36 )
1 37 ( 1 14 37 ) ( 1 34 37 )
1 42 ( 1 61 42 ) ( 1 37 42 )
1 44 ( 1 18 44 ) ( 1 36 15 44 )
1 45 ( 1 47 45 ) ( 1 80 24 45 )
1 46 ( 1 15 46 ) ( 1 44 46 )
1 47 ( 1 62 47 ) ( 1 80 47 )
1 52 ( 1 57 52 ) ( 1 44 52 )
1 53 ( 1 68 53 ) ( 1 23 53 )
1 55 ( 1 18 55 ) ( 1 36 14 55 )
1 56 ( 1 13 56 ) ( 1 14 56 )
1 57 ( 1 34 57 ) ( 1 44 57 )
1 61 ( 1 72 61 ) ( 1 36 61 )
1 62 ( 1 28 62 ) ( 1 34 62 )
1 63 ( 1 18 63 ) ( 1 68 63 )
1 68 ( 1 62 68 ) ( 1 36 68 )
1 72 ( 1 18 72 ) ( 1 42 61 72 )
1 73 ( 1 35 27 73 ) ( 1 34 73 )
1 79 ( 1 36 79 ) ( 1 14 79 )
1 80 ( 1 62 80 ) ( 1 36 80 )
1 83 ( 1 18 37 83 ) ( 1 34 36 83 )
2 3 ( 2 73 3 ) ( 2 55 3 )
2 8 ( 2 25 8 ) ( 2 17 8 )
2 38 ( 2 25 38 ) ( 2 8 38 )
3 5 ( 3 73 5 ) ( 3 55 5 )
3 12 ( 3 55 12 ) ( 3 27 12 )
3 14 ( 3 37 14 ) ( 3 18 14 )
3 15 ( 3 35 15 ) ( 3 36 15 )
3 18 ( 3 37 18 ) ( 3 36 18 )
3 27 ( 3 35 55 27 ) ( 3 14 27 )
3 35 ( 3 73 35 ) ( 3 83 35 )
3 55 ( 3 27 55 ) ( 3 73 55 )
3 73 ( 3 35 73 ) ( 3 14 73 )
4 82 ( 4 19 82 ) ( 4 21 82 )
5 11 ( 5 43 11 ) ( 5 31 11 )
5 43 ( 5 11 43 ) ( 5 31 43 )
6 40 ( 6 74 40 ) ( 6 48 40 )
8 17 ( 8 49 17 ) ( 8 75 17 )
8 25 ( 8 75 25 ) ( 8 26 25 )
8 26 ( 8 25 26 ) ( 8 19 26 )
8 49 ( 8 25 54 49 ) ( 8 19 49 )
9 41 ( 9 59 41 ) ( 9 16 41 )
12 13 ( 12 63 13 ) ( 12 23 13 )
12 20 ( 12 47 20 ) ( 12 68 20 )
12 23 ( 12 45 23 ) ( 12 47 23 )
12 24 ( 12 0 24 ) ( 12 45 24 )
12 28 ( 12 47 28 ) ( 12 20 28 )
13 20 ( 13 0 20 ) ( 13 45 20 )
13 23 ( 13 0 53 23 ) ( 13 12 23 )
13 24 ( 13 0 24 ) ( 13 12 24 )
14 15 ( 14 1 15 ) ( 14 83 36 15 )
14 18 ( 14 36 37 18 ) ( 14 34 18 )
15 18 ( 15 36 37 18 ) ( 15 14 18 )

EOF