DIMENSIONS
95 sommetsG2
90 sommetsG1
120 dem

SOMMETS
0  Paris  C  48.86  2.34
1  Marseille  C  43.31  5.37
2  Lyon  C  45.76  4.83
3  Toulouse  C  43.62  1.45
4  Nice  C  43.7  7.27
5  Nantes  C  47.23  -1.57
6  Strasbourg  C  48.58  7.76
7  Montpellier  C  43.61  3.87
8  Bordeaux  C  44.84  -0.58
9  Rennes  C  48.11  -1.68
10  Le-havre  C  49.5  0.12
11  Reims  C  49.25  4.03
12  Lille  C  50.64  3.07
13  Saint-etienne  C  45.43  4.39
14  Toulon  C  43.13  5.92
15  Grenoble  C  45.19  5.72
16  Angers  C  47.48  -0.54
17  Brest  C  48.39  -4.5
18  Le-mans  C  48  0.2
19  Dijon  C  47.33  5.03
20  Aix-en-provence  C  43.53  5.44
21  Clermont-ferrand  C  45.78  3.08
22  Nimes  C  43.84  4.35
23  Amiens  C  49.9  2.3
24  Tours  C  47.38  0.69
25  Limoges  C  45.83  1.25
26  Metz  C  49.12  6.18
27  Villeurbanne  C  45.77  4.88
28  Besancon  C  47.24  6.02
29  Caen  C  49.19  -0.36
30  Orleans  C  47.9  1.9
31  Mulhouse  C  47.76  7.34
32  Perpignan  C  42.7  2.89
33  Boulogne-billancourt  C  48.83  2.24
34  Rouen  C  49.44  1.08
35  Nancy  C  48.69  6.17
36  Roubaix  C  50.69  3.17
37  Tourcoing  T  50.72  3.16
38  Argenteuil  C  48.94  2.24
39  Avignon  C  43.96  4.81
40  Montreuil  C  48.86  2.43
41  Nanterre  C  48.9  2.2
42  Poitiers  C  46.58  0.34
43  Saint-denis  C  48.94  2.36
44  Versailles  C  48.81  2.14
45  Creteil  C  48.79  2.45
46  Pau  C  43.3  -0.39
47  La-rochelle  C  46.17  -1.18
48  Colombes  C  48.93  2.25
49  Asnieres-sur-seine  C  48.91  2.29
50  Calais  C  50.95  1.86
51  Aulnay-sous-bois  C  48.96  2.49
52  Vitry-sur-seine  C  48.79  2.39
53  Rueil-malmaison  C  48.89  2.17
54  Champigny-sur-marne  C  48.82  2.51
55  Beziers  C  43.35  3.21
56  Saint-maur-des-fosses  C  48.8  2.49
57  Dunkerque  C  51.04  2.34
58  Antibes  C  43.6  7.12
59  Saint-nazaire  C  47.28  -2.22
60  Courbevoie  C  48.9  2.25
61  Bourges  C  47.08  2.39
62  Colmar  C  48.08  7.36
63  Valence  C  44.94  4.89
64  Cannes  C  43.56  7.02
65  Villeneuve-d'ascq  C  50.62  3.14
66  Quimper  C  47.99  -4.11
67  Merignac  C  44.87  -0.65
68  Antony  C  48.76  2.3
69  La-seyne-sur-mer  C  43.11  5.87
70  Aubervillers  C  48.92  2.38
71  Troyes  C  48.3  4.08
72  Lorient  C  47.74  -3.37
73  Neuilly-sur-seine  C  48.89  2.27
74  Drancy  T  48.94  2.46
75  Saint-quentin  T  49.85  3.28
76  Pessac  C  44.8  -0.66
77  Chambery  C  45.58  5.91
78  Venissieux  C  45.69  4.86
79  Levallois-perret  T  48.9  2.29
80  Niort  C  46.32  -0.47
81  Sarcelles  C  49  2.38
82  Noisy-le-grand  C  48.85  2.55
83  Charleville-mezieres  C  49.75  4.73
84  Cholet  C  47.07  -0.88
85  Beauvais  C  49.43  2.09
86  Issy-les-moulineaux  T  48.83  2.26
87  Saint-malo  C  48.66  -2.01
88  Vannes  C  47.66  -2.76
89  Cergy  C  49.04  2.07
90  Arles  C  43.69  4.63
91  Hyeres  C  43.13  6.12
92  Montauban  C  44.02  1.35
93  Laval  C  48.07  -0.78
94  La-roche-sur-yon  C  46.67  -1.44

DEMANDES
0 1 ( 0 13 1 ) ( 0 39 1 )
0 2 ( 0 82 2 ) ( 0 45 27 2 )
0 3 ( 0 52 3 ) ( 0 30 3 )
0 4 ( 0 40 56 4 ) ( 0 54 4 )
0 5 ( 0 18 5 ) ( 0 44 5 )
0 6 ( 0 82 6 ) ( 0 54 6 )
0 7 ( 0 21 7 ) ( 0 45 7 )
0 8 ( 0 33 8 ) ( 0 30 8 )
0 9 ( 0 44 9 ) ( 0 53 9 )
0 10 ( 0 60 10 ) ( 0 53 10 )
0 11 ( 0 82 11 ) ( 0 70 11 )
0 12 ( 0 43 12 ) ( 0 51 12 )
0 13 ( 0 52 13 ) ( 0 56 13 )
0 14 ( 0 63 14 ) ( 0 45 13 14 )
0 15 ( 0 52 15 ) ( 0 56 15 )
0 16 ( 0 18 16 ) ( 0 73 16 )
0 17 ( 0 33 17 ) ( 0 87 17 )
0 18 ( 0 33 44 18 ) ( 0 53 18 )
0 19 ( 0 56 19 ) ( 0 52 19 )
0 20 ( 0 52 20 ) ( 0 63 20 )
0 21 ( 0 52 21 ) ( 0 56 21 )
0 22 ( 0 52 22 ) ( 0 21 22 )
0 23 ( 0 70 23 ) ( 0 48 23 )
0 24 ( 0 44 24 ) ( 0 73 24 )
0 25 ( 0 68 25 ) ( 0 45 25 )
0 26 ( 0 82 26 ) ( 0 70 26 )
0 27 ( 0 45 27 ) ( 0 54 2 27 )
0 28 ( 0 56 28 ) ( 0 45 28 )
0 29 ( 0 53 29 ) ( 0 41 29 )
0 30 ( 0 33 30 ) ( 0 60 30 )
0 31 ( 0 54 31 ) ( 0 40 31 )
0 32 ( 0 45 32 ) ( 0 33 32 )
0 33 ( 0 73 33 ) ( 0 49 33 )
0 34 ( 0 38 34 ) ( 0 89 34 )
0 35 ( 0 40 35 ) ( 0 52 35 )
0 36 ( 0 70 36 ) ( 0 81 36 )
0 38 ( 0 41 38 ) ( 0 33 38 )
0 39 ( 0 68 39 ) ( 0 13 39 )
0 40 ( 0 43 40 ) ( 0 49 70 40 )
0 41 ( 0 48 41 ) ( 0 38 41 )
0 42 ( 0 33 44 42 ) ( 0 24 42 )
0 43 ( 0 48 43 ) ( 0 33 43 )
0 44 ( 0 49 44 ) ( 0 70 44 )
0 45 ( 0 40 52 45 ) ( 0 54 45 )
0 46 ( 0 68 46 ) ( 0 30 46 )
0 47 ( 0 33 47 ) ( 0 24 47 )
0 48 ( 0 49 48 ) ( 0 73 48 )
0 49 ( 0 43 49 ) ( 0 48 49 )
0 50 ( 0 49 50 ) ( 0 85 50 )
0 51 ( 0 40 51 ) ( 0 49 51 )
0 52 ( 0 45 52 ) ( 0 49 52 )
0 53 ( 0 60 53 ) ( 0 49 73 53 )
0 54 ( 0 52 54 ) ( 0 70 56 54 )
0 55 ( 0 52 55 ) ( 0 61 55 )
0 56 ( 0 52 54 56 ) ( 0 43 56 )
0 57 ( 0 43 57 ) ( 0 48 57 )
0 59 ( 0 33 59 ) ( 0 18 59 )
0 60 ( 0 73 60 ) ( 0 48 60 )
0 61 ( 0 68 61 ) ( 0 52 61 )
0 62 ( 0 54 62 ) ( 0 40 62 )
0 63 ( 0 52 63 ) ( 0 13 63 )
0 65 ( 0 81 65 ) ( 0 12 65 )
0 66 ( 0 44 66 ) ( 0 49 66 )
0 67 ( 0 33 67 ) ( 0 68 30 67 )
0 68 ( 0 52 68 ) ( 0 43 68 )
0 70 ( 0 43 70 ) ( 0 73 70 )
0 71 ( 0 56 71 ) ( 0 82 71 )
0 72 ( 0 33 72 ) ( 0 9 72 )
0 73 ( 0 49 73 ) ( 0 60 73 )
0 76 ( 0 33 76 ) ( 0 30 76 )
0 77 ( 0 52 77 ) ( 0 45 77 )
0 78 ( 0 2 78 ) ( 0 45 78 )
0 80 ( 0 24 80 ) ( 0 73 44 80 )
0 81 ( 0 43 70 81 ) ( 0 49 81 )
0 82 ( 0 45 82 ) ( 0 70 82 )
0 83 ( 0 51 83 ) ( 0 70 83 )
0 84 ( 0 68 84 ) ( 0 73 84 )
0 85 ( 0 49 85 ) ( 0 48 85 )
0 87 ( 0 44 87 ) ( 0 73 87 )
0 88 ( 0 33 88 ) ( 0 73 88 )
0 89 ( 0 48 89 ) ( 0 73 89 )
0 92 ( 0 52 92 ) ( 0 30 92 )
0 93 ( 0 44 93 ) ( 0 41 93 )
0 94 ( 0 33 94 ) ( 0 84 94 )
1 2 ( 1 78 2 ) ( 1 63 27 2 )
1 3 ( 1 55 3 ) ( 1 20 3 )
1 4 ( 1 64 4 ) ( 1 14 58 4 )
1 6 ( 1 15 6 ) ( 1 14 6 )
1 7 ( 1 22 7 ) ( 1 20 7 )
1 13 ( 1 63 13 ) ( 1 90 13 )
1 14 ( 1 69 14 ) ( 1 91 14 )
1 15 ( 1 39 15 ) ( 1 63 15 )
1 19 ( 1 2 19 ) ( 1 90 19 )
1 20 ( 1 69 20 ) ( 1 39 20 )
1 21 ( 1 39 21 ) ( 1 20 63 13 21 )
1 22 ( 1 90 22 ) ( 1 7 22 )
1 27 ( 1 78 27 ) ( 1 63 27 )
1 32 ( 1 55 32 ) ( 1 90 7 32 )
1 39 ( 1 20 39 ) ( 1 90 22 39 )
1 55 ( 1 7 55 ) ( 1 20 55 )
1 58 ( 1 14 58 ) ( 1 91 58 )
1 63 ( 1 20 63 ) ( 1 90 63 )
1 64 ( 1 69 64 ) ( 1 58 64 )
1 69 ( 1 14 69 ) ( 1 91 69 )
1 90 ( 1 20 90 ) ( 1 39 90 )
1 91 ( 1 20 91 ) ( 1 90 91 )
2 3 ( 2 13 3 ) ( 2 78 3 )
2 4 ( 2 15 4 ) ( 2 27 4 )
2 7 ( 2 78 7 ) ( 2 13 7 )
2 13 ( 2 15 63 13 ) ( 2 39 13 )
2 15 ( 2 78 15 ) ( 2 27 15 )
2 19 ( 2 78 27 19 ) ( 2 15 19 )
2 21 ( 2 27 21 ) ( 2 78 21 )
2 27 ( 2 78 27 ) ( 2 77 27 )
2 63 ( 2 78 63 ) ( 2 13 63 )
3 7 ( 3 55 7 ) ( 3 32 7 )
3 8 ( 3 80 8 ) ( 3 42 8 )
4 14 ( 4 64 91 14 ) ( 4 69 14 )
5 9 ( 5 59 9 ) ( 5 84 9 )
5 16 ( 5 94 84 16 ) ( 5 9 16 )

EOF