DIMENSIONS
75 sommetsG2
70 sommetsG1
150 dem

SOMMETS
0  Paris  C  48.86  2.34
1  Marseille  C  43.31  5.37
2  Lyon  C  45.76  4.83
3  Toulouse  C  43.62  1.45
4  Nice  C  43.7  7.27
5  Nantes  C  47.23  -1.57
6  Strasbourg  C  48.58  7.76
7  Montpellier  C  43.61  3.87
8  Bordeaux  C  44.84  -0.58
9  Rennes  C  48.11  -1.68
10  Le-havre  C  49.5  0.12
11  Reims  C  49.25  4.03
12  Lille  C  50.64  3.07
13  Saint-etienne  C  45.43  4.39
14  Toulon  C  43.13  5.92
15  Grenoble  C  45.19  5.72
16  Angers  C  47.48  -0.54
17  Brest  C  48.39  -4.5
18  Le-mans  C  48  0.2
19  Dijon  C  47.33  5.03
20  Aix-en-provence  C  43.53  5.44
21  Clermont-ferrand  C  45.78  3.08
22  Nimes  C  43.84  4.35
23  Amiens  C  49.9  2.3
24  Tours  C  47.38  0.69
25  Limoges  C  45.83  1.25
26  Metz  C  49.12  6.18
27  Villeurbanne  C  45.77  4.88
28  Besancon  C  47.24  6.02
29  Caen  T  49.19  -0.36
30  Orleans  C  47.9  1.9
31  Mulhouse  C  47.76  7.34
32  Perpignan  C  42.7  2.89
33  Boulogne-billancourt  C  48.83  2.24
34  Rouen  C  49.44  1.08
35  Nancy  C  48.69  6.17
36  Roubaix  C  50.69  3.17
37  Tourcoing  C  50.72  3.16
38  Argenteuil  C  48.94  2.24
39  Avignon  C  43.96  4.81
40  Montreuil  C  48.86  2.43
41  Nanterre  C  48.9  2.2
42  Poitiers  C  46.58  0.34
43  Saint-denis  C  48.94  2.36
44  Versailles  C  48.81  2.14
45  Creteil  C  48.79  2.45
46  Pau  C  43.3  -0.39
47  La-rochelle  C  46.17  -1.18
48  Colombes  C  48.93  2.25
49  Asnieres-sur-seine  C  48.91  2.29
50  Calais  C  50.95  1.86
51  Aulnay-sous-bois  C  48.96  2.49
52  Vitry-sur-seine  C  48.79  2.39
53  Rueil-malmaison  C  48.89  2.17
54  Champigny-sur-marne  C  48.82  2.51
55  Beziers  C  43.35  3.21
56  Saint-maur-des-fosses  C  48.8  2.49
57  Dunkerque  C  51.04  2.34
58  Antibes  T  43.6  7.12
59  Saint-nazaire  T  47.28  -2.22
60  Courbevoie  C  48.9  2.25
61  Bourges  C  47.08  2.39
62  Colmar  C  48.08  7.36
63  Valence  T  44.94  4.89
64  Cannes  C  43.56  7.02
65  Villeneuve-d'ascq  C  50.62  3.14
66  Quimper  C  47.99  -4.11
67  Merignac  C  44.87  -0.65
68  Antony  T  48.76  2.3
69  La-seyne-sur-mer  C  43.11  5.87
70  Aubervillers  C  48.92  2.38
71  Troyes  C  48.3  4.08
72  Lorient  C  47.74  -3.37
73  Neuilly-sur-seine  C  48.89  2.27
74  Drancy  C  48.94  2.46

DEMANDES
0 1 ( 0 45 1 ) ( 0 33 1 )
0 2 ( 0 52 2 ) ( 0 40 2 )
0 3 ( 0 52 3 ) ( 0 30 3 )
0 4 ( 0 54 4 ) ( 0 70 4 )
0 5 ( 0 18 5 ) ( 0 44 5 )
0 6 ( 0 40 35 6 ) ( 0 54 6 )
0 7 ( 0 52 7 ) ( 0 45 7 )
0 8 ( 0 42 8 ) ( 0 44 8 )
0 9 ( 0 33 9 ) ( 0 53 9 )
0 10 ( 0 41 10 ) ( 0 73 10 )
0 11 ( 0 74 11 ) ( 0 54 11 )
0 12 ( 0 43 12 ) ( 0 74 12 )
0 13 ( 0 45 13 ) ( 0 70 52 13 )
0 14 ( 0 13 14 ) ( 0 40 14 )
0 15 ( 0 52 15 ) ( 0 56 15 )
0 16 ( 0 33 16 ) ( 0 44 16 )
0 17 ( 0 53 17 ) ( 0 60 17 )
0 18 ( 0 44 18 ) ( 0 60 73 18 )
0 19 ( 0 45 19 ) ( 0 54 19 )
0 20 ( 0 13 20 ) ( 0 54 20 )
0 21 ( 0 56 21 ) ( 0 54 21 )
0 22 ( 0 56 22 ) ( 0 54 22 )
0 23 ( 0 70 23 ) ( 0 49 23 )
0 24 ( 0 73 24 ) ( 0 60 24 )
0 25 ( 0 30 25 ) ( 0 33 25 )
0 26 ( 0 54 26 ) ( 0 74 51 26 )
0 27 ( 0 52 27 ) ( 0 45 27 )
0 28 ( 0 45 28 ) ( 0 54 28 )
0 30 ( 0 73 30 ) ( 0 45 30 )
0 31 ( 0 54 31 ) ( 0 56 31 )
0 32 ( 0 61 32 ) ( 0 52 32 )
0 33 ( 0 60 33 ) ( 0 41 33 )
0 34 ( 0 60 34 ) ( 0 73 34 )
0 35 ( 0 40 35 ) ( 0 52 35 )
0 36 ( 0 70 36 ) ( 0 49 36 )
0 37 ( 0 65 36 37 ) ( 0 74 37 )
0 38 ( 0 73 38 ) ( 0 49 60 38 )
0 39 ( 0 45 39 ) ( 0 13 39 )
0 40 ( 0 70 40 ) ( 0 43 40 )
0 41 ( 0 73 41 ) ( 0 49 41 )
0 42 ( 0 33 42 ) ( 0 44 42 )
0 43 ( 0 70 43 ) ( 0 40 43 )
0 44 ( 0 60 44 ) ( 0 53 44 )
0 45 ( 0 52 40 45 ) ( 0 73 45 )
0 46 ( 0 33 46 ) ( 0 25 46 )
0 47 ( 0 33 47 ) ( 0 60 47 )
0 48 ( 0 43 49 48 ) ( 0 33 48 )
0 49 ( 0 73 49 ) ( 0 60 49 )
0 50 ( 0 49 50 ) ( 0 70 50 )
0 51 ( 0 74 51 ) ( 0 40 51 )
0 52 ( 0 40 52 ) ( 0 33 52 )
0 53 ( 0 73 53 ) ( 0 60 53 )
0 54 ( 0 52 54 ) ( 0 40 45 54 )
0 55 ( 0 21 55 ) ( 0 52 61 55 )
0 56 ( 0 40 56 ) ( 0 70 45 56 )
0 57 ( 0 23 57 ) ( 0 48 57 )
0 60 ( 0 73 60 ) ( 0 33 60 )
0 61 ( 0 33 61 ) ( 0 73 61 )
0 62 ( 0 40 62 ) ( 0 56 62 )
0 64 ( 0 27 64 ) ( 0 45 15 64 )
0 65 ( 0 70 65 ) ( 0 74 65 )
0 66 ( 0 53 66 ) ( 0 73 66 )
0 67 ( 0 42 67 ) ( 0 44 67 )
0 69 ( 0 52 69 ) ( 0 13 69 )
0 70 ( 0 43 70 ) ( 0 49 70 )
0 71 ( 0 56 71 ) ( 0 54 71 )
0 72 ( 0 44 72 ) ( 0 33 72 )
0 73 ( 0 60 73 ) ( 0 33 73 )
0 74 ( 0 43 74 ) ( 0 51 74 )
1 2 ( 1 20 2 ) ( 1 15 2 )
1 3 ( 1 69 55 3 ) ( 1 14 3 )
1 4 ( 1 64 4 ) ( 1 14 4 )
1 5 ( 1 22 5 ) ( 1 25 5 )
1 6 ( 1 31 6 ) ( 1 20 6 )
1 7 ( 1 22 7 ) ( 1 20 7 )
1 8 ( 1 22 8 ) ( 1 55 8 )
1 9 ( 1 16 9 ) ( 1 22 9 )
1 10 ( 1 21 10 ) ( 1 30 10 )
1 11 ( 1 2 11 ) ( 1 71 11 )
1 12 ( 1 2 12 ) ( 1 13 12 )
1 13 ( 1 20 13 ) ( 1 39 22 13 )
1 14 ( 1 69 14 ) ( 1 64 14 )
1 15 ( 1 20 15 ) ( 1 14 69 15 )
1 16 ( 1 42 16 ) ( 1 39 16 )
1 18 ( 1 39 18 ) ( 1 22 18 )
1 19 ( 1 20 19 ) ( 1 15 19 )
1 20 ( 1 14 20 ) ( 1 39 20 )
1 21 ( 1 39 21 ) ( 1 27 21 )
1 22 ( 1 39 22 ) ( 1 20 22 )
1 24 ( 1 39 24 ) ( 1 22 21 24 )
1 25 ( 1 22 25 ) ( 1 39 25 )
1 26 ( 1 15 26 ) ( 1 35 26 )
1 27 ( 1 2 27 ) ( 1 13 27 )
1 28 ( 1 15 28 ) ( 1 20 28 )
1 30 ( 1 13 30 ) ( 1 22 30 )
1 31 ( 1 28 31 ) ( 1 69 31 )
1 32 ( 1 7 32 ) ( 1 22 32 )
1 35 ( 1 28 35 ) ( 1 20 27 35 )
1 39 ( 1 20 39 ) ( 1 14 39 )
1 55 ( 1 22 55 ) ( 1 32 55 )
1 64 ( 1 14 64 ) ( 1 39 64 )
1 69 ( 1 14 69 ) ( 1 20 39 69 )
2 3 ( 2 27 22 3 ) ( 2 32 3 )
2 4 ( 2 27 4 ) ( 2 13 4 )
2 6 ( 2 28 6 ) ( 2 31 6 )
2 7 ( 2 39 7 ) ( 2 1 7 )
2 11 ( 2 27 11 ) ( 2 13 11 )
2 13 ( 2 21 13 ) ( 2 39 13 )
2 14 ( 2 27 69 14 ) ( 2 15 39 14 )
2 15 ( 2 13 15 ) ( 2 22 15 )
2 19 ( 2 13 19 ) ( 2 28 19 )
2 20 ( 2 13 20 ) ( 2 15 20 )
2 21 ( 2 27 19 21 ) ( 2 61 21 )
2 22 ( 2 39 22 ) ( 2 7 22 )
2 27 ( 2 13 27 ) ( 2 15 27 )
2 28 ( 2 27 28 ) ( 2 13 28 )
2 39 ( 2 22 39 ) ( 2 15 39 )
3 4 ( 3 20 4 ) ( 3 22 4 )
3 5 ( 3 47 5 ) ( 3 42 5 )
3 7 ( 3 55 7 ) ( 3 32 22 7 )
3 8 ( 3 42 8 ) ( 3 55 8 )
3 13 ( 3 55 13 ) ( 3 27 13 )
3 21 ( 3 25 21 ) ( 3 55 21 )
3 22 ( 3 55 22 ) ( 3 32 22 )
3 25 ( 3 42 25 ) ( 3 67 8 25 )
3 32 ( 3 7 32 ) ( 3 46 32 )
3 46 ( 3 8 67 46 ) ( 3 32 46 )
3 55 ( 3 7 55 ) ( 3 22 55 )
4 7 ( 4 64 7 ) ( 4 14 7 )
4 14 ( 4 64 14 ) ( 4 1 14 )
4 15 ( 4 64 15 ) ( 4 20 15 )
4 20 ( 4 64 20 ) ( 4 14 20 )
4 64 ( 4 69 64 ) ( 4 20 64 )
5 8 ( 5 67 8 ) ( 5 16 18 8 )
5 9 ( 5 16 9 ) ( 5 18 9 )
5 16 ( 5 24 16 ) ( 5 47 42 16 )
5 18 ( 5 47 18 ) ( 5 42 18 )
5 47 ( 5 42 47 ) ( 5 67 47 )
6 26 ( 6 35 26 ) ( 6 62 26 )
6 31 ( 6 62 28 31 ) ( 6 35 26 31 )
6 62 ( 6 31 62 ) ( 6 35 62 )
7 20 ( 7 22 20 ) ( 7 1 20 )
7 22 ( 7 55 22 ) ( 7 1 22 )
7 32 ( 7 22 32 ) ( 7 3 32 )
7 39 ( 7 22 39 ) ( 7 1 39 )
9 16 ( 9 5 16 ) ( 9 18 16 )
10 34 ( 10 18 34 ) ( 10 44 34 )
12 23 ( 12 57 23 ) ( 12 51 23 )
14 20 ( 14 64 20 ) ( 14 7 20 )
16 18 ( 16 42 18 ) ( 16 5 18 )

EOF