DIMENSIONS
35 sommetsG2
30 sommetsG1
120 dem

SOMMETS
0  Paris  C  48.86  2.34
1  Marseille  C  43.31  5.37
2  Lyon  C  45.76  4.83
3  Toulouse  C  43.62  1.45
4  Nice  C  43.7  7.27
5  Nantes  C  47.23  -1.57
6  Strasbourg  T  48.58  7.76
7  Montpellier  C  43.61  3.87
8  Bordeaux  C  44.84  -0.58
9  Rennes  C  48.11  -1.68
10  Le-havre  C  49.5  0.12
11  Reims  C  49.25  4.03
12  Lille  C  50.64  3.07
13  Saint-etienne  T  45.43  4.39
14  Toulon  C  43.13  5.92
15  Grenoble  C  45.19  5.72
16  Angers  C  47.48  -0.54
17  Brest  C  48.39  -4.5
18  Le-mans  C  48  0.2
19  Dijon  C  47.33  5.03
20  Aix-en-provence  C  43.53  5.44
21  Clermont-ferrand  C  45.78  3.08
22  Nimes  C  43.84  4.35
23  Amiens  C  49.9  2.3
24  Tours  C  47.38  0.69
25  Limoges  C  45.83  1.25
26  Metz  C  49.12  6.18
27  Villeurbanne  T  45.77  4.88
28  Besancon  C  47.24  6.02
29  Caen  T  49.19  -0.36
30  Orleans  C  47.9  1.9
31  Mulhouse  T  47.76  7.34
32  Perpignan  C  42.7  2.89
33  Boulogne-billancourt  C  48.83  2.24
34  Rouen  C  49.44  1.08

DEMANDES
0 1 ( 0 33 1 ) ( 0 2 1 )
0 2 ( 0 19 2 ) ( 0 23 33 2 )
0 3 ( 0 30 3 ) ( 0 25 3 )
0 4 ( 0 33 2 4 ) ( 0 28 4 )
0 5 ( 0 16 5 ) ( 0 24 5 )
0 7 ( 0 21 7 ) ( 0 33 7 )
0 8 ( 0 30 8 ) ( 0 25 8 )
0 9 ( 0 18 9 ) ( 0 34 9 )
0 10 ( 0 34 10 ) ( 0 23 10 )
0 11 ( 0 33 23 11 ) ( 0 30 11 )
0 12 ( 0 11 12 ) ( 0 30 12 )
0 14 ( 0 33 14 ) ( 0 1 14 )
0 15 ( 0 2 15 ) ( 0 33 15 )
0 16 ( 0 33 16 ) ( 0 30 16 )
0 17 ( 0 33 17 ) ( 0 24 17 )
0 18 ( 0 34 18 ) ( 0 33 10 18 )
0 19 ( 0 33 19 ) ( 0 11 19 )
0 20 ( 0 14 20 ) ( 0 28 20 )
0 21 ( 0 25 21 ) ( 0 24 21 )
0 22 ( 0 21 22 ) ( 0 33 22 )
0 23 ( 0 34 23 ) ( 0 30 23 )
0 24 ( 0 30 24 ) ( 0 33 30 18 24 )
0 25 ( 0 30 25 ) ( 0 33 25 )
0 26 ( 0 33 26 ) ( 0 19 26 )
0 28 ( 0 30 28 ) ( 0 23 28 )
0 30 ( 0 33 30 ) ( 0 34 30 )
0 32 ( 0 33 32 ) ( 0 30 32 )
0 33 ( 0 12 33 ) ( 0 10 33 )
0 34 ( 0 23 34 ) ( 0 30 34 )
1 2 ( 1 22 2 ) ( 1 14 2 )
1 3 ( 1 7 3 ) ( 1 22 3 )
1 4 ( 1 15 4 ) ( 1 32 4 )
1 5 ( 1 22 5 ) ( 1 24 5 )
1 7 ( 1 22 7 ) ( 1 14 7 )
1 8 ( 1 7 8 ) ( 1 20 8 )
1 9 ( 1 22 9 ) ( 1 20 9 )
1 10 ( 1 21 10 ) ( 1 22 10 )
1 11 ( 1 19 11 ) ( 1 22 11 )
1 12 ( 1 2 12 ) ( 1 11 12 )
1 14 ( 1 22 14 ) ( 1 7 2 14 )
1 15 ( 1 20 14 15 ) ( 1 4 15 )
1 16 ( 1 22 16 ) ( 1 21 16 )
1 18 ( 1 25 18 ) ( 1 2 18 )
1 19 ( 1 15 19 ) ( 1 22 19 )
1 20 ( 1 14 20 ) ( 1 22 20 )
1 21 ( 1 20 21 ) ( 1 7 21 )
1 22 ( 1 7 22 ) ( 1 14 22 )
1 23 ( 1 20 23 ) ( 1 33 23 )
1 24 ( 1 22 24 ) ( 1 21 24 )
1 25 ( 1 22 25 ) ( 1 7 21 25 )
1 26 ( 1 20 26 ) ( 1 19 26 )
1 28 ( 1 15 28 ) ( 1 20 2 28 )
1 30 ( 1 21 30 ) ( 1 20 30 )
1 32 ( 1 7 32 ) ( 1 3 32 )
1 33 ( 1 20 33 ) ( 1 0 33 )
1 34 ( 1 21 34 ) ( 1 20 34 )
2 3 ( 2 7 22 3 ) ( 2 25 3 )
2 4 ( 2 15 4 ) ( 2 20 4 )
2 5 ( 2 21 25 5 ) ( 2 18 5 )
2 7 ( 2 22 7 ) ( 2 20 7 )
2 8 ( 2 21 8 ) ( 2 3 8 )
2 10 ( 2 30 10 ) ( 2 34 10 )
2 11 ( 2 28 11 ) ( 2 21 11 )
2 12 ( 2 11 12 ) ( 2 0 12 )
2 14 ( 2 20 14 ) ( 2 1 14 )
2 15 ( 2 19 15 ) ( 2 22 15 )
2 19 ( 2 15 19 ) ( 2 28 26 19 )
2 20 ( 2 1 20 ) ( 2 15 20 )
2 21 ( 2 19 21 ) ( 2 22 21 )
2 22 ( 2 7 22 ) ( 2 1 22 )
2 24 ( 2 21 24 ) ( 2 19 24 )
2 25 ( 2 22 25 ) ( 2 24 25 )
2 26 ( 2 15 26 ) ( 2 28 19 26 )
2 28 ( 2 19 28 ) ( 2 26 28 )
2 30 ( 2 15 30 ) ( 2 25 30 )
2 32 ( 2 7 32 ) ( 2 22 32 )
3 4 ( 3 7 4 ) ( 3 15 4 )
3 5 ( 3 8 5 ) ( 3 24 5 )
3 7 ( 3 21 7 ) ( 3 1 7 )
3 8 ( 3 5 8 ) ( 3 18 8 )
3 9 ( 3 16 9 ) ( 3 25 9 )
3 14 ( 3 1 14 ) ( 3 7 14 )
3 15 ( 3 7 15 ) ( 3 21 15 )
3 16 ( 3 8 16 ) ( 3 24 16 )
3 18 ( 3 25 24 18 ) ( 3 30 18 )
3 20 ( 3 7 20 ) ( 3 22 20 )
3 21 ( 3 7 21 ) ( 3 32 21 )
3 22 ( 3 7 22 ) ( 3 2 22 )
3 24 ( 3 21 24 ) ( 3 30 24 )
3 25 ( 3 30 25 ) ( 3 16 25 )
3 32 ( 3 7 32 ) ( 3 22 32 )
4 7 ( 4 14 7 ) ( 4 15 7 )
4 14 ( 4 20 14 ) ( 4 1 14 )
4 15 ( 4 20 15 ) ( 4 14 1 15 )
4 20 ( 4 1 20 ) ( 4 7 20 )
4 22 ( 4 1 22 ) ( 4 15 22 )
5 8 ( 5 16 8 ) ( 5 30 8 )
5 9 ( 5 16 9 ) ( 5 18 24 9 )
5 10 ( 5 16 10 ) ( 5 18 10 )
5 16 ( 5 18 24 16 ) ( 5 10 16 )
5 18 ( 5 9 18 ) ( 5 16 34 18 )
5 24 ( 5 18 24 ) ( 5 16 10 24 )
7 14 ( 7 1 14 ) ( 7 20 14 )
7 15 ( 7 20 15 ) ( 7 1 15 )
7 20 ( 7 22 20 ) ( 7 32 20 )
7 22 ( 7 32 22 ) ( 7 14 22 )
7 32 ( 7 1 32 ) ( 7 22 15 32 )
9 10 ( 9 18 10 ) ( 9 5 10 )
9 16 ( 9 5 16 ) ( 9 18 16 )
9 18 ( 9 16 18 ) ( 9 5 18 )
10 18 ( 10 16 18 ) ( 10 33 18 )
10 34 ( 10 0 34 ) ( 10 24 34 )
11 12 ( 11 33 12 ) ( 11 34 12 )
12 23 ( 12 30 23 ) ( 12 10 34 23 )
14 20 ( 14 1 20 ) ( 14 22 20 )
16 18 ( 16 9 18 ) ( 16 34 18 )
16 24 ( 16 5 24 ) ( 16 9 24 )
18 24 ( 18 30 24 ) ( 18 33 24 )
19 28 ( 19 2 28 ) ( 19 26 28 )
20 22 ( 20 32 22 ) ( 20 4 22 )

EOF