DIMENSIONS
25 sommetsG2
20 sommetsG1
45 dem

SOMMETS
0  Berlin  C  52.52  13.38
1  Hamburg  C  53.55  10
2  Munchen  C  48.14  11.58
3  Koln  C  50.95  6.97
4  Frankfurt  T  50.12  8.68
5  Dortmund  C  51.51  7.48
6  Stuttgart  C  48.79  9.19
7  Essen  C  51.47  7
8  Dusseldorf  C  51.24  6.79
9  Bremen  T  53.08  8.81
10  Hannover  C  52.4  9.73
11  Duisburg  C  51.43  6.75
12  Nurnberg  C  49.45  11.05
13  Leipzig  C  51.35  12.4
14  Dresden  C  51.05  13.74
15  Bochum  C  51.48  7.2
16  Wuppertal  C  51.26  7.18
17  Bielefeld  C  52.03  8.53
18  Bonn  C  50.73  7.1
19  Mannheim  T  49.5  8.47
20  Karlsruhe  C  49  8.4
21  Gelsenkirchen  T  51.51  7.11
22  Wiesbaden  T  50.08  8.23
23  Munster  C  51.96  7.62
24  Monchengladbach  C  51.2  6.42

DEMANDES
0 1 ( 0 10 17 1 ) ( 0 12 1 )
0 2 ( 0 6 2 ) ( 0 1 2 )
0 3 ( 0 16 3 ) ( 0 5 3 )
0 5 ( 0 10 17 5 ) ( 0 23 5 )
0 6 ( 0 13 6 ) ( 0 12 6 )
0 7 ( 0 17 7 ) ( 0 10 7 )
0 8 ( 0 5 8 ) ( 0 10 17 8 )
0 10 ( 0 13 10 ) ( 0 17 10 )
0 11 ( 0 10 11 ) ( 0 23 11 )
0 12 ( 0 10 12 ) ( 0 1 12 )
0 13 ( 0 12 13 ) ( 0 1 13 )
0 14 ( 0 12 14 ) ( 0 10 14 )
0 15 ( 0 5 15 ) ( 0 17 15 )
0 16 ( 0 5 16 ) ( 0 17 16 )
0 17 ( 0 10 17 ) ( 0 1 17 )
0 18 ( 0 17 18 ) ( 0 16 18 )
0 23 ( 0 10 23 ) ( 0 5 23 )
1 2 ( 1 17 2 ) ( 1 20 2 )
1 3 ( 1 17 3 ) ( 1 15 3 )
1 5 ( 1 17 5 ) ( 1 15 5 )
1 6 ( 1 10 6 ) ( 1 17 6 )
1 7 ( 1 23 7 ) ( 1 5 7 )
1 8 ( 1 7 8 ) ( 1 5 8 )
1 10 ( 1 23 10 ) ( 1 13 10 )
1 11 ( 1 23 11 ) ( 1 5 11 )
1 12 ( 1 17 12 ) ( 1 23 12 )
1 13 ( 1 10 13 ) ( 1 0 13 )
1 17 ( 1 23 17 ) ( 1 15 17 )
2 6 ( 2 12 6 ) ( 2 13 6 )
2 12 ( 2 6 12 ) ( 2 13 12 )
3 5 ( 3 16 7 5 ) ( 3 11 24 5 )
3 7 ( 3 16 7 ) ( 3 8 7 )
3 8 ( 3 16 8 ) ( 3 7 8 )
3 11 ( 3 7 11 ) ( 3 16 11 )
3 15 ( 3 16 15 ) ( 3 8 15 )
3 16 ( 3 15 16 ) ( 3 11 16 )
3 18 ( 3 15 18 ) ( 3 8 24 18 )
3 23 ( 3 16 23 ) ( 3 5 23 )
3 24 ( 3 11 24 ) ( 3 18 24 )
5 7 ( 5 16 15 7 ) ( 5 23 7 )
5 8 ( 5 7 8 ) ( 5 16 15 8 )
5 11 ( 5 16 11 ) ( 5 3 11 )
7 8 ( 7 11 8 ) ( 7 3 8 )
7 11 ( 7 16 15 11 ) ( 7 24 11 )
8 11 ( 8 7 11 ) ( 8 16 11 )

EOF