DIMENSIONS
65 sommetsG2
60 sommetsG1
140 dem

SOMMETS
0  Berlin  C  52.52  13.38
1  Hamburg  C  53.55  10
2  Munchen  C  48.14  11.58
3  Koln  C  50.95  6.97
4  Frankfurt  C  50.12  8.68
5  Dortmund  C  51.51  7.48
6  Stuttgart  C  48.79  9.19
7  Essen  C  51.47  7
8  Dusseldorf  C  51.24  6.79
9  Bremen  C  53.08  8.81
10  Hannover  C  52.4  9.73
11  Duisburg  C  51.43  6.75
12  Nurnberg  C  49.45  11.05
13  Leipzig  C  51.35  12.4
14  Dresden  C  51.05  13.74
15  Bochum  C  51.48  7.2
16  Wuppertal  C  51.26  7.18
17  Bielefeld  C  52.03  8.53
18  Bonn  C  50.73  7.1
19  Mannheim  C  49.5  8.47
20  Karlsruhe  C  49  8.4
21  Gelsenkirchen  C  51.51  7.11
22  Wiesbaden  C  50.08  8.23
23  Munster  C  51.96  7.62
24  Monchengladbach  C  51.2  6.42
25  Augsburg  T  48.36  10.89
26  Chemnitz  C  50.83  12.92
27  Aachen  C  50.77  6.09
28  Braunschweig  C  52.27  10.51
29  Krefeld  C  51.33  6.55
30  Halle  C  51.48  11.96
31  Kiel  C  54.32  10.12
32  Magdeburg  C  52.13  11.62
33  Oberhausen  C  51.47  6.86
34  Lubeck  C  53.87  10.66
35  Freiburg  C  47.99  7.85
36  Hagen  C  51.37  7.46
37  Erfurt  C  50.99  11.03
38  Rostock  C  54.09  12.1
39  Kassel  C  51.32  9.48
40  Mainz  C  50  8.26
41  Hamm  C  51.67  7.8
42  Saarbrucken  C  49.25  6.97
43  Herne  C  51.54  7.21
44  Mulheim  C  51.43  6.86
45  Osnabruck  C  52.28  8.05
46  Solingen  C  51.18  7.06
47  Ludwigshafen  C  49.48  8.44
48  Leverkusen  C  51.04  6.99
49  Oldenburg  C  53.15  8.21
50  Neuss  T  51.2  6.69
51  Heidelberg  T  49.42  8.69
52  Paderborn  C  51.72  8.74
53  Darmstadt  C  49.87  8.64
54  Wurzburg  T  49.8  9.94
55  Potsdam  C  52.4  13.07
56  Regensburg  C  49.02  12.11
57  Recklinghausen  C  51.61  7.19
58  Gottingen  C  51.53  9.92
59  Wolfsburg  T  52.43  10.78
60  Heilbronn  C  49.14  9.22
61  Bottrop  C  51.53  6.93
62  Offenbach  C  50.1  8.77
63  Ulm  C  48.4  9.97
64  Bremerhaven  C  53.55  8.58

DEMANDES
0 1 ( 0 38 1 ) ( 0 30 1 )
0 2 ( 0 30 2 ) ( 0 14 2 )
0 3 ( 0 32 3 ) ( 0 58 3 )
0 4 ( 0 62 4 ) ( 0 30 4 )
0 5 ( 0 32 52 5 ) ( 0 55 5 )
0 6 ( 0 37 6 ) ( 0 12 6 )
0 7 ( 0 5 7 ) ( 0 21 7 )
0 8 ( 0 36 8 ) ( 0 52 8 )
0 9 ( 0 55 9 ) ( 0 28 9 )
0 10 ( 0 28 10 ) ( 0 30 10 )
0 11 ( 0 21 11 ) ( 0 5 11 )
0 12 ( 0 30 13 12 ) ( 0 28 12 )
0 13 ( 0 55 13 ) ( 0 30 13 )
0 14 ( 0 30 14 ) ( 0 32 14 )
0 15 ( 0 5 15 ) ( 0 32 15 )
0 16 ( 0 32 16 ) ( 0 36 16 )
0 17 ( 0 55 17 ) ( 0 10 17 )
0 18 ( 0 39 18 ) ( 0 32 18 )
0 19 ( 0 30 19 ) ( 0 13 19 )
0 20 ( 0 30 20 ) ( 0 55 20 )
0 21 ( 0 43 21 ) ( 0 55 21 )
0 22 ( 0 55 4 22 ) ( 0 39 22 )
0 23 ( 0 17 23 ) ( 0 28 23 )
0 24 ( 0 36 24 ) ( 0 8 24 )
0 26 ( 0 55 26 ) ( 0 13 26 )
0 27 ( 0 3 27 ) ( 0 48 27 )
0 28 ( 0 32 28 ) ( 0 30 28 )
0 29 ( 0 5 29 ) ( 0 32 29 )
0 30 ( 0 13 30 ) ( 0 32 30 )
0 31 ( 0 34 31 ) ( 0 28 31 )
0 32 ( 0 30 32 ) ( 0 14 32 )
0 33 ( 0 43 33 ) ( 0 7 33 )
0 34 ( 0 55 34 ) ( 0 1 34 )
0 36 ( 0 32 36 ) ( 0 52 41 36 )
0 37 ( 0 13 37 ) ( 0 26 37 )
0 38 ( 0 13 38 ) ( 0 34 38 )
0 39 ( 0 32 39 ) ( 0 30 39 )
0 40 ( 0 55 40 ) ( 0 62 40 )
0 41 ( 0 32 41 ) ( 0 28 41 )
0 45 ( 0 10 45 ) ( 0 28 45 )
0 49 ( 0 9 49 ) ( 0 55 49 )
0 52 ( 0 32 52 ) ( 0 28 52 )
0 55 ( 0 13 55 ) ( 0 14 55 )
0 56 ( 0 55 56 ) ( 0 30 56 )
0 58 ( 0 55 58 ) ( 0 32 58 )
1 2 ( 1 28 2 ) ( 1 37 2 )
1 3 ( 1 36 3 ) ( 1 41 3 )
1 4 ( 1 10 4 ) ( 1 39 4 )
1 5 ( 1 36 5 ) ( 1 10 5 )
1 6 ( 1 10 6 ) ( 1 58 6 )
1 7 ( 1 45 7 ) ( 1 21 7 )
1 8 ( 1 21 8 ) ( 1 15 8 )
1 9 ( 1 10 9 ) ( 1 28 9 )
1 10 ( 1 28 10 ) ( 1 31 10 )
1 11 ( 1 57 11 ) ( 1 7 11 )
1 12 ( 1 37 12 ) ( 1 58 12 )
1 13 ( 1 34 13 ) ( 1 10 13 )
1 14 ( 1 55 14 ) ( 1 28 30 14 )
1 15 ( 1 41 15 ) ( 1 9 15 )
1 16 ( 1 5 16 ) ( 1 41 16 )
1 17 ( 1 52 17 ) ( 1 45 17 )
1 18 ( 1 17 18 ) ( 1 45 18 )
1 21 ( 1 57 21 ) ( 1 43 21 )
1 23 ( 1 45 23 ) ( 1 17 23 )
1 28 ( 1 34 28 ) ( 1 58 28 )
1 30 ( 1 37 30 ) ( 1 31 30 )
1 31 ( 1 10 31 ) ( 1 64 9 31 )
1 32 ( 1 34 32 ) ( 1 30 32 )
1 34 ( 1 10 34 ) ( 1 9 34 )
1 37 ( 1 10 58 37 ) ( 1 32 37 )
1 38 ( 1 31 38 ) ( 1 32 38 )
1 39 ( 1 10 39 ) ( 1 52 39 )
1 45 ( 1 10 45 ) ( 1 23 45 )
1 49 ( 1 10 49 ) ( 1 17 49 )
1 52 ( 1 10 52 ) ( 1 9 52 )
1 64 ( 1 9 64 ) ( 1 28 64 )
2 3 ( 2 53 3 ) ( 2 22 3 )
2 4 ( 2 63 4 ) ( 2 6 4 )
2 6 ( 2 63 6 ) ( 2 60 6 )
2 12 ( 2 63 12 ) ( 2 37 12 )
2 13 ( 2 12 13 ) ( 2 63 13 )
2 14 ( 2 56 14 ) ( 2 12 14 )
2 56 ( 2 26 56 ) ( 2 60 56 )
3 4 ( 3 18 4 ) ( 3 48 4 )
3 5 ( 3 16 5 ) ( 3 48 5 )
3 6 ( 3 19 6 ) ( 3 40 6 )
3 7 ( 3 48 7 ) ( 3 44 7 )
3 8 ( 3 48 8 ) ( 3 44 8 )
3 9 ( 3 45 9 ) ( 3 16 9 )
3 10 ( 3 52 10 ) ( 3 48 10 )
3 11 ( 3 44 11 ) ( 3 8 33 11 )
3 15 ( 3 48 15 ) ( 3 16 15 )
3 16 ( 3 48 16 ) ( 3 46 16 )
3 17 ( 3 36 41 17 ) ( 3 5 17 )
3 18 ( 3 48 18 ) ( 3 8 18 )
3 21 ( 3 46 21 ) ( 3 16 21 )
3 22 ( 3 18 22 ) ( 3 8 48 22 )
3 23 ( 3 16 23 ) ( 3 48 15 23 )
3 24 ( 3 48 24 ) ( 3 29 24 )
3 27 ( 3 8 27 ) ( 3 11 27 )
3 29 ( 3 48 29 ) ( 3 44 29 )
3 33 ( 3 8 33 ) ( 3 46 33 )
3 36 ( 3 48 36 ) ( 3 15 36 )
3 41 ( 3 46 41 ) ( 3 15 41 )
3 43 ( 3 15 43 ) ( 3 16 43 )
3 44 ( 3 48 44 ) ( 3 46 44 )
3 46 ( 3 16 46 ) ( 3 44 46 )
3 48 ( 3 46 48 ) ( 3 18 48 )
3 57 ( 3 46 57 ) ( 3 48 57 )
4 5 ( 4 36 5 ) ( 4 62 5 )
4 6 ( 4 53 6 ) ( 4 19 6 )
4 19 ( 4 53 19 ) ( 4 22 47 19 )
4 20 ( 4 19 20 ) ( 4 47 20 )
4 22 ( 4 40 22 ) ( 4 62 22 )
5 7 ( 5 21 7 ) ( 5 61 7 )
5 8 ( 5 15 7 8 ) ( 5 16 46 8 )
5 11 ( 5 15 11 ) ( 5 7 33 11 )
5 15 ( 5 43 15 ) ( 5 36 15 )
5 16 ( 5 21 16 ) ( 5 46 16 )
5 17 ( 5 23 17 ) ( 5 36 17 )
5 18 ( 5 36 18 ) ( 5 21 18 )
5 21 ( 5 15 21 ) ( 5 57 21 )
5 23 ( 5 36 23 ) ( 5 43 23 )
6 19 ( 6 47 19 ) ( 6 20 19 )
6 20 ( 6 53 20 ) ( 6 62 53 19 20 )
7 8 ( 7 33 8 ) ( 7 61 8 )
7 11 ( 7 44 11 ) ( 7 33 11 )
7 15 ( 7 43 15 ) ( 7 46 16 15 )
7 16 ( 7 15 16 ) ( 7 46 16 )
7 18 ( 7 46 18 ) ( 7 48 18 )
7 21 ( 7 15 21 ) ( 7 43 21 )
7 23 ( 7 43 23 ) ( 7 61 23 )
8 11 ( 8 33 11 ) ( 8 29 11 )
8 15 ( 8 7 43 15 ) ( 8 46 15 )
8 16 ( 8 46 16 ) ( 8 44 16 )
8 18 ( 8 46 18 ) ( 8 3 48 18 )
8 21 ( 8 61 7 21 ) ( 8 33 44 21 )
9 10 ( 9 64 10 ) ( 9 52 10 )
11 15 ( 11 7 15 ) ( 11 44 15 )
11 16 ( 11 7 16 ) ( 11 44 33 16 )

EOF