DIMENSIONS
20 sommetsG2
18 sommetsG1
30 dem

SOMMETS
0  Berlin  C  52.52  13.38
1  Hamburg  C  53.55  10
2  Munchen  C  48.14  11.58
3  Koln  C  50.95  6.97
4  Frankfurt  C  50.12  8.68
5  Dortmund  C  51.51  7.48
6  Stuttgart  C  48.79  9.19
7  Essen  T  51.47  7
8  Dusseldorf  C  51.24  6.79
9  Bremen  C  53.08  8.81
10  Hannover  C  52.4  9.73
11  Duisburg  C  51.43  6.75
12  Nurnberg  C  49.45  11.05
13  Leipzig  C  51.35  12.4
14  Dresden  C  51.05  13.74
15  Bochum  C  51.48  7.2
16  Wuppertal  T  51.26  7.18
17  Bielefeld  C  52.03  8.53
18  Bonn  C  50.73  7.1
19  Mannheim  C  49.5  8.47

DEMANDES
0 1 ( 0 13 1 ) ( 0 10 1 )
0 2 ( 0 6 2 ) ( 0 10 2 )
0 3 ( 0 5 3 ) ( 0 18 3 )
0 4 ( 0 13 4 ) ( 0 10 4 )
0 5 ( 0 17 5 ) ( 0 10 5 )
0 6 ( 0 12 6 ) ( 0 4 6 )
0 8 ( 0 15 11 8 ) ( 0 13 8 )
0 9 ( 0 13 9 ) ( 0 17 9 )
0 10 ( 0 14 13 10 ) ( 0 17 5 10 )
0 11 ( 0 15 11 ) ( 0 5 11 )
0 12 ( 0 13 12 ) ( 0 2 12 )
0 13 ( 0 14 13 ) ( 0 12 13 )
0 14 ( 0 1 13 14 ) ( 0 10 12 14 )
0 17 ( 0 13 17 ) ( 0 9 17 )
1 2 ( 1 10 2 ) ( 1 9 2 )
1 3 ( 1 5 3 ) ( 1 10 17 3 )
1 4 ( 1 17 5 4 ) ( 1 15 4 )
1 5 ( 1 17 5 ) ( 1 9 5 )
1 9 ( 1 17 10 9 ) ( 1 15 9 )
1 10 ( 1 13 10 ) ( 1 4 10 )
1 17 ( 1 10 5 17 ) ( 1 8 17 )
2 6 ( 2 12 6 ) ( 2 19 6 )
2 12 ( 2 6 12 ) ( 2 13 12 )
3 4 ( 3 8 4 ) ( 3 15 4 )
3 5 ( 3 15 5 ) ( 3 8 5 )
3 8 ( 3 15 8 ) ( 3 18 11 8 )
3 11 ( 3 15 11 ) ( 3 5 11 )
3 15 ( 3 8 15 ) ( 3 18 15 )
3 18 ( 3 11 8 18 ) ( 3 15 18 )
5 8 ( 5 15 11 8 ) ( 5 3 18 8 )

EOF