DIMENSIONS
35 sommetsG2
30 sommetsG1
75 dem

SOMMETS
0  Berlin  C  52.52  13.38
1  Hamburg  C  53.55  10
2  Munchen  C  48.14  11.58
3  Koln  C  50.95  6.97
4  Frankfurt  C  50.12  8.68
5  Dortmund  C  51.51  7.48
6  Stuttgart  T  48.79  9.19
7  Essen  C  51.47  7
8  Dusseldorf  C  51.24  6.79
9  Bremen  C  53.08  8.81
10  Hannover  C  52.4  9.73
11  Duisburg  C  51.43  6.75
12  Nurnberg  C  49.45  11.05
13  Leipzig  T  51.35  12.4
14  Dresden  C  51.05  13.74
15  Bochum  C  51.48  7.2
16  Wuppertal  C  51.26  7.18
17  Bielefeld  C  52.03  8.53
18  Bonn  C  50.73  7.1
19  Mannheim  C  49.5  8.47
20  Karlsruhe  C  49  8.4
21  Gelsenkirchen  C  51.51  7.11
22  Wiesbaden  C  50.08  8.23
23  Munster  C  51.96  7.62
24  Monchengladbach  C  51.2  6.42
25  Augsburg  C  48.36  10.89
26  Chemnitz  C  50.83  12.92
27  Aachen  T  50.77  6.09
28  Braunschweig  C  52.27  10.51
29  Krefeld  T  51.33  6.55
30  Halle  C  51.48  11.96
31  Kiel  T  54.32  10.12
32  Magdeburg  C  52.13  11.62
33  Oberhausen  C  51.47  6.86
34  Lubeck  C  53.87  10.66

DEMANDES
0 1 ( 0 34 1 ) ( 0 30 1 )
0 2 ( 0 26 2 ) ( 0 14 12 2 )
0 3 ( 0 32 3 ) ( 0 5 3 )
0 4 ( 0 32 4 ) ( 0 22 4 )
0 5 ( 0 32 28 5 ) ( 0 10 5 )
0 7 ( 0 5 7 ) ( 0 17 7 )
0 8 ( 0 32 16 8 ) ( 0 7 8 )
0 9 ( 0 10 9 ) ( 0 1 9 )
0 10 ( 0 28 10 ) ( 0 32 10 )
0 11 ( 0 7 11 ) ( 0 15 11 )
0 12 ( 0 32 12 ) ( 0 28 12 )
0 14 ( 0 26 14 ) ( 0 30 14 )
0 15 ( 0 5 15 ) ( 0 32 15 )
0 16 ( 0 32 16 ) ( 0 28 16 )
0 17 ( 0 10 17 ) ( 0 30 17 )
0 18 ( 0 32 18 ) ( 0 28 18 )
0 19 ( 0 32 19 ) ( 0 26 19 )
0 20 ( 0 30 20 ) ( 0 12 20 )
0 21 ( 0 5 21 ) ( 0 10 17 21 )
0 22 ( 0 32 22 ) ( 0 10 22 )
0 23 ( 0 17 23 ) ( 0 32 23 )
0 25 ( 0 30 12 25 ) ( 0 14 25 )
0 26 ( 0 30 26 ) ( 0 28 26 )
0 28 ( 0 30 28 ) ( 0 10 28 )
0 30 ( 0 14 30 ) ( 0 28 32 30 )
0 32 ( 0 26 32 ) ( 0 28 32 )
0 34 ( 0 32 34 ) ( 0 30 34 )
1 2 ( 1 25 2 ) ( 1 32 12 2 )
1 3 ( 1 5 3 ) ( 1 16 3 )
1 4 ( 1 10 4 ) ( 1 28 4 )
1 5 ( 1 23 5 ) ( 1 10 17 5 )
1 7 ( 1 21 7 ) ( 1 9 7 )
1 8 ( 1 23 8 ) ( 1 21 7 8 )
1 9 ( 1 10 9 ) ( 1 23 9 )
1 10 ( 1 28 10 ) ( 1 34 9 10 )
1 11 ( 1 23 11 ) ( 1 33 11 )
1 12 ( 1 28 12 ) ( 1 10 12 )
1 14 ( 1 32 14 ) ( 1 30 14 )
1 15 ( 1 23 15 ) ( 1 5 15 )
1 16 ( 1 5 16 ) ( 1 23 16 )
1 17 ( 1 9 17 ) ( 1 10 17 )
1 23 ( 1 10 23 ) ( 1 15 5 23 )
1 28 ( 1 10 28 ) ( 1 9 28 )
1 32 ( 1 28 32 ) ( 1 10 32 )
1 34 ( 1 28 34 ) ( 1 30 34 )
2 3 ( 2 18 3 ) ( 2 20 3 )
2 4 ( 2 12 4 ) ( 2 22 19 4 )
2 12 ( 2 25 12 ) ( 2 4 12 )
2 25 ( 2 12 25 ) ( 2 20 19 25 )
3 4 ( 3 16 4 ) ( 3 15 4 )
3 5 ( 3 16 5 ) ( 3 15 5 )
3 7 ( 3 33 7 ) ( 3 16 15 7 )
3 8 ( 3 33 8 ) ( 3 18 8 )
3 11 ( 3 8 33 11 ) ( 3 16 11 )
3 15 ( 3 16 15 ) ( 3 21 15 )
3 16 ( 3 8 16 ) ( 3 7 16 )
3 18 ( 3 16 18 ) ( 3 11 18 )
3 21 ( 3 15 21 ) ( 3 8 21 )
3 23 ( 3 15 23 ) ( 3 7 23 )
3 24 ( 3 33 24 ) ( 3 16 24 )
3 33 ( 3 8 33 ) ( 3 21 33 )
4 19 ( 4 3 19 ) ( 4 16 19 )
5 7 ( 5 15 7 ) ( 5 21 7 )
5 8 ( 5 16 8 ) ( 5 21 8 )
5 11 ( 5 7 11 ) ( 5 3 11 )
5 15 ( 5 16 15 ) ( 5 33 15 )
5 16 ( 5 15 16 ) ( 5 21 16 )
7 8 ( 7 33 8 ) ( 7 21 8 )
7 11 ( 7 15 21 11 ) ( 7 24 11 )
7 15 ( 7 11 15 ) ( 7 5 15 )
7 16 ( 7 21 16 ) ( 7 15 16 )
8 11 ( 8 7 11 ) ( 8 21 33 11 )
8 15 ( 8 7 15 ) ( 8 33 21 15 )
8 16 ( 8 33 16 ) ( 8 21 16 )
9 10 ( 9 23 10 ) ( 9 21 10 )

EOF