DIMENSIONS
55 sommetsG2
50 sommetsG1
140 dem

SOMMETS
0  Berlin  C  52.52  13.38
1  Hamburg  C  53.55  10
2  Munchen  C  48.14  11.58
3  Koln  C  50.95  6.97
4  Frankfurt  C  50.12  8.68
5  Dortmund  C  51.51  7.48
6  Stuttgart  C  48.79  9.19
7  Essen  C  51.47  7
8  Dusseldorf  C  51.24  6.79
9  Bremen  C  53.08  8.81
10  Hannover  T  52.4  9.73
11  Duisburg  C  51.43  6.75
12  Nurnberg  C  49.45  11.05
13  Leipzig  C  51.35  12.4
14  Dresden  C  51.05  13.74
15  Bochum  C  51.48  7.2
16  Wuppertal  C  51.26  7.18
17  Bielefeld  C  52.03  8.53
18  Bonn  C  50.73  7.1
19  Mannheim  C  49.5  8.47
20  Karlsruhe  C  49  8.4
21  Gelsenkirchen  T  51.51  7.11
22  Wiesbaden  C  50.08  8.23
23  Munster  C  51.96  7.62
24  Monchengladbach  C  51.2  6.42
25  Augsburg  C  48.36  10.89
26  Chemnitz  C  50.83  12.92
27  Aachen  C  50.77  6.09
28  Braunschweig  C  52.27  10.51
29  Krefeld  C  51.33  6.55
30  Halle  C  51.48  11.96
31  Kiel  C  54.32  10.12
32  Magdeburg  C  52.13  11.62
33  Oberhausen  C  51.47  6.86
34  Lubeck  C  53.87  10.66
35  Freiburg  C  47.99  7.85
36  Hagen  C  51.37  7.46
37  Erfurt  C  50.99  11.03
38  Rostock  C  54.09  12.1
39  Kassel  C  51.32  9.48
40  Mainz  C  50  8.26
41  Hamm  C  51.67  7.8
42  Saarbrucken  C  49.25  6.97
43  Herne  T  51.54  7.21
44  Mulheim  C  51.43  6.86
45  Osnabruck  C  52.28  8.05
46  Solingen  T  51.18  7.06
47  Ludwigshafen  C  49.48  8.44
48  Leverkusen  C  51.04  6.99
49  Oldenburg  C  53.15  8.21
50  Neuss  T  51.2  6.69
51  Heidelberg  C  49.42  8.69
52  Paderborn  C  51.72  8.74
53  Darmstadt  C  49.87  8.64
54  Wurzburg  C  49.8  9.94

DEMANDES
0 1 ( 0 38 1 ) ( 0 28 1 )
0 2 ( 0 26 2 ) ( 0 14 2 )
0 3 ( 0 32 3 ) ( 0 48 3 )
0 4 ( 0 37 4 ) ( 0 30 4 )
0 5 ( 0 52 5 ) ( 0 32 5 )
0 6 ( 0 37 6 ) ( 0 30 37 54 6 )
0 7 ( 0 52 7 ) ( 0 32 7 )
0 8 ( 0 52 36 8 ) ( 0 5 8 )
0 9 ( 0 32 9 ) ( 0 34 9 )
0 11 ( 0 15 11 ) ( 0 5 11 )
0 12 ( 0 13 12 ) ( 0 26 12 )
0 13 ( 0 30 13 ) ( 0 26 13 )
0 14 ( 0 26 14 ) ( 0 13 14 )
0 15 ( 0 52 15 ) ( 0 32 15 )
0 16 ( 0 52 16 ) ( 0 5 16 )
0 17 ( 0 28 17 ) ( 0 30 17 )
0 18 ( 0 39 18 ) ( 0 28 18 )
0 19 ( 0 37 47 19 ) ( 0 30 51 19 )
0 20 ( 0 32 20 ) ( 0 53 20 )
0 22 ( 0 30 22 ) ( 0 37 22 )
0 23 ( 0 28 23 ) ( 0 32 23 )
0 24 ( 0 32 24 ) ( 0 8 24 )
0 25 ( 0 13 25 ) ( 0 12 25 )
0 26 ( 0 13 32 26 ) ( 0 37 26 )
0 27 ( 0 32 27 ) ( 0 39 27 )
0 28 ( 0 13 28 ) ( 0 38 28 )
0 29 ( 0 5 15 29 ) ( 0 7 29 )
0 30 ( 0 26 30 ) ( 0 14 32 30 )
0 31 ( 0 1 31 ) ( 0 30 31 )
0 32 ( 0 30 32 ) ( 0 14 32 )
0 33 ( 0 52 33 ) ( 0 7 33 )
0 34 ( 0 13 34 ) ( 0 14 34 )
0 35 ( 0 54 35 ) ( 0 13 35 )
0 36 ( 0 52 36 ) ( 0 28 36 )
0 37 ( 0 13 37 ) ( 0 32 30 37 )
0 38 ( 0 32 38 ) ( 0 14 38 )
0 39 ( 0 32 39 ) ( 0 30 39 )
0 40 ( 0 4 40 ) ( 0 39 40 )
0 41 ( 0 32 41 ) ( 0 28 41 )
0 45 ( 0 32 45 ) ( 0 9 45 )
0 47 ( 0 19 47 ) ( 0 30 47 )
0 49 ( 0 9 49 ) ( 0 28 49 )
0 52 ( 0 32 52 ) ( 0 13 52 )
0 54 ( 0 30 54 ) ( 0 13 54 )
1 2 ( 1 28 2 ) ( 1 12 2 )
1 3 ( 1 5 3 ) ( 1 16 3 )
1 4 ( 1 39 4 ) ( 1 17 52 4 )
1 5 ( 1 41 5 ) ( 1 9 5 )
1 6 ( 1 39 6 ) ( 1 54 6 )
1 7 ( 1 23 7 ) ( 1 45 7 )
1 8 ( 1 45 8 ) ( 1 7 8 )
1 9 ( 1 49 9 ) ( 1 34 9 )
1 11 ( 1 45 11 ) ( 1 44 11 )
1 12 ( 1 28 12 ) ( 1 37 12 )
1 13 ( 1 32 13 ) ( 1 30 13 )
1 14 ( 1 32 14 ) ( 1 30 14 )
1 15 ( 1 45 15 ) ( 1 23 15 )
1 16 ( 1 5 16 ) ( 1 41 16 )
1 17 ( 1 28 17 ) ( 1 52 45 17 )
1 18 ( 1 17 18 ) ( 1 41 18 )
1 19 ( 1 4 19 ) ( 1 47 19 )
1 22 ( 1 4 22 ) ( 1 17 40 22 )
1 23 ( 1 17 23 ) ( 1 49 23 )
1 28 ( 1 9 28 ) ( 1 17 52 28 )
1 30 ( 1 32 30 ) ( 1 34 30 )
1 31 ( 1 9 31 ) ( 1 28 31 )
1 32 ( 1 28 32 ) ( 1 30 32 )
1 34 ( 1 31 34 ) ( 1 28 34 )
1 37 ( 1 39 37 ) ( 1 30 37 )
1 38 ( 1 34 31 38 ) ( 1 32 38 )
1 39 ( 1 52 39 ) ( 1 9 39 )
1 41 ( 1 45 41 ) ( 1 52 41 )
1 45 ( 1 9 45 ) ( 1 52 45 )
1 49 ( 1 9 49 ) ( 1 45 49 )
1 52 ( 1 17 52 ) ( 1 39 52 )
2 3 ( 2 22 3 ) ( 2 40 3 )
2 4 ( 2 54 4 ) ( 2 25 51 4 )
2 6 ( 2 25 6 ) ( 2 54 6 )
2 12 ( 2 6 12 ) ( 2 26 12 )
2 13 ( 2 26 13 ) ( 2 37 30 13 )
2 14 ( 2 26 14 ) ( 2 12 14 )
2 25 ( 2 54 25 ) ( 2 20 25 )
3 4 ( 3 18 4 ) ( 3 22 4 )
3 5 ( 3 8 5 ) ( 3 18 5 )
3 6 ( 3 19 6 ) ( 3 18 6 )
3 7 ( 3 16 7 ) ( 3 8 7 )
3 8 ( 3 44 8 ) ( 3 16 8 )
3 9 ( 3 45 9 ) ( 3 16 9 )
3 11 ( 3 48 11 ) ( 3 24 11 )
3 15 ( 3 48 15 ) ( 3 16 15 )
3 16 ( 3 48 16 ) ( 3 18 16 )
3 17 ( 3 41 17 ) ( 3 48 17 )
3 18 ( 3 16 18 ) ( 3 8 18 )
3 19 ( 3 40 47 19 ) ( 3 48 19 )
3 22 ( 3 15 22 ) ( 3 7 22 )
3 23 ( 3 16 23 ) ( 3 48 23 )
3 24 ( 3 48 24 ) ( 3 8 24 )
3 27 ( 3 24 27 ) ( 3 8 27 )
3 29 ( 3 48 29 ) ( 3 24 29 )
3 33 ( 3 48 33 ) ( 3 11 33 )
3 36 ( 3 16 36 ) ( 3 15 36 )
3 41 ( 3 5 41 ) ( 3 16 41 )
3 44 ( 3 33 44 ) ( 3 11 44 )
3 48 ( 3 8 48 ) ( 3 16 48 )
4 5 ( 4 36 5 ) ( 4 16 5 )
4 6 ( 4 53 6 ) ( 4 47 6 )
4 7 ( 4 15 7 ) ( 4 22 7 )
4 8 ( 4 3 8 ) ( 4 22 8 )
4 19 ( 4 22 19 ) ( 4 53 40 47 19 )
4 20 ( 4 19 20 ) ( 4 47 20 )
4 22 ( 4 47 22 ) ( 4 19 53 22 )
5 7 ( 5 36 7 ) ( 5 44 33 7 )
5 8 ( 5 15 8 ) ( 5 16 8 )
5 11 ( 5 7 11 ) ( 5 44 11 )
5 15 ( 5 41 15 ) ( 5 48 15 )
5 16 ( 5 36 16 ) ( 5 15 16 )
5 17 ( 5 41 17 ) ( 5 52 17 )
5 18 ( 5 16 18 ) ( 5 48 3 18 )
5 23 ( 5 36 41 23 ) ( 5 15 7 33 23 )
5 29 ( 5 15 29 ) ( 5 7 29 )
6 19 ( 6 51 47 19 ) ( 6 20 19 )
6 20 ( 6 47 20 ) ( 6 53 51 20 )
7 8 ( 7 11 44 8 ) ( 7 16 8 )
7 11 ( 7 33 11 ) ( 7 15 11 )
7 15 ( 7 33 44 15 ) ( 7 5 15 )
7 16 ( 7 33 16 ) ( 7 8 16 )
7 18 ( 7 48 18 ) ( 7 44 18 )
7 23 ( 7 15 23 ) ( 7 44 23 )
7 24 ( 7 44 24 ) ( 7 8 24 )
8 11 ( 8 44 11 ) ( 8 29 11 )
8 15 ( 8 7 15 ) ( 8 33 15 )
8 16 ( 8 48 16 ) ( 8 33 16 )
8 18 ( 8 3 18 ) ( 8 48 18 )
8 24 ( 8 29 24 ) ( 8 33 24 )
8 27 ( 8 29 27 ) ( 8 3 27 )
9 17 ( 9 52 17 ) ( 9 23 17 )
11 15 ( 11 7 15 ) ( 11 44 15 )
11 16 ( 11 44 16 ) ( 11 33 16 )
11 18 ( 11 48 18 ) ( 11 44 18 )
13 14 ( 13 0 14 ) ( 13 32 14 )

EOF