DIMENSIONS
45 sommetsG2
40 sommetsG1
130 dem

SOMMETS
0  Berlin  C  52.52  13.38
1  Hamburg  C  53.55  10
2  Munchen  C  48.14  11.58
3  Koln  C  50.95  6.97
4  Frankfurt  C  50.12  8.68
5  Dortmund  C  51.51  7.48
6  Stuttgart  C  48.79  9.19
7  Essen  C  51.47  7
8  Dusseldorf  T  51.24  6.79
9  Bremen  C  53.08  8.81
10  Hannover  C  52.4  9.73
11  Duisburg  C  51.43  6.75
12  Nurnberg  C  49.45  11.05
13  Leipzig  C  51.35  12.4
14  Dresden  C  51.05  13.74
15  Bochum  C  51.48  7.2
16  Wuppertal  C  51.26  7.18
17  Bielefeld  T  52.03  8.53
18  Bonn  C  50.73  7.1
19  Mannheim  C  49.5  8.47
20  Karlsruhe  C  49  8.4
21  Gelsenkirchen  C  51.51  7.11
22  Wiesbaden  C  50.08  8.23
23  Munster  C  51.96  7.62
24  Monchengladbach  C  51.2  6.42
25  Augsburg  C  48.36  10.89
26  Chemnitz  C  50.83  12.92
27  Aachen  C  50.77  6.09
28  Braunschweig  C  52.27  10.51
29  Krefeld  C  51.33  6.55
30  Halle  C  51.48  11.96
31  Kiel  C  54.32  10.12
32  Magdeburg  C  52.13  11.62
33  Oberhausen  C  51.47  6.86
34  Lubeck  C  53.87  10.66
35  Freiburg  T  47.99  7.85
36  Hagen  C  51.37  7.46
37  Erfurt  T  50.99  11.03
38  Rostock  C  54.09  12.1
39  Kassel  C  51.32  9.48
40  Mainz  C  50  8.26
41  Hamm  T  51.67  7.8
42  Saarbrucken  C  49.25  6.97
43  Herne  C  51.54  7.21
44  Mulheim  C  51.43  6.86

DEMANDES
0 1 ( 0 34 1 ) ( 0 32 1 )
0 2 ( 0 26 2 ) ( 0 13 2 )
0 3 ( 0 28 5 3 ) ( 0 10 3 )
0 4 ( 0 32 4 ) ( 0 13 4 )
0 5 ( 0 39 5 ) ( 0 28 10 5 )
0 6 ( 0 13 30 6 ) ( 0 32 6 )
0 7 ( 0 15 7 ) ( 0 43 7 )
0 9 ( 0 28 9 ) ( 0 32 9 )
0 10 ( 0 28 10 ) ( 0 32 10 )
0 11 ( 0 44 11 ) ( 0 43 21 11 )
0 12 ( 0 32 12 ) ( 0 28 12 )
0 13 ( 0 30 13 ) ( 0 32 13 )
0 14 ( 0 26 14 ) ( 0 13 14 )
0 15 ( 0 5 15 ) ( 0 43 15 )
0 16 ( 0 36 16 ) ( 0 5 16 )
0 18 ( 0 39 18 ) ( 0 28 18 )
0 19 ( 0 13 19 ) ( 0 32 19 )
0 20 ( 0 13 20 ) ( 0 32 20 )
0 21 ( 0 32 21 ) ( 0 5 21 )
0 22 ( 0 12 22 ) ( 0 13 28 22 )
0 23 ( 0 28 23 ) ( 0 32 23 )
0 24 ( 0 32 24 ) ( 0 16 24 )
0 25 ( 0 12 25 ) ( 0 2 25 )
0 26 ( 0 30 26 ) ( 0 28 26 )
0 27 ( 0 39 27 ) ( 0 16 27 )
0 28 ( 0 32 28 ) ( 0 13 28 )
0 29 ( 0 5 15 29 ) ( 0 7 29 )
0 30 ( 0 13 30 ) ( 0 14 30 )
0 31 ( 0 34 31 ) ( 0 38 31 )
0 32 ( 0 13 32 ) ( 0 28 32 )
0 33 ( 0 43 33 ) ( 0 15 33 )
0 34 ( 0 1 34 ) ( 0 28 34 )
0 36 ( 0 28 36 ) ( 0 32 5 36 )
0 38 ( 0 13 38 ) ( 0 30 38 )
0 39 ( 0 30 39 ) ( 0 28 39 )
0 40 ( 0 30 40 ) ( 0 28 40 )
0 43 ( 0 32 28 43 ) ( 0 10 43 )
0 44 ( 0 5 44 ) ( 0 28 43 44 )
1 2 ( 1 28 2 ) ( 1 10 2 )
1 3 ( 1 36 3 ) ( 1 23 3 )
1 4 ( 1 10 4 ) ( 1 39 4 )
1 5 ( 1 23 5 ) ( 1 9 5 )
1 6 ( 1 10 6 ) ( 1 4 6 )
1 7 ( 1 23 7 ) ( 1 21 7 )
1 9 ( 1 31 9 ) ( 1 39 9 )
1 10 ( 1 28 10 ) ( 1 34 10 )
1 11 ( 1 23 11 ) ( 1 33 11 )
1 12 ( 1 30 12 ) ( 1 34 12 )
1 13 ( 1 30 13 ) ( 1 34 13 )
1 14 ( 1 28 30 14 ) ( 1 34 14 )
1 15 ( 1 5 15 ) ( 1 9 15 )
1 16 ( 1 5 16 ) ( 1 36 16 )
1 18 ( 1 36 18 ) ( 1 5 18 )
1 19 ( 1 10 19 ) ( 1 22 19 )
1 21 ( 1 23 21 ) ( 1 15 21 )
1 22 ( 1 40 22 ) ( 1 4 22 )
1 23 ( 1 9 23 ) ( 1 10 23 )
1 26 ( 1 32 26 ) ( 1 28 26 )
1 28 ( 1 34 28 ) ( 1 39 28 )
1 30 ( 1 28 30 ) ( 1 34 30 )
1 31 ( 1 32 28 31 ) ( 1 39 9 31 )
1 32 ( 1 28 32 ) ( 1 31 32 )
1 34 ( 1 31 34 ) ( 1 28 34 )
1 36 ( 1 10 36 ) ( 1 43 36 )
1 38 ( 1 34 38 ) ( 1 28 38 )
1 39 ( 1 10 39 ) ( 1 28 39 )
2 3 ( 2 22 3 ) ( 2 40 3 )
2 4 ( 2 25 4 ) ( 2 19 4 )
2 5 ( 2 25 5 ) ( 2 40 5 )
2 6 ( 2 20 6 ) ( 2 19 6 )
2 10 ( 2 28 10 ) ( 2 25 12 10 )
2 12 ( 2 25 12 ) ( 2 6 12 )
2 13 ( 2 25 13 ) ( 2 26 30 13 )
2 14 ( 2 26 14 ) ( 2 12 14 )
2 25 ( 2 20 25 ) ( 2 19 25 )
3 4 ( 3 18 4 ) ( 3 40 22 4 )
3 5 ( 3 15 5 ) ( 3 43 5 )
3 6 ( 3 18 6 ) ( 3 40 6 )
3 7 ( 3 44 7 ) ( 3 21 7 )
3 9 ( 3 5 9 ) ( 3 16 9 )
3 10 ( 3 5 10 ) ( 3 23 10 )
3 11 ( 3 21 11 ) ( 3 29 33 11 )
3 15 ( 3 16 15 ) ( 3 7 15 )
3 16 ( 3 18 16 ) ( 3 15 16 )
3 18 ( 3 44 18 ) ( 3 7 18 )
3 19 ( 3 18 19 ) ( 3 22 19 )
3 21 ( 3 16 21 ) ( 3 15 21 )
3 22 ( 3 15 22 ) ( 3 5 22 )
3 23 ( 3 43 23 ) ( 3 5 23 )
3 24 ( 3 29 24 ) ( 3 33 24 )
3 27 ( 3 18 27 ) ( 3 29 27 )
3 29 ( 3 44 29 ) ( 3 33 29 )
3 33 ( 3 11 33 ) ( 3 44 7 33 )
3 36 ( 3 16 36 ) ( 3 7 36 )
3 40 ( 3 18 40 ) ( 3 36 40 )
3 43 ( 3 16 43 ) ( 3 33 7 43 )
3 44 ( 3 33 44 ) ( 3 16 44 )
4 5 ( 4 43 5 ) ( 4 15 21 5 )
4 6 ( 4 40 6 ) ( 4 39 6 )
4 7 ( 4 16 7 ) ( 4 21 7 )
4 19 ( 4 22 19 ) ( 4 20 19 )
4 20 ( 4 22 20 ) ( 4 40 42 20 )
4 22 ( 4 40 22 ) ( 4 39 22 )
5 7 ( 5 21 7 ) ( 5 43 7 )
5 9 ( 5 21 9 ) ( 5 16 9 )
5 11 ( 5 15 11 ) ( 5 7 11 )
5 15 ( 5 43 15 ) ( 5 36 15 )
5 16 ( 5 15 43 16 ) ( 5 21 16 )
5 18 ( 5 36 18 ) ( 5 16 18 )
5 21 ( 5 43 15 21 ) ( 5 7 21 )
5 23 ( 5 43 23 ) ( 5 15 23 )
5 24 ( 5 7 24 ) ( 5 21 24 )
5 29 ( 5 15 29 ) ( 5 44 29 )
5 33 ( 5 7 33 ) ( 5 21 33 )
6 19 ( 6 22 19 ) ( 6 42 19 )
6 20 ( 6 25 20 ) ( 6 18 20 )
7 11 ( 7 44 11 ) ( 7 21 11 )
7 15 ( 7 43 15 ) ( 7 33 15 )
7 16 ( 7 15 16 ) ( 7 3 16 )
7 18 ( 7 44 18 ) ( 7 21 18 )
7 21 ( 7 15 21 ) ( 7 43 21 )
7 23 ( 7 15 43 23 ) ( 7 5 23 )
7 24 ( 7 44 24 ) ( 7 21 24 )
7 29 ( 7 16 29 ) ( 7 43 29 )
9 10 ( 9 1 10 ) ( 9 28 10 )
11 15 ( 11 33 15 ) ( 11 16 15 )
11 16 ( 11 7 16 ) ( 11 21 16 )
11 18 ( 11 44 18 ) ( 11 29 18 )
11 21 ( 11 33 21 ) ( 11 44 21 )
13 14 ( 13 0 14 ) ( 13 12 14 )

EOF