DIMENSIONS
95 sommetsG2
90 sommetsG1
110 dem

SOMMETS
0  Berlin  C  52.52  13.38
1  Hamburg  C  53.55  10
2  Munchen  C  48.14  11.58
3  Koln  C  50.95  6.97
4  Frankfurt  C  50.12  8.68
5  Dortmund  C  51.51  7.48
6  Stuttgart  C  48.79  9.19
7  Essen  C  51.47  7
8  Dusseldorf  C  51.24  6.79
9  Bremen  C  53.08  8.81
10  Hannover  C  52.4  9.73
11  Duisburg  C  51.43  6.75
12  Nurnberg  C  49.45  11.05
13  Leipzig  C  51.35  12.4
14  Dresden  C  51.05  13.74
15  Bochum  C  51.48  7.2
16  Wuppertal  C  51.26  7.18
17  Bielefeld  C  52.03  8.53
18  Bonn  C  50.73  7.1
19  Mannheim  C  49.5  8.47
20  Karlsruhe  C  49  8.4
21  Gelsenkirchen  C  51.51  7.11
22  Wiesbaden  C  50.08  8.23
23  Munster  C  51.96  7.62
24  Monchengladbach  C  51.2  6.42
25  Augsburg  C  48.36  10.89
26  Chemnitz  C  50.83  12.92
27  Aachen  C  50.77  6.09
28  Braunschweig  C  52.27  10.51
29  Krefeld  C  51.33  6.55
30  Halle  C  51.48  11.96
31  Kiel  C  54.32  10.12
32  Magdeburg  C  52.13  11.62
33  Oberhausen  C  51.47  6.86
34  Lubeck  C  53.87  10.66
35  Freiburg  C  47.99  7.85
36  Hagen  C  51.37  7.46
37  Erfurt  T  50.99  11.03
38  Rostock  C  54.09  12.1
39  Kassel  C  51.32  9.48
40  Mainz  C  50  8.26
41  Hamm  C  51.67  7.8
42  Saarbrucken  C  49.25  6.97
43  Herne  C  51.54  7.21
44  Mulheim  C  51.43  6.86
45  Osnabruck  C  52.28  8.05
46  Solingen  C  51.18  7.06
47  Ludwigshafen  C  49.48  8.44
48  Leverkusen  C  51.04  6.99
49  Oldenburg  C  53.15  8.21
50  Neuss  C  51.2  6.69
51  Heidelberg  C  49.42  8.69
52  Paderborn  C  51.72  8.74
53  Darmstadt  C  49.87  8.64
54  Wurzburg  C  49.8  9.94
55  Potsdam  C  52.4  13.07
56  Regensburg  C  49.02  12.11
57  Recklinghausen  C  51.61  7.19
58  Gottingen  C  51.53  9.92
59  Wolfsburg  C  52.43  10.78
60  Heilbronn  C  49.14  9.22
61  Bottrop  C  51.53  6.93
62  Offenbach  C  50.1  8.77
63  Ulm  C  48.4  9.97
64  Bremerhaven  C  53.55  8.58
65  Pforzheim  C  48.89  8.69
66  Ingolstadt  C  48.77  11.43
67  Remscheid  C  51.18  7.19
68  Furth  C  49.48  10.98
69  Reutlingen  C  48.49  9.21
70  Salzgitter  C  52.17  10.33
71  Koblenz  C  50.35  7.6
72  Siegen  C  50.87  8.01
73  Moers  C  51.45  6.65
74  Gera  T  50.88  12.08
75  Bergisch-gladbach  T  50.98  7.15
76  Hildesheim  C  52.16  9.95
77  Witten  C  51.44  7.34
78  Erlangen  C  49.6  11.01
79  Cottbus  T  51.77  14.33
80  Trier  C  49.75  6.63
81  Zwickau  C  50.72  12.5
82  Jena  C  50.93  11.58
83  Kaiserslautern  C  49.45  7.75
84  Iserlohn  C  51.39  7.68
85  Schwerin  C  53.63  11.4
86  Gutersloh  T  51.91  8.37
87  Duren  C  50.81  6.49
88  Ratingen  C  51.3  6.85
89  Marl  C  51.68  7.12
90  Lunen  C  51.62  7.52
91  Esslingen  C  48.74  9.32
92  Velbert  C  51.35  7.04
93  Hanau  C  50.14  8.91
94  Ludwigsburg  C  48.9  9.19

DEMANDES
0 1 ( 0 55 1 ) ( 0 32 59 1 )
0 2 ( 0 26 2 ) ( 0 81 66 2 )
0 3 ( 0 32 3 ) ( 0 55 3 )
0 4 ( 0 55 4 ) ( 0 62 4 )
0 5 ( 0 32 5 ) ( 0 55 5 )
0 6 ( 0 30 6 ) ( 0 13 6 )
0 7 ( 0 15 7 ) ( 0 21 7 )
0 8 ( 0 36 8 ) ( 0 84 8 )
0 9 ( 0 55 9 ) ( 0 32 9 )
0 10 ( 0 59 10 ) ( 0 32 10 )
0 11 ( 0 7 11 ) ( 0 52 11 )
0 12 ( 0 78 12 ) ( 0 68 12 )
0 13 ( 0 55 13 ) ( 0 82 13 )
0 14 ( 0 55 14 ) ( 0 26 14 )
0 15 ( 0 5 15 ) ( 0 32 15 )
0 16 ( 0 32 16 ) ( 0 84 16 )
0 17 ( 0 76 17 ) ( 0 70 17 )
0 18 ( 0 32 58 18 ) ( 0 72 18 )
0 19 ( 0 30 19 ) ( 0 93 19 )
0 20 ( 0 82 20 ) ( 0 30 82 54 20 )
0 21 ( 0 52 21 ) ( 0 41 21 )
0 22 ( 0 55 22 ) ( 0 4 22 )
0 23 ( 0 59 23 ) ( 0 45 23 )
0 25 ( 0 55 25 ) ( 0 12 25 )
0 26 ( 0 13 26 ) ( 0 81 26 )
0 28 ( 0 55 28 ) ( 0 59 28 )
0 30 ( 0 32 30 ) ( 0 14 30 )
0 31 ( 0 34 31 ) ( 0 38 31 )
0 32 ( 0 30 32 ) ( 0 13 32 )
0 34 ( 0 38 34 ) ( 0 32 34 )
0 38 ( 0 85 34 38 ) ( 0 14 38 )
0 39 ( 0 55 39 ) ( 0 70 39 )
0 55 ( 0 13 55 ) ( 0 14 55 )
0 56 ( 0 26 56 ) ( 0 55 56 )
0 58 ( 0 28 58 ) ( 0 70 58 )
0 59 ( 0 55 59 ) ( 0 32 59 )
0 70 ( 0 32 70 ) ( 0 59 70 )
0 81 ( 0 13 81 ) ( 0 26 81 )
0 82 ( 0 30 82 ) ( 0 26 82 )
0 85 ( 0 32 85 ) ( 0 13 85 )
1 2 ( 1 66 2 ) ( 1 68 2 )
1 3 ( 1 36 3 ) ( 1 41 3 )
1 4 ( 1 10 4 ) ( 1 39 4 )
1 5 ( 1 41 5 ) ( 1 17 5 )
1 6 ( 1 60 94 6 ) ( 1 10 6 )
1 7 ( 1 57 7 ) ( 1 23 7 )
1 8 ( 1 57 8 ) ( 1 23 8 )
1 9 ( 1 64 9 ) ( 1 10 9 )
1 10 ( 1 76 10 ) ( 1 70 10 )
1 11 ( 1 45 11 ) ( 1 89 11 )
1 12 ( 1 76 58 78 12 ) ( 1 10 70 12 )
1 13 ( 1 30 13 ) ( 1 59 13 )
1 14 ( 1 13 14 ) ( 1 30 14 )
1 15 ( 1 90 15 ) ( 1 45 15 )
1 16 ( 1 41 16 ) ( 1 45 16 )
1 17 ( 1 52 17 ) ( 1 64 17 )
1 23 ( 1 9 23 ) ( 1 49 23 )
1 28 ( 1 59 28 ) ( 1 10 28 )
1 31 ( 1 85 31 ) ( 1 64 31 )
1 32 ( 1 28 32 ) ( 1 70 32 )
1 34 ( 1 31 34 ) ( 1 70 34 )
1 38 ( 1 34 38 ) ( 1 31 85 38 )
1 39 ( 1 10 39 ) ( 1 76 39 )
1 49 ( 1 9 49 ) ( 1 10 49 )
1 59 ( 1 70 59 ) ( 1 34 59 )
1 64 ( 1 31 64 ) ( 1 10 64 )
1 70 ( 1 76 70 ) ( 1 10 70 )
1 76 ( 1 10 76 ) ( 1 70 76 )
2 3 ( 2 40 3 ) ( 2 4 3 )
2 4 ( 2 62 4 ) ( 2 25 4 )
2 6 ( 2 91 6 ) ( 2 94 6 )
2 12 ( 2 68 12 ) ( 2 25 12 )
2 13 ( 2 82 13 ) ( 2 26 13 )
2 25 ( 2 56 25 ) ( 2 66 12 25 )
2 56 ( 2 12 56 ) ( 2 68 56 )
2 66 ( 2 56 66 ) ( 2 12 66 )
3 4 ( 3 22 4 ) ( 3 40 4 )
3 5 ( 3 77 5 ) ( 3 36 5 )
3 7 ( 3 46 7 ) ( 3 88 7 )
3 8 ( 3 46 88 8 ) ( 3 44 8 )
3 11 ( 3 88 11 ) ( 3 8 11 )
3 15 ( 3 16 15 ) ( 3 92 15 )
3 16 ( 3 48 16 ) ( 3 46 16 )
3 18 ( 3 48 18 ) ( 3 46 18 )
3 21 ( 3 92 21 ) ( 3 46 21 )
3 23 ( 3 77 23 ) ( 3 67 23 )
3 24 ( 3 50 24 ) ( 3 8 24 )
3 27 ( 3 50 27 ) ( 3 24 27 )
3 29 ( 3 50 29 ) ( 3 8 29 )
3 33 ( 3 44 33 ) ( 3 48 33 )
3 36 ( 3 67 36 ) ( 3 48 36 )
3 41 ( 3 36 41 ) ( 3 48 41 )
3 43 ( 3 46 43 ) ( 3 48 43 )
3 44 ( 3 48 88 44 ) ( 3 8 44 )
3 46 ( 3 48 46 ) ( 3 67 46 )
4 6 ( 4 53 6 ) ( 4 93 6 )
4 19 ( 4 47 19 ) ( 4 62 19 )
5 7 ( 5 15 7 ) ( 5 43 7 )
5 8 ( 5 15 8 ) ( 5 16 8 )
5 11 ( 5 15 7 11 ) ( 5 21 11 )
5 15 ( 5 77 15 ) ( 5 43 15 )
5 16 ( 5 36 16 ) ( 5 15 16 )
7 8 ( 7 61 44 8 ) ( 7 11 8 )
7 11 ( 7 44 11 ) ( 7 61 11 )
7 15 ( 7 43 15 ) ( 7 92 15 )
7 16 ( 7 21 16 ) ( 7 67 16 )
8 11 ( 8 44 11 ) ( 8 73 11 )
8 15 ( 8 7 21 15 ) ( 8 44 15 )
8 16 ( 8 88 16 ) ( 8 46 16 )
9 10 ( 9 76 10 ) ( 9 64 10 )

EOF