DIMENSIONS
14 sommetsG2
12 sommetsG1
45 dem

SOMMETS
0  London  C  51.52  -0.1
1  Glasgow  C  55.87  -4.27
2  Birmingham  C  52.48  -1.91
3  Liverpool  C  53.42  -2.99
4  Edinburgh  C  55.95  -3.22
5  Sheffield  T  53.39  -1.48
6  Leeds  C  53.81  -1.55
7  Bristol  C  51.46  -2.6
8  Manchester  C  53.48  -2.25
9  Leicester  C  52.64  -1.13
10  Kingston-upon-hull  C  53.75  -0.36
11  Coventry  T  52.42  -1.5
12  Bradford  C  53.8  -1.75
13  Cardiff  C  51.48  -3.18

DEMANDES
0 1 ( 0 9 1 ) ( 0 12 1 )
0 2 ( 0 9 2 ) ( 0 7 2 )
0 3 ( 0 9 2 3 ) ( 0 7 3 )
0 4 ( 0 9 12 4 ) ( 0 8 4 )
0 6 ( 0 2 6 ) ( 0 10 6 )
0 7 ( 0 2 13 7 ) ( 0 8 7 )
0 8 ( 0 9 8 ) ( 0 2 8 )
0 9 ( 0 12 9 ) ( 0 7 9 )
0 10 ( 0 9 10 ) ( 0 6 10 )
0 12 ( 0 9 12 ) ( 0 2 12 )
0 13 ( 0 2 13 ) ( 0 9 7 13 )
1 2 ( 1 12 2 ) ( 1 4 2 )
1 3 ( 1 6 3 ) ( 1 2 3 )
1 4 ( 1 8 4 ) ( 1 6 4 )
1 6 ( 1 12 6 ) ( 1 3 8 6 )
1 7 ( 1 13 7 ) ( 1 8 3 7 )
1 8 ( 1 4 8 ) ( 1 3 12 6 8 )
1 9 ( 1 3 9 ) ( 1 4 8 9 )
1 10 ( 1 12 10 ) ( 1 4 10 )
1 12 ( 1 4 12 ) ( 1 3 12 )
1 13 ( 1 8 13 ) ( 1 2 13 )
2 3 ( 2 8 3 ) ( 2 12 3 )
2 4 ( 2 6 4 ) ( 2 10 4 )
2 6 ( 2 12 6 ) ( 2 8 6 )
2 7 ( 2 13 7 ) ( 2 9 7 )
2 8 ( 2 9 12 8 ) ( 2 7 8 )
2 9 ( 2 6 9 ) ( 2 0 9 )
2 10 ( 2 9 10 ) ( 2 6 10 )
2 12 ( 2 6 12 ) ( 2 8 12 )
2 13 ( 2 7 13 ) ( 2 12 13 )
3 4 ( 3 1 4 ) ( 3 12 4 )
3 6 ( 3 12 6 ) ( 3 8 6 )
3 7 ( 3 8 7 ) ( 3 2 13 7 )
3 8 ( 3 2 8 ) ( 3 9 8 )
3 9 ( 3 7 9 ) ( 3 10 9 )
3 12 ( 3 6 12 ) ( 3 7 12 )
3 13 ( 3 7 13 ) ( 3 12 13 )
6 8 ( 6 3 8 ) ( 6 2 8 )
6 9 ( 6 8 9 ) ( 6 10 9 )
6 10 ( 6 12 10 ) ( 6 8 10 )
6 12 ( 6 8 12 ) ( 6 9 12 )
7 8 ( 7 3 8 ) ( 7 12 8 )
7 13 ( 7 2 13 ) ( 7 8 13 )
8 9 ( 8 2 9 ) ( 8 12 9 )
8 12 ( 8 6 12 ) ( 8 2 12 )

EOF