DIMENSIONS
18 sommetsG2
16 sommetsG1
45 dem

SOMMETS
0  London  C  51.52  -0.1
1  Glasgow  C  55.87  -4.27
2  Birmingham  C  52.48  -1.91
3  Liverpool  C  53.42  -2.99
4  Edinburgh  C  55.95  -3.22
5  Sheffield  C  53.39  -1.48
6  Leeds  C  53.81  -1.55
7  Bristol  T  51.46  -2.6
8  Manchester  C  53.48  -2.25
9  Leicester  C  52.64  -1.13
10  Kingston-upon-hull  C  53.75  -0.36
11  Coventry  C  52.42  -1.5
12  Bradford  C  53.8  -1.75
13  Cardiff  C  51.48  -3.18
14  Nottingham  C  52.97  -1.18
15  Stoke-on-trent  T  53.01  -2.19
16  Wolverhampton  C  52.59  -2.15
17  Plymouth  C  50.38  -4.16

DEMANDES
0 1 ( 0 8 1 ) ( 0 14 6 1 )
0 2 ( 0 16 2 ) ( 0 5 2 )
0 3 ( 0 2 3 ) ( 0 14 8 3 )
0 4 ( 0 12 4 ) ( 0 14 5 4 )
0 5 ( 0 9 5 ) ( 0 6 5 )
0 6 ( 0 14 6 ) ( 0 9 6 )
0 8 ( 0 14 8 ) ( 0 2 8 )
0 9 ( 0 14 9 ) ( 0 10 9 )
0 10 ( 0 9 10 ) ( 0 11 10 )
0 11 ( 0 2 11 ) ( 0 16 11 )
0 12 ( 0 6 12 ) ( 0 11 12 )
0 13 ( 0 9 13 ) ( 0 11 3 13 )
0 14 ( 0 9 14 ) ( 0 11 14 )
0 16 ( 0 11 16 ) ( 0 9 16 )
0 17 ( 0 13 17 ) ( 0 16 17 )
1 2 ( 1 8 2 ) ( 1 3 2 )
1 3 ( 1 4 3 ) ( 1 8 3 )
1 4 ( 1 3 4 ) ( 1 12 4 )
1 5 ( 1 4 5 ) ( 1 2 5 )
1 6 ( 1 3 6 ) ( 1 14 6 )
1 8 ( 1 6 8 ) ( 1 4 5 8 )
2 3 ( 2 16 3 ) ( 2 9 3 )
2 4 ( 2 3 4 ) ( 2 6 4 )
2 5 ( 2 14 5 ) ( 2 6 5 )
2 6 ( 2 16 6 ) ( 2 11 5 6 )
2 8 ( 2 12 8 ) ( 2 9 8 )
2 9 ( 2 14 9 ) ( 2 16 8 9 )
2 10 ( 2 11 10 ) ( 2 5 10 )
2 11 ( 2 5 11 ) ( 2 8 11 )
2 12 ( 2 6 12 ) ( 2 8 12 )
2 13 ( 2 16 13 ) ( 2 14 13 )
2 14 ( 2 9 14 ) ( 2 16 14 )
2 16 ( 2 11 16 ) ( 2 9 16 )
3 5 ( 3 8 5 ) ( 3 14 6 5 )
3 6 ( 3 8 6 ) ( 3 14 6 )
3 8 ( 3 12 8 ) ( 3 2 8 )
5 6 ( 5 12 6 ) ( 5 14 6 )
5 8 ( 5 6 8 ) ( 5 14 8 )
5 9 ( 5 11 9 ) ( 5 16 9 )
5 11 ( 5 9 11 ) ( 5 2 11 )
5 12 ( 5 6 12 ) ( 5 8 12 )
5 14 ( 5 9 14 ) ( 5 6 14 )
6 8 ( 6 12 8 ) ( 6 5 8 )
6 12 ( 6 5 12 ) ( 6 8 12 )
6 14 ( 6 5 14 ) ( 6 12 14 )

EOF