DIMENSIONS
18 sommetsG2
16 sommetsG1
110 dem

SOMMETS
0  London  C  51.52  -0.1
1  Glasgow  C  55.87  -4.27
2  Birmingham  C  52.48  -1.91
3  Liverpool  C  53.42  -2.99
4  Edinburgh  C  55.95  -3.22
5  Sheffield  C  53.39  -1.48
6  Leeds  C  53.81  -1.55
7  Bristol  T  51.46  -2.6
8  Manchester  C  53.48  -2.25
9  Leicester  C  52.64  -1.13
10  Kingston-upon-hull  C  53.75  -0.36
11  Coventry  C  52.42  -1.5
12  Bradford  C  53.8  -1.75
13  Cardiff  C  51.48  -3.18
14  Nottingham  C  52.97  -1.18
15  Stoke-on-trent  T  53.01  -2.19
16  Wolverhampton  C  52.59  -2.15
17  Plymouth  C  50.38  -4.16

DEMANDES
0 1 ( 0 8 1 ) ( 0 14 6 1 )
0 2 ( 0 16 2 ) ( 0 5 2 )
0 3 ( 0 2 3 ) ( 0 14 8 3 )
0 4 ( 0 12 4 ) ( 0 14 5 4 )
0 5 ( 0 9 5 ) ( 0 6 5 )
0 6 ( 0 14 6 ) ( 0 9 6 )
0 8 ( 0 14 8 ) ( 0 2 8 )
0 9 ( 0 14 9 ) ( 0 10 9 )
0 10 ( 0 9 10 ) ( 0 11 10 )
0 11 ( 0 2 11 ) ( 0 16 11 )
0 12 ( 0 6 12 ) ( 0 11 12 )
0 13 ( 0 9 13 ) ( 0 11 3 13 )
0 14 ( 0 9 14 ) ( 0 11 14 )
0 16 ( 0 11 16 ) ( 0 9 16 )
0 17 ( 0 13 17 ) ( 0 16 17 )
1 2 ( 1 8 2 ) ( 1 3 2 )
1 3 ( 1 4 3 ) ( 1 8 3 )
1 4 ( 1 3 4 ) ( 1 12 4 )
1 5 ( 1 4 5 ) ( 1 2 5 )
1 6 ( 1 3 6 ) ( 1 14 6 )
1 8 ( 1 6 8 ) ( 1 4 5 8 )
1 9 ( 1 5 9 ) ( 1 12 9 )
1 10 ( 1 6 10 ) ( 1 12 10 )
1 11 ( 1 3 11 ) ( 1 16 11 )
1 12 ( 1 3 12 ) ( 1 5 12 )
1 13 ( 1 8 13 ) ( 1 16 13 )
1 14 ( 1 5 14 ) ( 1 8 14 )
1 16 ( 1 3 16 ) ( 1 8 16 )
1 17 ( 1 4 17 ) ( 1 6 17 )
2 3 ( 2 8 3 ) ( 2 12 3 )
2 4 ( 2 12 4 ) ( 2 6 4 )
2 5 ( 2 9 14 5 ) ( 2 12 5 )
2 6 ( 2 14 6 ) ( 2 11 6 )
2 8 ( 2 11 8 ) ( 2 12 8 )
2 9 ( 2 5 9 ) ( 2 11 16 14 9 )
2 10 ( 2 11 10 ) ( 2 9 14 10 )
2 11 ( 2 14 9 11 ) ( 2 8 11 )
2 12 ( 2 8 12 ) ( 2 3 12 )
2 13 ( 2 16 13 ) ( 2 11 13 )
2 14 ( 2 16 14 ) ( 2 5 14 )
2 16 ( 2 14 16 ) ( 2 8 16 )
2 17 ( 2 13 17 ) ( 2 11 17 )
3 4 ( 3 8 4 ) ( 3 1 4 )
3 5 ( 3 16 5 ) ( 3 14 5 )
3 6 ( 3 12 6 ) ( 3 8 6 )
3 8 ( 3 6 8 ) ( 3 5 8 )
3 9 ( 3 14 9 ) ( 3 11 9 )
3 10 ( 3 5 10 ) ( 3 12 10 )
3 11 ( 3 2 11 ) ( 3 16 11 )
3 12 ( 3 8 12 ) ( 3 2 12 )
3 13 ( 3 2 13 ) ( 3 12 13 )
3 14 ( 3 8 14 ) ( 3 5 14 )
3 16 ( 3 5 16 ) ( 3 9 16 )
3 17 ( 3 16 17 ) ( 3 8 13 17 )
4 5 ( 4 12 5 ) ( 4 6 5 )
4 6 ( 4 3 12 6 ) ( 4 14 6 )
4 8 ( 4 12 8 ) ( 4 3 8 )
4 9 ( 4 12 9 ) ( 4 6 9 )
4 10 ( 4 5 10 ) ( 4 8 10 )
4 11 ( 4 8 11 ) ( 4 5 11 )
4 12 ( 4 8 12 ) ( 4 1 6 12 )
4 13 ( 4 3 13 ) ( 4 8 13 )
4 14 ( 4 8 5 14 ) ( 4 9 14 )
4 16 ( 4 12 16 ) ( 4 5 16 )
5 6 ( 5 8 6 ) ( 5 10 6 )
5 8 ( 5 6 12 8 ) ( 5 14 8 )
5 9 ( 5 14 9 ) ( 5 2 9 )
5 10 ( 5 14 10 ) ( 5 12 10 )
5 11 ( 5 16 11 ) ( 5 12 11 )
5 12 ( 5 8 6 12 ) ( 5 9 12 )
5 13 ( 5 2 13 ) ( 5 14 13 )
5 14 ( 5 9 14 ) ( 5 2 14 )
5 16 ( 5 2 16 ) ( 5 8 16 )
6 8 ( 6 5 8 ) ( 6 3 8 )
6 9 ( 6 14 9 ) ( 6 5 2 9 )
6 10 ( 6 5 10 ) ( 6 14 10 )
6 11 ( 6 12 11 ) ( 6 9 11 )
6 12 ( 6 14 12 ) ( 6 9 12 )
6 13 ( 6 5 13 ) ( 6 14 13 )
6 14 ( 6 5 14 ) ( 6 9 14 )
6 16 ( 6 12 16 ) ( 6 2 16 )
8 9 ( 8 14 9 ) ( 8 2 9 )
8 10 ( 8 6 10 ) ( 8 5 12 10 )
8 11 ( 8 9 11 ) ( 8 2 16 11 )
8 12 ( 8 16 12 ) ( 8 2 12 )
8 13 ( 8 16 13 ) ( 8 3 13 )
8 14 ( 8 6 14 ) ( 8 9 14 )
8 16 ( 8 2 16 ) ( 8 12 16 )
8 17 ( 8 16 17 ) ( 8 2 17 )
9 10 ( 9 6 10 ) ( 9 12 10 )
9 11 ( 9 14 11 ) ( 9 2 11 )
9 12 ( 9 5 12 ) ( 9 14 12 )
9 13 ( 9 2 13 ) ( 9 16 13 )
9 14 ( 9 5 14 ) ( 9 2 14 )
9 16 ( 9 2 16 ) ( 9 11 16 )
10 11 ( 10 9 11 ) ( 10 14 2 11 )
10 12 ( 10 6 12 ) ( 10 5 12 )
10 14 ( 10 5 14 ) ( 10 11 14 )
10 16 ( 10 14 16 ) ( 10 5 16 )
11 12 ( 11 2 12 ) ( 11 9 12 )
11 13 ( 11 2 13 ) ( 11 16 13 )
11 14 ( 11 5 14 ) ( 11 2 9 14 )
11 16 ( 11 5 16 ) ( 11 2 14 16 )
12 13 ( 12 8 13 ) ( 12 2 13 )
12 14 ( 12 5 14 ) ( 12 6 14 )
12 16 ( 12 5 16 ) ( 12 6 16 )
13 14 ( 13 2 14 ) ( 13 8 14 )
13 16 ( 13 2 16 ) ( 13 9 16 )
13 17 ( 13 2 17 ) ( 13 11 17 )
14 16 ( 14 2 16 ) ( 14 5 16 )

EOF