DIMENSIONS
45 sommetsG2
40 sommetsG1
60 dem

SOMMETS
0  London  C  51.52  -0.1
1  Glasgow  C  55.87  -4.27
2  Birmingham  C  52.48  -1.91
3  Liverpool  C  53.42  -2.99
4  Edinburgh  C  55.95  -3.22
5  Sheffield  C  53.39  -1.48
6  Leeds  C  53.81  -1.55
7  Bristol  C  51.46  -2.6
8  Manchester  T  53.48  -2.25
9  Leicester  C  52.64  -1.13
10  Kingston-upon-hull  C  53.75  -0.36
11  Coventry  C  52.42  -1.5
12  Bradford  C  53.8  -1.75
13  Cardiff  C  51.48  -3.18
14  Nottingham  C  52.97  -1.18
15  Stoke-on-trent  C  53.01  -2.19
16  Wolverhampton  C  52.59  -2.15
17  Plymouth  T  50.38  -4.16
18  Belfast  C  54.6  -5.93
19  Derby  C  52.92  -1.5
20  Reading  C  51.45  -0.98
21  Southampton  C  50.91  -1.41
22  Dudley  C  52.5  -2.08
23  Aberdeen  C  57.15  -2.1
24  Newcastle-upon-tyne  C  55  -1.6
25  Preston  C  53.76  -2.73
26  Luton  C  51.9  -0.44
27  Sunderland  C  54.91  -1.39
28  Portsmouth  C  50.81  -1.09
29  Walsall  C  52.6  -1.97
30  Norwich  C  52.65  1.28
31  Swansea  C  51.63  -3.96
32  Bournemouth  C  50.73  -1.88
33  Southend-on-sea  C  51.55  0.71
34  Swindon  C  51.57  -1.78
35  Dundee  T  56.47  -3
36  Blackpool  C  53.82  -3.06
37  Poole  T  50.72  -1.98
38  Peterborough  C  52.59  -0.25
39  West-bromwich  C  52.53  -1.97
40  Middlesbrough  C  54.58  -1.23
41  Oldbury-smethwick  T  52.51  -2.03
42  Huddersfield  C  53.66  -1.8
43  Bolton  C  53.58  -2.43
44  Stockport  C  53.42  -2.17

DEMANDES
0 1 ( 0 19 1 ) ( 0 44 1 )
0 2 ( 0 26 2 ) ( 0 39 2 )
0 3 ( 0 11 3 ) ( 0 15 3 )
0 4 ( 0 12 4 ) ( 0 14 4 )
0 5 ( 0 14 5 ) ( 0 26 9 5 )
0 6 ( 0 5 6 ) ( 0 38 6 )
0 7 ( 0 34 7 ) ( 0 28 7 )
0 9 ( 0 26 9 ) ( 0 11 9 )
0 10 ( 0 38 10 ) ( 0 26 9 10 )
0 11 ( 0 19 11 ) ( 0 9 14 11 )
0 12 ( 0 14 12 ) ( 0 5 12 )
0 13 ( 0 34 7 13 ) ( 0 26 13 )
0 14 ( 0 26 9 14 ) ( 0 11 14 )
0 15 ( 0 11 15 ) ( 0 26 15 )
0 16 ( 0 11 16 ) ( 0 26 16 )
0 18 ( 0 16 18 ) ( 0 22 18 )
0 19 ( 0 26 19 ) ( 0 11 19 )
0 20 ( 0 26 20 ) ( 0 28 21 20 )
0 21 ( 0 28 21 ) ( 0 26 21 )
0 22 ( 0 2 22 ) ( 0 39 22 )
0 23 ( 0 40 23 ) ( 0 27 23 )
0 24 ( 0 26 24 ) ( 0 40 24 )
0 25 ( 0 26 25 ) ( 0 44 25 )
0 26 ( 0 33 26 ) ( 0 21 26 )
0 27 ( 0 38 27 ) ( 0 26 40 27 )
0 28 ( 0 20 28 ) ( 0 34 28 )
0 29 ( 0 11 29 ) ( 0 2 39 29 )
0 30 ( 0 38 30 ) ( 0 20 30 )
0 31 ( 0 20 31 ) ( 0 28 31 )
0 32 ( 0 20 32 ) ( 0 26 32 )
0 33 ( 0 38 33 ) ( 0 20 33 )
0 34 ( 0 26 34 ) ( 0 21 34 )
0 36 ( 0 11 36 ) ( 0 9 36 )
0 38 ( 0 26 38 ) ( 0 20 38 )
0 39 ( 0 2 39 ) ( 0 11 39 )
0 40 ( 0 9 40 ) ( 0 6 40 )
0 42 ( 0 14 42 ) ( 0 9 42 )
0 43 ( 0 44 43 ) ( 0 9 43 )
0 44 ( 0 9 44 ) ( 0 15 44 )
1 2 ( 1 29 2 ) ( 1 15 2 )
1 3 ( 1 43 3 ) ( 1 4 3 )
1 4 ( 1 23 4 ) ( 1 36 4 )
2 3 ( 2 39 3 ) ( 2 44 3 )
2 5 ( 2 29 5 ) ( 2 19 5 )
2 6 ( 2 39 6 ) ( 2 5 6 )
2 7 ( 2 22 7 ) ( 2 29 39 7 )
2 9 ( 2 22 9 ) ( 2 29 39 5 9 )
2 11 ( 2 29 11 ) ( 2 16 11 )
2 12 ( 2 42 12 ) ( 2 39 29 12 )
2 13 ( 2 29 13 ) ( 2 7 13 )
2 14 ( 2 19 14 ) ( 2 29 14 )
2 15 ( 2 29 15 ) ( 2 39 15 )
2 16 ( 2 11 16 ) ( 2 15 22 16 )
2 19 ( 2 29 19 ) ( 2 39 22 19 )
2 20 ( 2 39 20 ) ( 2 22 20 )
2 22 ( 2 39 22 ) ( 2 15 16 22 )
2 29 ( 2 11 29 ) ( 2 15 29 )
2 34 ( 2 22 34 ) ( 2 29 34 )
2 39 ( 2 29 39 ) ( 2 16 22 39 )
2 44 ( 2 39 44 ) ( 2 15 44 )

EOF