DIMENSIONS
80 sommetsG2
75 sommetsG1
85 dem

SOMMETS
0  London  C  51.52  -0.1
1  Glasgow  C  55.87  -4.27
2  Birmingham  C  52.48  -1.91
3  Liverpool  C  53.42  -2.99
4  Edinburgh  C  55.95  -3.22
5  Sheffield  C  53.39  -1.48
6  Leeds  C  53.81  -1.55
7  Bristol  C  51.46  -2.6
8  Manchester  C  53.48  -2.25
9  Leicester  C  52.64  -1.13
10  Kingston-upon-hull  C  53.75  -0.36
11  Coventry  C  52.42  -1.5
12  Bradford  C  53.8  -1.75
13  Cardiff  C  51.48  -3.18
14  Nottingham  C  52.97  -1.18
15  Stoke-on-trent  C  53.01  -2.19
16  Wolverhampton  C  52.59  -2.15
17  Plymouth  C  50.38  -4.16
18  Belfast  C  54.6  -5.93
19  Derby  C  52.92  -1.5
20  Reading  C  51.45  -0.98
21  Southampton  C  50.91  -1.41
22  Dudley  C  52.5  -2.08
23  Aberdeen  C  57.15  -2.1
24  Newcastle-upon-tyne  C  55  -1.6
25  Preston  C  53.76  -2.73
26  Luton  C  51.9  -0.44
27  Sunderland  C  54.91  -1.39
28  Portsmouth  C  50.81  -1.09
29  Walsall  C  52.6  -1.97
30  Norwich  C  52.65  1.28
31  Swansea  T  51.63  -3.96
32  Bournemouth  C  50.73  -1.88
33  Southend-on-sea  C  51.55  0.71
34  Swindon  C  51.57  -1.78
35  Dundee  C  56.47  -3
36  Blackpool  C  53.82  -3.06
37  Poole  C  50.72  -1.98
38  Peterborough  C  52.59  -0.25
39  West-bromwich  C  52.53  -1.97
40  Middlesbrough  C  54.58  -1.23
41  Oldbury-smethwick  C  52.51  -2.03
42  Huddersfield  C  53.66  -1.8
43  Bolton  C  53.58  -2.43
44  Stockport  C  53.42  -2.17
45  Ipswich  C  52.07  1.14
46  Motherwell  C  55.79  -4
47  York  C  53.96  -1.11
48  Oxford  C  51.76  -1.26
49  Rotherham  C  53.44  -1.35
50  Brighton  C  50.83  -0.15
51  Gloucester  C  51.86  -2.24
52  Watford  C  51.66  -0.4
53  Newport  C  51.59  -3
54  Slough  C  51.52  -0.61
55  Basildon  C  51.57  0.46
56  Sutton-coldfield  C  52.56  -1.84
57  Blackburn  C  53.75  -2.49
58  Saint-helens  C  53.46  -2.75
59  Oldham  C  53.55  -2.12
60  Woking-byfleet  C  51.32  -0.57
61  Northampton  C  52.24  -0.9
62  Chelmsford  T  51.73  0.47
63  Colchester  T  51.88  0.9
64  Cambridge  C  52.21  0.13
65  Eastbourne  C  50.78  0.27
66  Worthing  C  50.82  -0.38
67  Exeter  T  50.73  -3.54
68  Gillingham  C  51.39  0.55
69  Solihull  C  52.42  -1.78
70  Halifax  C  53.73  -1.88
71  Cheltenham  C  51.9  -2.09
72  Maidstone  T  51.28  0.51
73  Rochdale  C  53.62  -2.16
74  Crawley  C  51.13  -0.2
75  Southport  C  53.66  -3.01
76  Falkirk  C  56.02  -3.79
77  Birkenhead  C  53.39  -3.04
78  Grimsby  C  53.57  -0.11
79  Darlington  C  54.52  -1.57

DEMANDES
0 1 ( 0 26 1 ) ( 0 73 1 )
0 2 ( 0 69 2 ) ( 0 26 2 )
0 3 ( 0 56 3 ) ( 0 15 3 )
0 4 ( 0 14 4 ) ( 0 49 4 )
0 5 ( 0 26 5 ) ( 0 52 5 )
0 6 ( 0 5 6 ) ( 0 52 26 6 )
0 7 ( 0 54 48 7 ) ( 0 51 7 )
0 8 ( 0 26 61 8 ) ( 0 19 8 )
0 9 ( 0 26 9 ) ( 0 61 9 )
0 10 ( 0 26 10 ) ( 0 61 10 )
0 11 ( 0 52 11 ) ( 0 26 11 )
0 12 ( 0 5 12 ) ( 0 61 9 12 )
0 13 ( 0 7 13 ) ( 0 60 13 )
0 14 ( 0 9 14 ) ( 0 64 14 )
0 15 ( 0 11 15 ) ( 0 61 15 )
0 16 ( 0 52 16 ) ( 0 69 16 )
0 17 ( 0 37 17 ) ( 0 32 17 )
0 18 ( 0 69 2 18 ) ( 0 22 18 )
0 19 ( 0 26 19 ) ( 0 61 19 )
0 20 ( 0 52 20 ) ( 0 26 60 20 )
0 21 ( 0 54 21 ) ( 0 28 21 )
0 22 ( 0 69 22 ) ( 0 2 22 )
0 23 ( 0 47 40 23 ) ( 0 24 23 )
0 24 ( 0 40 24 ) ( 0 38 24 )
0 25 ( 0 61 25 ) ( 0 44 25 )
0 26 ( 0 52 26 ) ( 0 60 26 )
0 27 ( 0 40 27 ) ( 0 47 27 )
0 28 ( 0 74 28 ) ( 0 66 28 )
0 29 ( 0 11 29 ) ( 0 26 29 )
0 30 ( 0 55 30 ) ( 0 45 30 )
0 32 ( 0 21 32 ) ( 0 54 32 )
0 33 ( 0 68 33 ) ( 0 74 55 33 )
0 34 ( 0 54 34 ) ( 0 60 34 )
0 35 ( 0 26 35 ) ( 0 5 35 )
0 36 ( 0 61 36 ) ( 0 26 36 )
0 37 ( 0 60 37 ) ( 0 28 37 )
0 38 ( 0 64 38 ) ( 0 52 38 )
0 39 ( 0 11 39 ) ( 0 56 39 )
0 40 ( 0 47 40 ) ( 0 38 40 )
0 41 ( 0 2 41 ) ( 0 39 41 )
0 42 ( 0 26 42 ) ( 0 9 42 )
0 43 ( 0 44 43 ) ( 0 19 43 )
0 44 ( 0 19 44 ) ( 0 61 9 44 )
0 45 ( 0 55 45 ) ( 0 33 45 )
0 46 ( 0 9 46 ) ( 0 26 46 )
0 47 ( 0 52 47 ) ( 0 26 14 47 )
0 48 ( 0 60 48 ) ( 0 74 48 )
0 49 ( 0 26 49 ) ( 0 52 14 49 )
0 50 ( 0 74 50 ) ( 0 66 50 )
0 51 ( 0 54 51 ) ( 0 20 51 )
0 52 ( 0 26 52 ) ( 0 60 52 )
0 53 ( 0 34 53 ) ( 0 54 53 )
0 54 ( 0 52 54 ) ( 0 26 54 )
0 55 ( 0 68 55 ) ( 0 33 55 )
0 56 ( 0 52 56 ) ( 0 11 56 )
0 57 ( 0 19 44 57 ) ( 0 9 57 )
0 58 ( 0 11 58 ) ( 0 52 58 )
0 59 ( 0 19 59 ) ( 0 26 59 )
0 60 ( 0 74 60 ) ( 0 55 60 )
0 61 ( 0 20 61 ) ( 0 74 61 )
0 64 ( 0 55 64 ) ( 0 54 64 )
0 65 ( 0 74 65 ) ( 0 50 65 )
0 66 ( 0 74 66 ) ( 0 50 66 )
0 68 ( 0 55 68 ) ( 0 33 68 )
0 69 ( 0 52 69 ) ( 0 11 69 )
0 70 ( 0 26 70 ) ( 0 14 70 )
0 71 ( 0 52 71 ) ( 0 60 71 )
0 73 ( 0 19 73 ) ( 0 9 73 )
0 74 ( 0 50 74 ) ( 0 52 60 74 )
0 75 ( 0 15 75 ) ( 0 11 75 )
0 77 ( 0 56 77 ) ( 0 69 77 )
0 78 ( 0 64 78 ) ( 0 10 78 )
0 79 ( 0 47 79 ) ( 0 14 79 )
1 4 ( 1 76 4 ) ( 1 24 4 )
2 3 ( 2 29 3 ) ( 2 41 3 )
2 5 ( 2 29 5 ) ( 2 19 5 )
2 6 ( 2 39 6 ) ( 2 49 6 )
2 7 ( 2 51 7 ) ( 2 71 7 )
2 8 ( 2 56 44 8 ) ( 2 22 8 )
2 9 ( 2 56 9 ) ( 2 29 9 )
2 11 ( 2 22 41 11 ) ( 2 56 41 69 11 )
2 14 ( 2 56 14 ) ( 2 69 14 )
2 15 ( 2 39 15 ) ( 2 16 15 )
2 16 ( 2 22 16 ) ( 2 29 16 )
2 19 ( 2 56 19 ) ( 2 39 19 )

EOF