DIMENSIONS
90 sommetsG2
85 sommetsG1
75 dem

SOMMETS
0  London  C  51.52  -0.1
1  Glasgow  C  55.87  -4.27
2  Birmingham  C  52.48  -1.91
3  Liverpool  C  53.42  -2.99
4  Edinburgh  C  55.95  -3.22
5  Sheffield  C  53.39  -1.48
6  Leeds  C  53.81  -1.55
7  Bristol  C  51.46  -2.6
8  Manchester  C  53.48  -2.25
9  Leicester  C  52.64  -1.13
10  Kingston-upon-hull  C  53.75  -0.36
11  Coventry  C  52.42  -1.5
12  Bradford  C  53.8  -1.75
13  Cardiff  C  51.48  -3.18
14  Nottingham  C  52.97  -1.18
15  Stoke-on-trent  C  53.01  -2.19
16  Wolverhampton  C  52.59  -2.15
17  Plymouth  C  50.38  -4.16
18  Belfast  C  54.6  -5.93
19  Derby  C  52.92  -1.5
20  Reading  C  51.45  -0.98
21  Southampton  C  50.91  -1.41
22  Dudley  C  52.5  -2.08
23  Aberdeen  C  57.15  -2.1
24  Newcastle-upon-tyne  C  55  -1.6
25  Preston  C  53.76  -2.73
26  Luton  C  51.9  -0.44
27  Sunderland  C  54.91  -1.39
28  Portsmouth  C  50.81  -1.09
29  Walsall  C  52.6  -1.97
30  Norwich  C  52.65  1.28
31  Swansea  C  51.63  -3.96
32  Bournemouth  C  50.73  -1.88
33  Southend-on-sea  C  51.55  0.71
34  Swindon  C  51.57  -1.78
35  Dundee  T  56.47  -3
36  Blackpool  C  53.82  -3.06
37  Poole  C  50.72  -1.98
38  Peterborough  C  52.59  -0.25
39  West-bromwich  C  52.53  -1.97
40  Middlesbrough  C  54.58  -1.23
41  Oldbury-smethwick  C  52.51  -2.03
42  Huddersfield  C  53.66  -1.8
43  Bolton  C  53.58  -2.43
44  Stockport  C  53.42  -2.17
45  Ipswich  C  52.07  1.14
46  Motherwell  C  55.79  -4
47  York  C  53.96  -1.11
48  Oxford  C  51.76  -1.26
49  Rotherham  C  53.44  -1.35
50  Brighton  C  50.83  -0.15
51  Gloucester  C  51.86  -2.24
52  Watford  C  51.66  -0.4
53  Newport  C  51.59  -3
54  Slough  C  51.52  -0.61
55  Basildon  C  51.57  0.46
56  Sutton-coldfield  C  52.56  -1.84
57  Blackburn  C  53.75  -2.49
58  Saint-helens  C  53.46  -2.75
59  Oldham  C  53.55  -2.12
60  Woking-byfleet  C  51.32  -0.57
61  Northampton  C  52.24  -0.9
62  Chelmsford  C  51.73  0.47
63  Colchester  C  51.88  0.9
64  Cambridge  C  52.21  0.13
65  Eastbourne  C  50.78  0.27
66  Worthing  C  50.82  -0.38
67  Exeter  C  50.73  -3.54
68  Gillingham  C  51.39  0.55
69  Solihull  C  52.42  -1.78
70  Halifax  T  53.73  -1.88
71  Cheltenham  T  51.9  -2.09
72  Maidstone  C  51.28  0.51
73  Rochdale  C  53.62  -2.16
74  Crawley  C  51.13  -0.2
75  Southport  T  53.66  -3.01
76  Falkirk  C  56.02  -3.79
77  Birkenhead  C  53.39  -3.04
78  Grimsby  C  53.57  -0.11
79  Darlington  C  54.52  -1.57
80  Worcester  C  52.2  -2.24
81  Bath  C  51.39  -2.38
82  Hartlepool  T  54.69  -1.22
83  Wigan  C  53.55  -2.64
84  Hastings  C  50.86  0.57
85  Warrington  C  53.39  -2.6
86  Londonderry  C  55  -7.33
87  South-shields  C  55  -1.43
88  Stockton-on-tees  C  54.57  -1.32
89  Saint-albans  C  51.75  -0.34

DEMANDES
0 1 ( 0 89 1 ) ( 0 26 1 )
0 2 ( 0 69 2 ) ( 0 52 11 2 )
0 3 ( 0 56 3 ) ( 0 15 3 )
0 4 ( 0 14 4 ) ( 0 5 12 4 )
0 5 ( 0 14 5 ) ( 0 89 5 )
0 6 ( 0 49 6 ) ( 0 9 6 )
0 7 ( 0 34 7 ) ( 0 52 34 81 7 )
0 8 ( 0 89 8 ) ( 0 44 8 )
0 9 ( 0 26 9 ) ( 0 52 9 )
0 10 ( 0 89 10 ) ( 0 64 10 )
0 11 ( 0 52 11 ) ( 0 89 11 )
0 12 ( 0 26 12 ) ( 0 89 12 )
0 13 ( 0 7 13 ) ( 0 81 13 )
0 14 ( 0 89 14 ) ( 0 9 14 )
0 15 ( 0 89 15 ) ( 0 61 15 )
0 16 ( 0 2 16 ) ( 0 69 16 )
0 17 ( 0 20 17 ) ( 0 67 17 )
0 18 ( 0 69 18 ) ( 0 52 39 18 )
0 19 ( 0 89 19 ) ( 0 9 19 )
0 20 ( 0 60 20 ) ( 0 89 20 )
0 21 ( 0 52 21 ) ( 0 66 28 21 )
0 22 ( 0 69 22 ) ( 0 89 2 22 )
0 23 ( 0 27 23 ) ( 0 88 87 23 )
0 24 ( 0 47 24 ) ( 0 88 24 )
0 25 ( 0 89 25 ) ( 0 26 25 )
0 26 ( 0 52 26 ) ( 0 54 89 26 )
0 27 ( 0 40 27 ) ( 0 88 27 )
0 28 ( 0 74 28 ) ( 0 54 28 )
0 29 ( 0 52 29 ) ( 0 56 29 )
0 30 ( 0 62 30 ) ( 0 64 30 )
0 31 ( 0 34 31 ) ( 0 54 31 )
0 32 ( 0 28 32 ) ( 0 20 32 )
0 33 ( 0 55 33 ) ( 0 62 33 )
0 34 ( 0 52 34 ) ( 0 48 34 )
0 36 ( 0 89 36 ) ( 0 83 36 )
0 37 ( 0 21 37 ) ( 0 54 37 )
0 38 ( 0 89 38 ) ( 0 26 38 )
0 39 ( 0 69 39 ) ( 0 52 39 )
0 40 ( 0 47 40 ) ( 0 89 40 )
0 41 ( 0 52 41 ) ( 0 69 41 )
0 42 ( 0 9 42 ) ( 0 5 42 )
0 43 ( 0 61 43 ) ( 0 89 43 )
0 44 ( 0 61 44 ) ( 0 89 44 )
0 45 ( 0 68 45 ) ( 0 72 45 )
0 47 ( 0 89 47 ) ( 0 26 47 )
0 48 ( 0 89 48 ) ( 0 20 48 )
0 49 ( 0 52 49 ) ( 0 9 49 )
0 50 ( 0 74 50 ) ( 0 60 50 )
0 51 ( 0 54 51 ) ( 0 52 51 )
0 52 ( 0 89 52 ) ( 0 74 52 )
0 53 ( 0 54 34 53 ) ( 0 20 53 )
0 54 ( 0 52 54 ) ( 0 89 54 )
0 55 ( 0 62 55 ) ( 0 68 55 )
0 56 ( 0 52 56 ) ( 0 89 56 )
0 57 ( 0 89 61 57 ) ( 0 8 57 )
0 58 ( 0 89 58 ) ( 0 61 58 )
0 59 ( 0 19 59 ) ( 0 61 59 )
0 60 ( 0 52 54 60 ) ( 0 20 60 )
0 61 ( 0 89 61 ) ( 0 60 54 61 )
0 62 ( 0 55 62 ) ( 0 72 62 )
0 63 ( 0 62 63 ) ( 0 55 68 33 63 )
0 64 ( 0 52 64 ) ( 0 62 64 )
0 65 ( 0 84 65 ) ( 0 55 65 )
0 66 ( 0 50 66 ) ( 0 60 66 )
0 68 ( 0 55 68 ) ( 0 72 68 )
0 69 ( 0 52 69 ) ( 0 89 69 )
0 72 ( 0 62 72 ) ( 0 74 72 )
0 73 ( 0 89 73 ) ( 0 19 73 )
0 74 ( 0 60 74 ) ( 0 89 74 )
0 78 ( 0 38 78 ) ( 0 89 78 )
0 80 ( 0 52 80 ) ( 0 26 80 )
0 81 ( 0 20 81 ) ( 0 54 34 81 )
0 84 ( 0 74 84 ) ( 0 50 84 )
0 89 ( 0 74 89 ) ( 0 55 89 )
1 4 ( 1 76 4 ) ( 1 23 4 )

EOF