DIMENSIONS
100 sommetsG2
95 sommetsG1
110 dem

SOMMETS
0  New-york  C  40.67  -73.94
1  Los-angeles  C  34.11  -118.41
2  Chicago  C  41.84  -87.68
3  Houston  C  29.77  -95.39
4  Philadelphia  C  40.01  -75.13
5  Phoenix  C  33.54  -112.07
6  San-diego  C  32.81  -117.14
7  San-antonio  C  29.46  -98.51
8  Dallas  C  32.79  -96.77
9  Detroit  C  42.38  -83.1
10  San-jose  C  37.3  -121.85
11  Jacksonville  C  30.33  -81.66
12  Indianapolis  C  39.78  -86.15
13  San-francisco  C  37.77  -122.45
14  Columbus  C  39.99  -82.99
15  Austin  C  30.31  -97.75
16  Memphis  C  35.11  -90.01
17  Baltimore  C  39.3  -76.61
18  Fort-worth  C  32.75  -97.34
19  El-paso  C  31.85  -106.44
20  Charlotte  C  35.2  -80.83
21  Milwaukee  C  43.06  -87.97
22  Boston  C  42.34  -71.02
23  Seattle  C  47.62  -122.35
24  Denver  C  39.77  -104.87
25  Washington  C  38.91  -77.02
26  Nashville  C  36.17  -86.78
27  Portland  C  45.54  -122.66
28  Las-vegas  C  36.21  -115.22
29  Oklahoma-city  C  35.47  -97.51
30  Tucson  C  32.2  -110.89
31  Long-beach  C  33.79  -118.16
32  Albuquerque  C  35.12  -106.62
33  New-orleans  C  30.07  -89.93
34  Cleveland  C  41.48  -81.68
35  Fresno  C  36.78  -119.79
36  Sacramento  C  38.57  -121.47
37  Virginia-beach  C  36.74  -76.04
38  Kansas-city  C  39.12  -94.55
39  Mesa  T  33.42  -111.74
40  Atlanta  C  33.76  -84.42
41  Omaha  C  41.26  -96.01
42  Oakland  C  37.77  -122.22
43  Tulsa  C  36.13  -95.92
44  Honolulu  C  21.32  -157.8
45  Miami  C  25.78  -80.21
46  Minneapolis  C  44.96  -93.27
47  Colorado-springs  C  38.86  -104.76
48  Arlington  C  32.69  -97.13
49  Wichita  C  37.69  -97.34
50  Santa-ana  C  33.74  -117.88
51  Anaheim  C  33.84  -117.87
52  Saint-louis  C  38.64  -90.24
53  Raleigh  C  35.82  -78.66
54  Pittsburgh  C  40.44  -79.98
55  Tampa  C  27.96  -82.48
56  Cincinnati  C  39.14  -84.51
57  Toledo  C  41.66  -83.58
58  Aurora  C  39.71  -104.73
59  Riverside  C  33.94  -117.4
60  Buffalo  C  42.89  -78.86
61  Corpus-christi  C  27.71  -97.29
62  Newark  C  40.72  -74.17
63  Saint-paul  C  44.95  -93.1
64  Bakersfield  C  35.36  -119
65  Stockton  C  37.97  -121.31
66  Anchorage  C  61.18  -149.19
67  Lexington-fayette  C  38.04  -84.46
68  Saint-petersburg  C  27.76  -82.64
69  Louisville  C  38.22  -85.74
70  Plano  C  33.05  -96.75
71  Norfolk  C  36.92  -76.24
72  Jersey-city  C  40.71  -74.06
73  Lincoln  C  40.82  -96.69
74  Glendale  C  33.58  -112.2
75  Birmingham  C  33.53  -86.8
76  Greensboro  C  36.08  -79.83
77  Hialeah  C  25.86  -80.3
78  Fort-wayne  T  41.07  -85.14
79  Baton-rouge  T  30.45  -91.13
80  Henderson  C  36.03  -115
81  Scottsdale  C  33.69  -111.87
82  Madison  C  43.08  -89.39
83  Chandler  C  33.3  -111.87
84  Garland  T  32.91  -96.63
85  Chesapeake  C  36.68  -76.31
86  Rochester  C  43.17  -77.62
87  Akron  C  41.08  -81.52
88  Modesto  C  37.66  -120.99
89  Lubbock  C  33.58  -101.88
90  Paradise  C  36.08  -115.13
91  Orlando  T  28.5  -81.37
92  Fremont  C  37.53  -122
93  Chula-vista  C  32.63  -117.04
94  Laredo  C  27.53  -99.49
95  Glendale  C  34.18  -118.25
96  Durham  C  35.98  -78.91
97  Montgomery  C  32.35  -86.28
98  San-bernardino  C  34.14  -117.29
99  Reno  C  39.54  -119.82

DEMANDES
0 1 ( 0 98 1 ) ( 0 49 1 )
0 2 ( 0 72 2 ) ( 0 87 2 )
0 3 ( 0 25 3 ) ( 0 75 3 )
0 4 ( 0 17 4 ) ( 0 62 25 4 )
0 5 ( 0 62 5 ) ( 0 69 81 5 )
0 6 ( 0 69 6 ) ( 0 72 6 )
0 7 ( 0 17 7 ) ( 0 4 7 )
0 8 ( 0 17 8 ) ( 0 69 8 )
0 9 ( 0 62 9 ) ( 0 87 9 )
0 11 ( 0 71 11 ) ( 0 4 11 )
0 12 ( 0 4 12 ) ( 0 87 12 )
0 14 ( 0 72 14 ) ( 0 87 14 )
0 15 ( 0 4 17 15 ) ( 0 25 15 )
0 16 ( 0 4 26 16 ) ( 0 72 16 )
0 17 ( 0 4 17 ) ( 0 62 17 )
0 18 ( 0 16 18 ) ( 0 26 18 )
0 20 ( 0 4 20 ) ( 0 17 20 )
0 21 ( 0 54 21 ) ( 0 60 21 )
0 22 ( 0 62 22 ) ( 0 4 22 )
0 25 ( 0 4 25 ) ( 0 72 25 )
0 26 ( 0 72 26 ) ( 0 17 26 )
0 33 ( 0 97 33 ) ( 0 4 33 )
0 34 ( 0 62 34 ) ( 0 72 34 )
0 37 ( 0 72 37 ) ( 0 62 37 )
0 40 ( 0 4 40 ) ( 0 25 40 )
0 45 ( 0 71 45 ) ( 0 77 45 )
0 53 ( 0 72 53 ) ( 0 62 53 )
0 54 ( 0 62 54 ) ( 0 4 54 )
0 55 ( 0 72 55 ) ( 0 11 55 )
0 56 ( 0 72 56 ) ( 0 54 56 )
0 57 ( 0 34 57 ) ( 0 62 54 57 )
0 60 ( 0 4 60 ) ( 0 37 60 )
0 62 ( 0 72 4 62 ) ( 0 22 62 )
0 67 ( 0 62 67 ) ( 0 4 67 )
0 69 ( 0 62 67 69 ) ( 0 17 69 )
0 71 ( 0 37 71 ) ( 0 85 71 )
0 72 ( 0 71 4 72 ) ( 0 85 17 72 )
0 76 ( 0 25 76 ) ( 0 72 62 76 )
0 85 ( 0 37 85 ) ( 0 62 85 )
0 86 ( 0 72 86 ) ( 0 62 86 )
0 87 ( 0 54 87 ) ( 0 4 87 )
0 96 ( 0 4 96 ) ( 0 62 96 )
1 2 ( 1 98 2 ) ( 1 59 2 )
1 3 ( 1 19 3 ) ( 1 59 3 )
1 5 ( 1 59 5 ) ( 1 98 5 )
1 6 ( 1 50 6 ) ( 1 93 6 )
1 10 ( 1 88 10 ) ( 1 95 31 10 )
1 13 ( 1 10 13 ) ( 1 92 13 )
1 28 ( 1 98 28 ) ( 1 80 28 )
1 30 ( 1 59 30 ) ( 1 51 30 )
1 31 ( 1 95 31 ) ( 1 50 31 )
1 35 ( 1 95 64 35 ) ( 1 31 35 )
1 36 ( 1 65 36 ) ( 1 35 36 )
1 42 ( 1 92 42 ) ( 1 64 42 )
1 50 ( 1 31 50 ) ( 1 51 50 )
1 51 ( 1 95 51 ) ( 1 31 51 )
1 59 ( 1 95 59 ) ( 1 50 59 )
1 64 ( 1 95 64 ) ( 1 50 64 )
1 65 ( 1 88 65 ) ( 1 35 65 )
1 80 ( 1 90 80 ) ( 1 98 80 )
1 88 ( 1 95 64 88 ) ( 1 10 88 )
1 90 ( 1 95 90 ) ( 1 28 90 )
1 93 ( 1 31 93 ) ( 1 51 93 )
1 95 ( 1 50 95 ) ( 1 98 95 )
1 98 ( 1 95 59 98 ) ( 1 50 31 98 )
2 3 ( 2 52 3 ) ( 2 16 3 )
2 4 ( 2 34 4 ) ( 2 9 4 )
2 8 ( 2 70 8 ) ( 2 18 8 )
2 9 ( 2 57 9 ) ( 2 87 9 )
2 12 ( 2 69 12 ) ( 2 56 12 )
2 14 ( 2 12 14 ) ( 2 57 14 )
2 16 ( 2 69 16 ) ( 2 82 16 )
2 21 ( 2 12 21 ) ( 2 57 21 )
2 26 ( 2 69 56 26 ) ( 2 82 26 )
2 34 ( 2 57 34 ) ( 2 87 34 )
2 52 ( 2 21 52 ) ( 2 82 52 )
2 56 ( 2 67 56 ) ( 2 21 12 56 )
2 57 ( 2 9 57 ) ( 2 12 57 )
2 82 ( 2 12 82 ) ( 2 57 82 )
3 7 ( 3 94 7 ) ( 3 48 15 7 )
3 8 ( 3 48 8 ) ( 3 70 8 )
3 15 ( 3 61 15 ) ( 3 8 15 )
3 18 ( 3 70 18 ) ( 3 15 18 )
4 17 ( 4 25 17 ) ( 4 0 17 )
4 25 ( 4 62 0 25 ) ( 4 37 25 )
4 62 ( 4 72 62 ) ( 4 71 62 )
4 72 ( 4 0 72 ) ( 4 25 72 )
5 6 ( 5 93 6 ) ( 5 81 74 6 )
5 30 ( 5 83 30 ) ( 5 74 30 )
5 74 ( 5 90 74 ) ( 5 28 74 )
5 81 ( 5 30 81 ) ( 5 80 81 )
5 83 ( 5 81 30 83 ) ( 5 80 83 )
6 31 ( 6 51 31 ) ( 6 59 31 )
6 50 ( 6 51 50 ) ( 6 93 50 )
6 51 ( 6 59 51 ) ( 6 93 51 )
6 59 ( 6 93 59 ) ( 6 98 59 )
6 93 ( 6 50 93 ) ( 6 51 59 93 )
7 8 ( 7 3 8 ) ( 7 18 15 8 )
7 15 ( 7 94 15 ) ( 7 48 15 )
8 15 ( 8 48 15 ) ( 8 18 15 )
8 18 ( 8 48 18 ) ( 8 70 18 )
8 48 ( 8 15 48 ) ( 8 18 3 48 )
8 70 ( 8 48 70 ) ( 8 29 70 )
9 57 ( 9 14 87 57 ) ( 9 12 57 )
10 13 ( 10 65 13 ) ( 10 36 13 )
10 36 ( 10 65 36 ) ( 10 42 36 )
10 42 ( 10 92 42 ) ( 10 88 42 )
10 65 ( 10 88 65 ) ( 10 92 42 65 )
13 42 ( 13 10 42 ) ( 13 65 42 )
17 25 ( 17 4 25 ) ( 17 37 25 )

EOF