DIMENSIONS
20 sommetsG2
18 sommetsG1
120 dem

SOMMETS
0  New-york  C  40.67  -73.94
1  Los-angeles  C  34.11  -118.41
2  Chicago  C  41.84  -87.68
3  Houston  C  29.77  -95.39
4  Philadelphia  C  40.01  -75.13
5  Phoenix  C  33.54  -112.07
6  San-diego  C  32.81  -117.14
7  San-antonio  T  29.46  -98.51
8  Dallas  C  32.79  -96.77
9  Detroit  C  42.38  -83.1
10  San-jose  C  37.3  -121.85
11  Jacksonville  C  30.33  -81.66
12  Indianapolis  C  39.78  -86.15
13  San-francisco  C  37.77  -122.45
14  Columbus  C  39.99  -82.99
15  Austin  C  30.31  -97.75
16  Memphis  T  35.11  -90.01
17  Baltimore  C  39.3  -76.61
18  Fort-worth  C  32.75  -97.34
19  El-paso  C  31.85  -106.44

DEMANDES
0 1 ( 0 12 1 ) ( 0 14 5 1 )
0 2 ( 0 4 2 ) ( 0 17 2 )
0 3 ( 0 17 3 ) ( 0 4 3 )
0 4 ( 0 17 14 4 ) ( 0 12 4 )
0 5 ( 0 4 17 5 ) ( 0 19 5 )
0 6 ( 0 5 6 ) ( 0 4 6 )
0 8 ( 0 14 8 ) ( 0 12 8 )
0 9 ( 0 4 9 ) ( 0 17 9 )
0 10 ( 0 12 10 ) ( 0 4 10 )
0 11 ( 0 4 11 ) ( 0 17 11 )
0 12 ( 0 14 12 ) ( 0 4 12 )
0 13 ( 0 14 13 ) ( 0 10 13 )
0 14 ( 0 4 14 ) ( 0 9 14 )
0 15 ( 0 4 15 ) ( 0 17 15 )
0 17 ( 0 4 17 ) ( 0 14 17 )
0 18 ( 0 4 18 ) ( 0 2 18 )
0 19 ( 0 18 19 ) ( 0 8 19 )
1 2 ( 1 6 2 ) ( 1 19 2 )
1 3 ( 1 19 3 ) ( 1 5 15 3 )
1 4 ( 1 14 4 ) ( 1 18 4 )
1 5 ( 1 6 5 ) ( 1 10 5 )
1 6 ( 1 13 6 ) ( 1 10 5 6 )
1 8 ( 1 18 8 ) ( 1 6 8 )
1 9 ( 1 2 9 ) ( 1 5 12 9 )
1 10 ( 1 13 10 ) ( 1 6 10 )
1 11 ( 1 18 11 ) ( 1 19 15 11 )
1 12 ( 1 19 12 ) ( 1 8 12 )
1 13 ( 1 6 13 ) ( 1 10 5 13 )
1 14 ( 1 5 14 ) ( 1 6 14 )
1 15 ( 1 19 15 ) ( 1 5 15 )
1 17 ( 1 5 17 ) ( 1 12 17 )
1 18 ( 1 5 18 ) ( 1 8 18 )
1 19 ( 1 5 19 ) ( 1 6 19 )
2 3 ( 2 8 3 ) ( 2 12 3 )
2 4 ( 2 14 4 ) ( 2 9 4 )
2 5 ( 2 19 5 ) ( 2 18 5 )
2 6 ( 2 18 6 ) ( 2 8 6 )
2 8 ( 2 3 8 ) ( 2 15 8 )
2 9 ( 2 12 9 ) ( 2 14 9 )
2 10 ( 2 18 10 ) ( 2 8 10 )
2 11 ( 2 12 11 ) ( 2 14 9 11 )
2 12 ( 2 14 12 ) ( 2 9 12 )
2 13 ( 2 1 13 ) ( 2 6 13 )
2 14 ( 2 12 14 ) ( 2 17 14 )
2 15 ( 2 18 15 ) ( 2 3 15 )
2 17 ( 2 14 17 ) ( 2 12 17 )
2 18 ( 2 12 18 ) ( 2 14 9 18 )
2 19 ( 2 18 19 ) ( 2 8 19 )
3 4 ( 3 14 4 ) ( 3 12 4 )
3 5 ( 3 15 5 ) ( 3 19 5 )
3 6 ( 3 19 6 ) ( 3 18 5 6 )
3 8 ( 3 18 8 ) ( 3 15 8 )
3 9 ( 3 18 9 ) ( 3 8 2 9 )
3 10 ( 3 15 10 ) ( 3 5 10 )
3 11 ( 3 8 11 ) ( 3 12 11 )
3 12 ( 3 15 12 ) ( 3 2 9 12 )
3 13 ( 3 5 13 ) ( 3 19 13 )
3 14 ( 3 8 14 ) ( 3 18 12 14 )
3 15 ( 3 8 15 ) ( 3 18 15 )
3 17 ( 3 14 17 ) ( 3 11 17 )
3 18 ( 3 15 18 ) ( 3 19 18 )
3 19 ( 3 18 19 ) ( 3 8 19 )
4 5 ( 4 17 5 ) ( 4 12 5 )
4 6 ( 4 17 5 6 ) ( 4 14 6 )
4 8 ( 4 17 8 ) ( 4 18 8 )
4 9 ( 4 17 9 ) ( 4 0 14 9 )
4 11 ( 4 9 11 ) ( 4 12 11 )
4 12 ( 4 0 12 ) ( 4 9 14 12 )
4 14 ( 4 9 14 ) ( 4 12 2 14 )
4 15 ( 4 8 15 ) ( 4 14 15 )
4 17 ( 4 0 17 ) ( 4 12 17 )
4 18 ( 4 8 18 ) ( 4 14 18 )
5 6 ( 5 1 6 ) ( 5 10 6 )
5 8 ( 5 19 18 8 ) ( 5 6 8 )
5 9 ( 5 2 9 ) ( 5 12 9 )
5 10 ( 5 1 10 ) ( 5 6 10 )
5 11 ( 5 18 11 ) ( 5 19 11 )
5 12 ( 5 8 12 ) ( 5 2 12 )
5 13 ( 5 10 13 ) ( 5 1 13 )
5 14 ( 5 18 14 ) ( 5 8 14 )
5 15 ( 5 19 15 ) ( 5 18 15 )
5 18 ( 5 19 18 ) ( 5 3 15 18 )
5 19 ( 5 15 19 ) ( 5 18 19 )
6 8 ( 6 18 8 ) ( 6 1 8 )
6 9 ( 6 12 9 ) ( 6 19 2 9 )
6 10 ( 6 1 5 10 ) ( 6 13 19 10 )
6 12 ( 6 5 12 ) ( 6 19 12 )
6 13 ( 6 5 13 ) ( 6 1 19 13 )
6 15 ( 6 5 15 ) ( 6 1 15 )
6 18 ( 6 19 18 ) ( 6 15 18 )
6 19 ( 6 5 19 ) ( 6 10 19 )
8 9 ( 8 12 9 ) ( 8 18 2 9 )
8 10 ( 8 18 10 ) ( 8 19 10 )
8 11 ( 8 18 3 11 ) ( 8 12 11 )
8 12 ( 8 2 12 ) ( 8 15 3 12 )
8 13 ( 8 18 13 ) ( 8 5 13 )
8 14 ( 8 12 9 14 ) ( 8 18 3 14 )
8 15 ( 8 18 15 ) ( 8 3 15 )
8 17 ( 8 14 17 ) ( 8 18 17 )
8 18 ( 8 15 18 ) ( 8 2 18 )
8 19 ( 8 18 19 ) ( 8 3 19 )
9 11 ( 9 14 11 ) ( 9 12 11 )
9 12 ( 9 14 12 ) ( 9 2 12 )
9 14 ( 9 12 14 ) ( 9 11 14 )
9 15 ( 9 8 15 ) ( 9 14 12 15 )
9 17 ( 9 12 17 ) ( 9 11 17 )
9 18 ( 9 12 18 ) ( 9 2 18 )
10 13 ( 10 6 13 ) ( 10 19 1 13 )
10 19 ( 10 5 19 ) ( 10 6 19 )
11 12 ( 11 9 12 ) ( 11 17 12 )
11 14 ( 11 12 14 ) ( 11 9 17 14 )
11 17 ( 11 0 17 ) ( 11 14 17 )
12 14 ( 12 9 14 ) ( 12 2 14 )
12 15 ( 12 8 15 ) ( 12 18 15 )
12 17 ( 12 0 17 ) ( 12 14 2 17 )
12 18 ( 12 2 18 ) ( 12 3 18 )
14 17 ( 14 12 17 ) ( 14 9 0 4 17 )
15 18 ( 15 19 18 ) ( 15 5 18 )
15 19 ( 15 8 19 ) ( 15 6 19 )
18 19 ( 18 8 19 ) ( 18 3 19 )

EOF