DIMENSIONS
55 sommetsG2
50 sommetsG1
65 dem

SOMMETS
0  New-york  C  40.67  -73.94
1  Los-angeles  C  34.11  -118.41
2  Chicago  C  41.84  -87.68
3  Houston  C  29.77  -95.39
4  Philadelphia  C  40.01  -75.13
5  Phoenix  C  33.54  -112.07
6  San-diego  C  32.81  -117.14
7  San-antonio  C  29.46  -98.51
8  Dallas  C  32.79  -96.77
9  Detroit  C  42.38  -83.1
10  San-jose  T  37.3  -121.85
11  Jacksonville  C  30.33  -81.66
12  Indianapolis  C  39.78  -86.15
13  San-francisco  C  37.77  -122.45
14  Columbus  C  39.99  -82.99
15  Austin  C  30.31  -97.75
16  Memphis  C  35.11  -90.01
17  Baltimore  C  39.3  -76.61
18  Fort-worth  C  32.75  -97.34
19  El-paso  C  31.85  -106.44
20  Charlotte  C  35.2  -80.83
21  Milwaukee  T  43.06  -87.97
22  Boston  C  42.34  -71.02
23  Seattle  C  47.62  -122.35
24  Denver  C  39.77  -104.87
25  Washington  C  38.91  -77.02
26  Nashville  C  36.17  -86.78
27  Portland  C  45.54  -122.66
28  Las-vegas  C  36.21  -115.22
29  Oklahoma-city  C  35.47  -97.51
30  Tucson  C  32.2  -110.89
31  Long-beach  C  33.79  -118.16
32  Albuquerque  C  35.12  -106.62
33  New-orleans  C  30.07  -89.93
34  Cleveland  C  41.48  -81.68
35  Fresno  C  36.78  -119.79
36  Sacramento  C  38.57  -121.47
37  Virginia-beach  C  36.74  -76.04
38  Kansas-city  C  39.12  -94.55
39  Mesa  C  33.42  -111.74
40  Atlanta  C  33.76  -84.42
41  Omaha  C  41.26  -96.01
42  Oakland  C  37.77  -122.22
43  Tulsa  T  36.13  -95.92
44  Honolulu  C  21.32  -157.8
45  Miami  C  25.78  -80.21
46  Minneapolis  T  44.96  -93.27
47  Colorado-springs  C  38.86  -104.76
48  Arlington  C  32.69  -97.13
49  Wichita  C  37.69  -97.34
50  Santa-ana  T  33.74  -117.88
51  Anaheim  C  33.84  -117.87
52  Saint-louis  C  38.64  -90.24
53  Raleigh  C  35.82  -78.66
54  Pittsburgh  C  40.44  -79.98

DEMANDES
0 1 ( 0 49 1 ) ( 0 4 1 )
0 2 ( 0 4 2 ) ( 0 34 9 2 )
0 3 ( 0 17 3 ) ( 0 4 3 )
0 4 ( 0 37 4 ) ( 0 54 4 )
0 5 ( 0 39 5 ) ( 0 52 5 )
0 6 ( 0 5 6 ) ( 0 14 6 )
0 7 ( 0 4 17 7 ) ( 0 25 7 )
0 8 ( 0 26 8 ) ( 0 17 8 )
0 9 ( 0 34 9 ) ( 0 54 9 )
0 11 ( 0 37 11 ) ( 0 4 17 11 )
0 12 ( 0 54 14 12 ) ( 0 34 12 )
0 14 ( 0 54 14 ) ( 0 17 14 )
0 15 ( 0 17 15 ) ( 0 26 15 )
0 16 ( 0 25 16 ) ( 0 53 16 )
0 17 ( 0 37 17 ) ( 0 54 17 )
0 20 ( 0 25 20 ) ( 0 17 20 )
0 22 ( 0 17 22 ) ( 0 54 22 )
0 25 ( 0 4 25 ) ( 0 37 25 )
0 26 ( 0 4 25 26 ) ( 0 20 26 )
0 33 ( 0 40 33 ) ( 0 25 33 )
0 34 ( 0 54 34 ) ( 0 17 34 )
0 37 ( 0 25 37 ) ( 0 4 25 17 37 )
0 40 ( 0 4 40 ) ( 0 17 40 )
0 45 ( 0 37 45 ) ( 0 4 45 )
0 53 ( 0 17 53 ) ( 0 25 53 )
0 54 ( 0 4 54 ) ( 0 17 54 )
1 2 ( 1 38 2 ) ( 1 31 2 )
1 3 ( 1 15 3 ) ( 1 30 3 )
1 5 ( 1 51 5 ) ( 1 31 5 )
1 6 ( 1 31 6 ) ( 1 28 6 )
1 13 ( 1 42 13 ) ( 1 35 13 )
1 28 ( 1 31 28 ) ( 1 51 35 28 )
1 30 ( 1 51 30 ) ( 1 31 30 )
1 31 ( 1 51 31 ) ( 1 35 31 )
1 35 ( 1 6 35 ) ( 1 13 35 )
1 36 ( 1 35 36 ) ( 1 28 42 36 )
1 39 ( 1 31 39 ) ( 1 28 39 )
1 42 ( 1 36 42 ) ( 1 28 42 )
1 51 ( 1 31 51 ) ( 1 28 51 )
2 3 ( 2 16 3 ) ( 2 26 3 )
2 4 ( 2 54 4 ) ( 2 9 4 )
2 9 ( 2 14 9 ) ( 2 54 9 )
2 12 ( 2 52 12 ) ( 2 9 12 )
2 14 ( 2 12 14 ) ( 2 9 14 )
2 16 ( 2 52 16 ) ( 2 14 16 )
2 26 ( 2 12 26 ) ( 2 9 26 )
2 52 ( 2 12 52 ) ( 2 26 52 )
3 7 ( 3 15 8 7 ) ( 3 48 29 7 )
3 8 ( 3 18 8 ) ( 3 7 8 )
3 15 ( 3 7 15 ) ( 3 48 15 )
3 18 ( 3 48 18 ) ( 3 8 18 )
4 17 ( 4 0 17 ) ( 4 37 17 )
4 25 ( 4 17 25 ) ( 4 0 25 )
5 6 ( 5 31 6 ) ( 5 28 51 6 )
5 30 ( 5 28 30 ) ( 5 39 6 30 )
5 39 ( 5 30 39 ) ( 5 28 39 )
6 31 ( 6 1 31 ) ( 6 35 51 31 )
6 51 ( 6 31 35 51 ) ( 6 1 28 51 )
7 8 ( 7 15 8 ) ( 7 3 8 )
7 15 ( 7 8 15 ) ( 7 29 15 )
8 15 ( 8 18 15 ) ( 8 7 15 )
8 18 ( 8 15 18 ) ( 8 3 18 )
8 48 ( 8 18 29 48 ) ( 8 3 48 )
13 42 ( 13 36 42 ) ( 13 1 35 42 )
17 25 ( 17 37 25 ) ( 17 0 25 )

EOF