DIMENSIONS
50 sommetsG2
45 sommetsG1
130 dem

SOMMETS
0  New-york  C  40.67  -73.94
1  Los-angeles  C  34.11  -118.41
2  Chicago  C  41.84  -87.68
3  Houston  C  29.77  -95.39
4  Philadelphia  C  40.01  -75.13
5  Phoenix  C  33.54  -112.07
6  San-diego  C  32.81  -117.14
7  San-antonio  C  29.46  -98.51
8  Dallas  C  32.79  -96.77
9  Detroit  T  42.38  -83.1
10  San-jose  C  37.3  -121.85
11  Jacksonville  C  30.33  -81.66
12  Indianapolis  C  39.78  -86.15
13  San-francisco  C  37.77  -122.45
14  Columbus  C  39.99  -82.99
15  Austin  C  30.31  -97.75
16  Memphis  C  35.11  -90.01
17  Baltimore  C  39.3  -76.61
18  Fort-worth  C  32.75  -97.34
19  El-paso  T  31.85  -106.44
20  Charlotte  C  35.2  -80.83
21  Milwaukee  C  43.06  -87.97
22  Boston  C  42.34  -71.02
23  Seattle  C  47.62  -122.35
24  Denver  C  39.77  -104.87
25  Washington  C  38.91  -77.02
26  Nashville  C  36.17  -86.78
27  Portland  C  45.54  -122.66
28  Las-vegas  C  36.21  -115.22
29  Oklahoma-city  C  35.47  -97.51
30  Tucson  C  32.2  -110.89
31  Long-beach  C  33.79  -118.16
32  Albuquerque  C  35.12  -106.62
33  New-orleans  C  30.07  -89.93
34  Cleveland  C  41.48  -81.68
35  Fresno  C  36.78  -119.79
36  Sacramento  C  38.57  -121.47
37  Virginia-beach  C  36.74  -76.04
38  Kansas-city  C  39.12  -94.55
39  Mesa  T  33.42  -111.74
40  Atlanta  C  33.76  -84.42
41  Omaha  C  41.26  -96.01
42  Oakland  T  37.77  -122.22
43  Tulsa  C  36.13  -95.92
44  Honolulu  C  21.32  -157.8
45  Miami  T  25.78  -80.21
46  Minneapolis  C  44.96  -93.27
47  Colorado-springs  C  38.86  -104.76
48  Arlington  C  32.69  -97.13
49  Wichita  C  37.69  -97.34

DEMANDES
0 1 ( 0 49 1 ) ( 0 38 1 )
0 2 ( 0 34 2 ) ( 0 4 2 )
0 3 ( 0 25 3 ) ( 0 20 3 )
0 4 ( 0 20 4 ) ( 0 14 4 )
0 5 ( 0 4 5 ) ( 0 14 12 5 )
0 6 ( 0 32 6 ) ( 0 43 6 )
0 7 ( 0 25 7 ) ( 0 26 7 )
0 8 ( 0 16 8 ) ( 0 4 8 )
0 10 ( 0 12 24 10 ) ( 0 38 35 10 )
0 11 ( 0 37 11 ) ( 0 4 11 )
0 12 ( 0 14 12 ) ( 0 25 12 )
0 13 ( 0 47 13 ) ( 0 38 13 )
0 14 ( 0 4 14 ) ( 0 25 14 )
0 15 ( 0 4 17 15 ) ( 0 25 15 )
0 16 ( 0 17 16 ) ( 0 14 16 )
0 17 ( 0 4 22 17 ) ( 0 34 17 )
0 18 ( 0 8 18 ) ( 0 48 18 )
0 20 ( 0 4 20 ) ( 0 25 20 )
0 21 ( 0 4 21 ) ( 0 17 21 )
0 22 ( 0 4 22 ) ( 0 17 22 )
0 23 ( 0 34 23 ) ( 0 21 23 )
0 24 ( 0 14 24 ) ( 0 38 24 )
0 25 ( 0 17 25 ) ( 0 37 25 )
0 26 ( 0 4 26 ) ( 0 20 26 )
0 27 ( 0 34 27 ) ( 0 2 27 )
0 28 ( 0 12 28 ) ( 0 4 49 28 )
0 29 ( 0 43 29 ) ( 0 14 29 )
0 30 ( 0 29 30 ) ( 0 17 30 )
0 31 ( 0 32 31 ) ( 0 49 31 )
0 32 ( 0 14 32 ) ( 0 49 32 )
0 33 ( 0 40 33 ) ( 0 4 33 )
0 34 ( 0 4 34 ) ( 0 17 34 )
0 37 ( 0 4 37 ) ( 0 17 37 )
0 38 ( 0 25 38 ) ( 0 2 38 )
0 40 ( 0 20 40 ) ( 0 37 40 )
0 41 ( 0 34 41 ) ( 0 17 41 )
0 43 ( 0 4 43 ) ( 0 34 43 )
0 46 ( 0 21 46 ) ( 0 34 46 )
0 47 ( 0 14 47 ) ( 0 4 47 )
0 48 ( 0 26 48 ) ( 0 8 48 )
0 49 ( 0 4 49 ) ( 0 34 49 )
1 2 ( 1 47 2 ) ( 1 49 2 )
1 3 ( 1 15 3 ) ( 1 31 3 )
1 4 ( 1 32 4 ) ( 1 49 4 )
1 5 ( 1 31 5 ) ( 1 10 35 5 )
1 6 ( 1 31 6 ) ( 1 28 6 )
1 7 ( 1 30 7 ) ( 1 5 7 )
1 8 ( 1 18 8 ) ( 1 31 8 )
1 10 ( 1 35 10 ) ( 1 13 10 )
1 13 ( 1 35 13 ) ( 1 31 10 13 )
1 15 ( 1 6 15 ) ( 1 28 15 )
1 18 ( 1 5 18 ) ( 1 30 18 )
1 23 ( 1 10 23 ) ( 1 28 23 )
1 24 ( 1 47 24 ) ( 1 5 24 )
1 27 ( 1 35 27 ) ( 1 36 27 )
1 28 ( 1 31 28 ) ( 1 5 28 )
1 30 ( 1 6 30 ) ( 1 5 30 )
1 31 ( 1 6 31 ) ( 1 35 31 )
1 32 ( 1 28 32 ) ( 1 6 32 )
1 35 ( 1 31 35 ) ( 1 10 35 )
1 36 ( 1 35 36 ) ( 1 13 36 )
1 47 ( 1 31 28 47 ) ( 1 5 47 )
2 3 ( 2 16 3 ) ( 2 12 3 )
2 4 ( 2 14 4 ) ( 2 17 4 )
2 5 ( 2 32 5 ) ( 2 38 49 5 )
2 7 ( 2 8 7 ) ( 2 48 7 )
2 8 ( 2 43 8 ) ( 2 18 8 )
2 11 ( 2 12 11 ) ( 2 40 11 )
2 12 ( 2 34 12 ) ( 2 16 12 )
2 14 ( 2 12 14 ) ( 2 21 14 )
2 15 ( 2 48 18 15 ) ( 2 43 15 )
2 16 ( 2 21 16 ) ( 2 38 16 )
2 17 ( 2 0 17 ) ( 2 40 17 )
2 18 ( 2 48 18 ) ( 2 8 18 )
2 20 ( 2 14 20 ) ( 2 21 12 20 )
2 21 ( 2 12 26 21 ) ( 2 41 21 )
2 25 ( 2 17 25 ) ( 2 14 34 25 )
2 26 ( 2 12 26 ) ( 2 14 26 )
2 29 ( 2 43 29 ) ( 2 38 49 29 )
2 33 ( 2 16 33 ) ( 2 12 33 )
2 34 ( 2 14 34 ) ( 2 12 34 )
2 38 ( 2 41 38 ) ( 2 12 38 )
2 40 ( 2 12 40 ) ( 2 21 40 )
2 41 ( 2 21 41 ) ( 2 46 41 )
2 43 ( 2 21 38 43 ) ( 2 49 43 )
2 46 ( 2 12 46 ) ( 2 38 46 )
2 49 ( 2 38 49 ) ( 2 21 49 )
3 5 ( 3 15 5 ) ( 3 7 5 )
3 7 ( 3 15 7 ) ( 3 18 7 )
3 8 ( 3 15 8 ) ( 3 18 7 8 )
3 15 ( 3 7 48 15 ) ( 3 29 8 15 )
3 16 ( 3 8 16 ) ( 3 48 16 )
3 18 ( 3 8 18 ) ( 3 48 29 18 )
3 29 ( 3 48 29 ) ( 3 18 29 )
3 33 ( 3 8 48 33 ) ( 3 18 33 )
3 43 ( 3 48 18 43 ) ( 3 8 18 29 43 )
3 48 ( 3 8 48 ) ( 3 18 48 )
4 14 ( 4 17 25 14 ) ( 4 34 14 )
4 17 ( 4 25 17 ) ( 4 34 17 )
4 22 ( 4 0 22 ) ( 4 37 22 )
4 25 ( 4 17 0 25 ) ( 4 22 25 )
4 37 ( 4 17 37 ) ( 4 0 25 37 )
5 6 ( 5 31 6 ) ( 5 30 28 6 )
5 28 ( 5 30 28 ) ( 5 6 28 )
5 30 ( 5 28 30 ) ( 5 6 30 )
5 32 ( 5 28 32 ) ( 5 47 32 )
6 10 ( 6 31 10 ) ( 6 1 10 )
6 28 ( 6 31 28 ) ( 6 5 28 )
6 31 ( 6 1 31 ) ( 6 10 31 )
6 35 ( 6 1 31 35 ) ( 6 13 10 35 )
7 8 ( 7 48 8 ) ( 7 18 8 )
7 15 ( 7 48 15 ) ( 7 8 18 15 )
7 18 ( 7 15 18 ) ( 7 48 18 )
7 48 ( 7 15 48 ) ( 7 8 48 )
8 15 ( 8 48 3 15 ) ( 8 29 43 49 15 )
8 18 ( 8 48 18 ) ( 8 15 18 )
8 29 ( 8 43 29 ) ( 8 49 29 )
8 43 ( 8 18 43 ) ( 8 29 43 )
8 48 ( 8 15 48 ) ( 8 7 48 )
10 13 ( 10 35 13 ) ( 10 6 31 13 )
10 35 ( 10 36 35 ) ( 10 1 35 )
10 36 ( 10 35 36 ) ( 10 31 36 )
12 14 ( 12 34 14 ) ( 12 26 14 )
13 36 ( 13 1 36 ) ( 13 27 36 )
14 34 ( 14 25 17 34 ) ( 14 4 34 )
15 18 ( 15 48 18 ) ( 15 8 18 )
17 25 ( 17 37 25 ) ( 17 0 25 )
18 48 ( 18 8 48 ) ( 18 15 48 )
23 27 ( 23 13 27 ) ( 23 35 27 )
24 47 ( 24 30 47 ) ( 24 43 47 )

EOF