DIMENSIONS
65 sommetsG2
60 sommetsG1
60 dem

SOMMETS
0  New-york  C  40.67  -73.94
1  Los-angeles  C  34.11  -118.41
2  Chicago  C  41.84  -87.68
3  Houston  C  29.77  -95.39
4  Philadelphia  C  40.01  -75.13
5  Phoenix  C  33.54  -112.07
6  San-diego  C  32.81  -117.14
7  San-antonio  C  29.46  -98.51
8  Dallas  C  32.79  -96.77
9  Detroit  C  42.38  -83.1
10  San-jose  C  37.3  -121.85
11  Jacksonville  C  30.33  -81.66
12  Indianapolis  C  39.78  -86.15
13  San-francisco  C  37.77  -122.45
14  Columbus  C  39.99  -82.99
15  Austin  C  30.31  -97.75
16  Memphis  C  35.11  -90.01
17  Baltimore  C  39.3  -76.61
18  Fort-worth  C  32.75  -97.34
19  El-paso  C  31.85  -106.44
20  Charlotte  C  35.2  -80.83
21  Milwaukee  C  43.06  -87.97
22  Boston  C  42.34  -71.02
23  Seattle  C  47.62  -122.35
24  Denver  C  39.77  -104.87
25  Washington  T  38.91  -77.02
26  Nashville  C  36.17  -86.78
27  Portland  C  45.54  -122.66
28  Las-vegas  C  36.21  -115.22
29  Oklahoma-city  C  35.47  -97.51
30  Tucson  C  32.2  -110.89
31  Long-beach  C  33.79  -118.16
32  Albuquerque  C  35.12  -106.62
33  New-orleans  C  30.07  -89.93
34  Cleveland  C  41.48  -81.68
35  Fresno  C  36.78  -119.79
36  Sacramento  C  38.57  -121.47
37  Virginia-beach  C  36.74  -76.04
38  Kansas-city  C  39.12  -94.55
39  Mesa  C  33.42  -111.74
40  Atlanta  C  33.76  -84.42
41  Omaha  C  41.26  -96.01
42  Oakland  C  37.77  -122.22
43  Tulsa  C  36.13  -95.92
44  Honolulu  C  21.32  -157.8
45  Miami  C  25.78  -80.21
46  Minneapolis  C  44.96  -93.27
47  Colorado-springs  C  38.86  -104.76
48  Arlington  C  32.69  -97.13
49  Wichita  C  37.69  -97.34
50  Santa-ana  T  33.74  -117.88
51  Anaheim  T  33.84  -117.87
52  Saint-louis  C  38.64  -90.24
53  Raleigh  C  35.82  -78.66
54  Pittsburgh  T  40.44  -79.98
55  Tampa  C  27.96  -82.48
56  Cincinnati  C  39.14  -84.51
57  Toledo  C  41.66  -83.58
58  Aurora  C  39.71  -104.73
59  Riverside  T  33.94  -117.4
60  Buffalo  C  42.89  -78.86
61  Corpus-christi  C  27.71  -97.29
62  Newark  C  40.72  -74.17
63  Saint-paul  C  44.95  -93.1
64  Bakersfield  C  35.36  -119

DEMANDES
0 1 ( 0 52 1 ) ( 0 49 1 )
0 2 ( 0 62 2 ) ( 0 34 2 )
0 3 ( 0 4 3 ) ( 0 53 20 3 )
0 4 ( 0 62 4 ) ( 0 37 4 )
0 5 ( 0 43 5 ) ( 0 62 5 )
0 7 ( 0 17 7 ) ( 0 4 7 )
0 8 ( 0 26 8 ) ( 0 4 17 8 )
0 9 ( 0 62 9 ) ( 0 4 9 )
0 11 ( 0 53 11 ) ( 0 4 11 )
0 12 ( 0 4 12 ) ( 0 56 12 )
0 14 ( 0 62 14 ) ( 0 4 14 )
0 16 ( 0 4 16 ) ( 0 17 16 )
0 17 ( 0 37 17 ) ( 0 60 17 )
0 20 ( 0 4 17 20 ) ( 0 53 20 )
0 21 ( 0 60 21 ) ( 0 4 21 )
0 22 ( 0 37 22 ) ( 0 60 22 )
0 26 ( 0 56 26 ) ( 0 20 26 )
0 34 ( 0 62 34 ) ( 0 4 34 )
0 37 ( 0 53 37 ) ( 0 22 37 )
0 40 ( 0 4 40 ) ( 0 17 40 )
0 53 ( 0 4 53 ) ( 0 17 53 )
0 56 ( 0 62 56 ) ( 0 4 56 )
0 57 ( 0 4 57 ) ( 0 62 9 57 )
0 60 ( 0 34 60 ) ( 0 53 60 )
0 62 ( 0 17 4 62 ) ( 0 53 62 )
1 3 ( 1 15 3 ) ( 1 30 3 )
1 5 ( 1 28 5 ) ( 1 30 5 )
1 6 ( 1 28 6 ) ( 1 35 6 )
1 10 ( 1 35 10 ) ( 1 42 10 )
1 13 ( 1 31 13 ) ( 1 36 42 13 )
1 28 ( 1 64 28 ) ( 1 6 28 )
1 30 ( 1 31 30 ) ( 1 6 5 30 )
1 31 ( 1 64 31 ) ( 1 28 31 )
1 35 ( 1 31 35 ) ( 1 6 35 )
1 36 ( 1 64 36 ) ( 1 35 36 )
1 39 ( 1 5 39 ) ( 1 31 39 )
1 42 ( 1 10 42 ) ( 1 64 42 )
1 64 ( 1 31 64 ) ( 1 10 64 )
2 3 ( 2 16 3 ) ( 2 8 3 )
2 4 ( 2 9 4 ) ( 2 12 4 )
2 9 ( 2 14 9 ) ( 2 34 9 )
2 12 ( 2 57 12 ) ( 2 14 12 )
2 14 ( 2 56 14 ) ( 2 9 14 )
2 21 ( 2 12 21 ) ( 2 57 21 )
2 26 ( 2 12 26 ) ( 2 57 26 )
3 7 ( 3 61 7 ) ( 3 48 7 )
3 8 ( 3 18 48 8 ) ( 3 15 8 )
3 15 ( 3 7 15 ) ( 3 18 15 )
3 18 ( 3 48 18 ) ( 3 8 18 )
4 17 ( 4 37 17 ) ( 4 60 17 )
4 62 ( 4 37 0 62 ) ( 4 22 62 )
5 30 ( 5 6 30 ) ( 5 1 30 )
5 39 ( 5 28 39 ) ( 5 6 39 )
6 31 ( 6 35 31 ) ( 6 64 28 31 )
7 8 ( 7 48 8 ) ( 7 15 18 8 )
7 15 ( 7 3 15 ) ( 7 48 15 )
8 18 ( 8 15 48 18 ) ( 8 29 18 )
8 48 ( 8 29 48 ) ( 8 3 18 48 )
10 13 ( 10 35 13 ) ( 10 1 13 )
10 42 ( 10 13 36 42 ) ( 10 35 42 )

EOF