65

13 12 3
16 14 3
16 5 3
6 4 3
7 4 3
13 2 3
16 4 3
3 4 3
6 16 3
3 2 3
16 3 3
1 4 3
6 9 3
2 4 3
1 2 3
4 16 3
7 3 3
9 8 3
9 13 3
12 10 3
15 5 3
13 8 3
1 10 3
2 1 3
5 6 3
11 16 3
10 3 3
13 15 3
3 14 3
11 3 3
16 1 3
5 16 3
4 11 3
10 16 3
15 13 3
2 6 3
16 13 3
10 11 3
1 13 3
15 4 3
5 7 3
5 12 3
16 7 3
12 3 3
8 11 3
6 13 3
6 14 3
3 11 3
8 3 3
3 16 3
15 12 3
10 4 3
9 14 3
5 8 3
7 15 3
14 10 3
9 10 3
6 7 3
9 4 3
14 1 3
3 5 3
15 11 3
10 5 3
11 7 3
9 11 3
