65

10 2 3
1 12 3
9 12 3
16 7 3
13 16 3
8 9 3
7 9 3
9 4 3
14 13 3
9 15 3
13 12 3
4 1 3
14 9 3
5 11 3
11 15 3
6 14 3
4 5 3
5 12 3
12 13 3
11 3 3
3 11 3
10 8 3
4 10 3
5 16 3
15 12 3
10 1 3
7 6 3
11 16 3
10 14 3
11 12 3
4 2 3
13 4 3
14 3 3
11 13 3
9 10 3
6 8 3
2 4 3
5 7 3
2 1 3
2 6 3
5 9 3
11 10 3
1 7 3
9 7 3
12 5 3
2 8 3
12 4 3
4 15 3
12 8 3
11 1 3
2 3 3
3 7 3
3 8 3
4 16 3
6 4 3
15 4 3
4 6 3
8 11 3
13 6 3
4 11 3
12 9 3
8 5 3
15 1 3
10 16 3
11 14 3
