DIMENSIONS
100 sommetsG2
95 sommetsG1
130 dem

SOMMETS
0  N0  C  288  149
1  N1  C  288  129
2  N2  C  270  133
3  N3  C  256  141
4  N4  C  256  157
5  N5  C  246  157
6  N6  C  236  169
7  N7  C  228  169
8  N8  C  228  161
9  N9  C  220  169
10  N10  C  212  169
11  N11  C  204  169
12  N12  C  196  169
13  N13  C  188  169
14  N14  C  196  161
15  N15  C  188  145
16  N16  C  172  145
17  N17  C  164  145
18  N18  C  156  145
19  N19  C  148  145
20  N20  C  140  145
21  N21  C  148  169
22  N22  C  164  169
23  N23  C  172  169
24  N24  C  156  169
25  N25  C  140  169
26  N26  C  132  169
27  N27  C  124  169
28  N28  C  116  161
29  N29  C  104  153
30  N30  C  104  161
31  N31  C  104  169
32  N32  C  90  165
33  N33  C  80  157
34  N34  C  64  157
35  N35  C  64  165
36  N36  C  56  169
37  N37  C  56  161
38  N38  C  56  153
39  N39  T  56  145
40  N40  C  56  137
41  N41  C  56  129
42  N42  C  56  121
43  N43  C  40  121
44  N44  C  40  129
45  N45  C  40  137
46  N46  C  40  145
47  N47  C  40  153
48  N48  C  40  161
49  N49  C  40  169
50  N50  C  32  169
51  N51  C  32  161
52  N52  C  32  153
53  N53  C  32  145
54  N54  C  32  137
55  N55  C  32  129
56  N56  C  32  121
57  N57  C  32  113
58  N58  C  40  113
59  N59  C  56  113
60  N60  C  56  105
61  N61  C  48  99
62  N62  C  40  99
63  N63  C  32  97
64  N64  C  32  89
65  N65  C  24  89
66  N66  C  16  97
67  N67  C  16  109
68  N68  C  8  109
69  N69  C  8  97
70  N70  C  8  89
71  N71  C  8  81
72  N72  C  8  73
73  N73  C  8  65
74  N74  C  8  57
75  N75  C  16  57
76  N76  C  8  49
77  N77  C  8  41
78  N78  T  24  45
79  N79  T  32  41
80  N80  C  32  49
81  N81  C  32  57
82  N82  C  32  65
83  N83  C  32  73
84  N84  T  32  81
85  N85  C  40  83
86  N86  C  40  73
87  N87  C  40  63
88  N88  C  40  51
89  N89  C  44  43
90  N90  C  44  35
91  N91  T  44  27
92  N92  C  32  25
93  N93  C  24  25
94  N94  C  16  25
95  N95  C  16  17
96  N96  C  24  17
97  N97  C  32  17
98  N98  C  44  11
99  N99  C  56  9

DEMANDES
19 33 ( 19 55 47 62 33 ) ( 19 36 33 )
51 95 ( 51 71 14 60 95 ) ( 51 1 24 95 )
13 80 ( 13 80 ) ( 13 12 10 80 )
99 21 ( 99 61 29 21 ) ( 99 63 52 49 21 )
97 29 ( 97 76 40 89 29 ) ( 97 28 35 29 )
80 6 ( 80 8 19 66 6 ) ( 80 89 34 6 )
6 2 ( 6 23 2 ) ( 6 97 2 )
90 85 ( 90 37 85 ) ( 90 76 51 85 )
66 53 ( 66 53 ) ( 66 93 72 53 )
28 73 ( 28 68 16 73 ) ( 28 44 88 73 )
82 33 ( 82 33 ) ( 82 35 68 95 33 )
58 65 ( 58 92 81 68 65 ) ( 58 48 21 65 )
95 92 ( 95 92 ) ( 95 64 43 61 92 )
28 30 ( 28 18 30 ) ( 28 27 30 )
55 41 ( 55 41 ) ( 55 10 12 49 41 )
76 98 ( 76 38 74 36 98 ) ( 76 29 23 58 98 )
24 15 ( 24 16 74 15 ) ( 24 7 15 )
95 5 ( 95 24 73 5 ) ( 95 65 5 )
96 63 ( 96 13 52 7 63 ) ( 96 6 63 )
20 46 ( 20 75 5 15 46 ) ( 20 99 88 46 )
12 99 ( 12 99 ) ( 12 7 0 92 99 )
59 18 ( 59 18 ) ( 59 81 35 18 )
55 57 ( 55 9 57 ) ( 55 53 75 30 57 )
99 57 ( 99 62 3 74 57 ) ( 99 83 92 87 57 )
83 97 ( 83 98 66 97 ) ( 83 49 16 88 97 )
7 64 ( 7 64 ) ( 7 22 70 64 )
31 32 ( 31 32 ) ( 31 63 32 )
22 65 ( 22 28 54 65 ) ( 22 71 11 47 65 )
59 94 ( 59 43 94 ) ( 59 0 34 94 )
59 83 ( 59 83 ) ( 59 48 30 71 83 )
18 62 ( 18 62 ) ( 18 69 67 62 )
63 34 ( 63 34 ) ( 63 62 73 34 )
32 74 ( 32 74 ) ( 32 68 65 25 74 )
53 8 ( 53 68 8 ) ( 53 9 11 36 8 )
57 59 ( 57 77 28 59 ) ( 57 32 59 )
18 98 ( 18 98 ) ( 18 33 43 95 98 )
76 69 ( 76 69 ) ( 76 38 77 94 69 )
86 20 ( 86 29 90 87 20 ) ( 86 49 57 20 )
16 27 ( 16 46 49 29 27 ) ( 16 18 68 27 )
72 13 ( 72 83 17 13 ) ( 72 22 49 13 )
12 13 ( 12 93 13 ) ( 12 90 13 )
62 83 ( 62 33 65 60 83 ) ( 62 25 15 83 )
7 10 ( 7 28 33 10 ) ( 7 9 42 10 )
93 58 ( 93 76 58 ) ( 93 48 15 58 )
88 62 ( 88 55 42 62 ) ( 88 82 62 )
24 32 ( 24 98 33 32 ) ( 24 89 13 32 )
41 0 ( 41 29 11 86 0 ) ( 41 72 4 44 0 )
98 70 ( 98 70 ) ( 98 86 9 70 )
9 38 ( 9 80 38 ) ( 9 13 5 38 )
5 45 ( 5 44 11 58 45 ) ( 5 57 52 59 45 )
36 30 ( 36 16 60 52 30 ) ( 36 61 59 30 )
23 82 ( 23 82 ) ( 23 92 82 )
16 48 ( 16 48 ) ( 16 29 35 87 48 )
34 81 ( 34 25 77 81 ) ( 34 62 81 )
83 30 ( 83 30 ) ( 83 61 30 )
10 67 ( 10 20 40 31 67 ) ( 10 43 23 38 67 )
53 15 ( 53 38 30 15 ) ( 53 73 15 )
26 64 ( 26 68 80 64 ) ( 26 69 31 0 64 )
53 61 ( 53 40 36 61 ) ( 53 71 80 61 )
67 15 ( 67 15 ) ( 67 68 15 )
18 61 ( 18 0 30 61 ) ( 18 26 65 61 )
85 18 ( 85 87 18 ) ( 85 65 31 88 18 )
18 15 ( 18 67 90 15 ) ( 18 19 70 86 15 )
54 73 ( 54 92 55 93 73 ) ( 54 49 73 )
55 93 ( 55 59 65 99 93 ) ( 55 32 87 58 93 )
63 75 ( 63 26 60 47 75 ) ( 63 16 86 87 75 )
66 41 ( 66 64 53 41 ) ( 66 14 57 41 )
3 70 ( 3 51 11 70 ) ( 3 48 4 81 70 )
38 63 ( 38 41 63 ) ( 38 24 63 )
40 1 ( 40 81 58 1 ) ( 40 44 47 1 )
99 5 ( 99 5 ) ( 99 59 22 5 )
21 63 ( 21 46 43 85 63 ) ( 21 95 94 89 63 )
76 33 ( 76 47 94 33 ) ( 76 46 33 )
88 96 ( 88 96 ) ( 88 76 90 96 )
25 76 ( 25 40 56 55 76 ) ( 25 62 76 )
19 47 ( 19 21 47 ) ( 19 60 86 47 )
10 37 ( 10 37 ) ( 10 59 67 37 )
59 5 ( 59 24 1 5 ) ( 59 34 0 5 )
92 60 ( 92 93 17 44 60 ) ( 92 48 63 96 60 )
15 29 ( 15 89 74 47 29 ) ( 15 27 94 29 )
12 86 ( 12 92 18 86 ) ( 12 28 16 20 86 )
62 17 ( 62 17 ) ( 62 94 17 )
1 16 ( 1 16 ) ( 1 64 10 16 )
61 7 ( 61 43 7 ) ( 61 29 24 7 )
56 19 ( 56 19 ) ( 56 81 75 19 )
35 99 ( 35 99 ) ( 35 20 66 99 )
69 32 ( 69 34 5 76 32 ) ( 69 80 68 32 )
90 31 ( 90 80 18 59 31 ) ( 90 5 31 )
10 15 ( 10 15 ) ( 10 58 15 )
5 88 ( 5 92 46 25 88 ) ( 5 58 88 )
16 58 ( 16 92 58 ) ( 16 52 72 22 58 )
26 63 ( 26 93 34 63 ) ( 26 20 63 )
52 40 ( 52 64 40 ) ( 52 44 26 70 40 )
33 21 ( 33 68 1 85 21 ) ( 33 60 21 )
32 66 ( 32 25 7 66 ) ( 32 51 88 61 66 )
53 82 ( 53 34 35 4 82 ) ( 53 2 0 48 82 )
29 70 ( 29 46 7 19 70 ) ( 29 48 92 70 )
4 8 ( 4 8 ) ( 4 61 9 96 8 )
86 16 ( 86 77 16 ) ( 86 0 57 73 16 )
74 92 ( 74 92 ) ( 74 94 10 27 92 )
23 80 ( 23 80 ) ( 23 27 17 93 80 )
76 9 ( 76 34 69 45 9 ) ( 76 43 65 32 9 )
60 12 ( 60 12 ) ( 60 13 65 12 )
11 88 ( 11 66 52 88 ) ( 11 31 88 )
94 76 ( 94 76 ) ( 94 51 76 )
21 45 ( 21 45 ) ( 21 43 45 )
0 64 ( 0 64 ) ( 0 8 68 64 )
86 6 ( 86 6 ) ( 86 17 92 6 )
10 38 ( 10 70 53 38 ) ( 10 40 82 38 )
57 92 ( 57 92 ) ( 57 37 38 9 92 )
80 38 ( 80 83 71 38 ) ( 80 63 51 62 38 )
50 57 ( 50 75 59 57 ) ( 50 13 57 )
14 19 ( 14 73 18 66 19 ) ( 14 31 10 88 19 )
10 47 ( 10 28 47 ) ( 10 65 47 )
94 22 ( 94 93 14 22 ) ( 94 29 56 64 22 )
87 23 ( 87 83 81 23 ) ( 87 77 2 23 )
59 61 ( 59 28 7 88 61 ) ( 59 17 35 44 61 )
37 64 ( 37 64 ) ( 37 86 64 )
60 10 ( 60 36 27 59 10 ) ( 60 6 90 43 10 )
88 67 ( 88 29 67 ) ( 88 22 24 67 )
57 30 ( 57 30 ) ( 57 48 19 85 30 )
13 29 ( 13 29 ) ( 13 90 29 )
28 80 ( 28 17 4 80 ) ( 28 95 77 11 80 )
99 53 ( 99 82 89 53 ) ( 99 71 40 53 )
19 83 ( 19 83 ) ( 19 32 34 53 83 )
45 64 ( 45 54 0 64 ) ( 45 26 19 64 )
69 44 ( 69 44 ) ( 69 21 34 44 )
51 42 ( 51 9 42 ) ( 51 80 42 )
87 98 ( 87 18 35 98 ) ( 87 43 98 )
85 68 ( 85 14 42 10 68 ) ( 85 60 96 68 )

EOF