DIMENSIONS
12 sommetsG2
10 sommetsG1
45 dem

SOMMETS
0  N0  C  288  149
1  N1  C  288  129
2  N2  C  270  133
3  N3  C  256  141
4  N4  T  256  157
5  N5  C  246  157
6  N6  C  236  169
7  N7  C  228  169
8  N8  C  228  161
9  N9  C  220  169
10  N10  T  212  169
11  N11  C  204  169

DEMANDES
9 2 ( 9 3 2 ) ( 9 6 5 7 2 )
6 11 ( 6 8 1 7 11 ) ( 6 0 2 11 )
1 9 ( 1 9 ) ( 1 11 2 9 )
6 7 ( 6 5 7 ) ( 6 11 3 7 )
9 6 ( 9 3 11 0 6 ) ( 9 1 2 6 )
7 0 ( 7 0 ) ( 7 2 11 0 )
3 6 ( 3 8 6 ) ( 3 0 5 11 6 )
11 8 ( 11 7 8 ) ( 11 1 5 9 8 )
3 2 ( 3 8 11 7 2 ) ( 3 5 9 2 )
8 5 ( 8 5 ) ( 8 11 1 7 5 )
5 7 ( 5 3 7 ) ( 5 2 6 1 7 )
1 5 ( 1 11 8 3 5 ) ( 1 2 7 9 5 )
1 8 ( 1 8 ) ( 1 0 6 2 8 )
8 7 ( 8 9 1 6 7 ) ( 8 0 2 7 )
5 9 ( 5 0 1 9 ) ( 5 11 2 7 9 )
2 1 ( 2 9 1 ) ( 2 6 5 8 1 )
1 6 ( 1 11 8 7 6 ) ( 1 0 6 )
8 9 ( 8 11 5 1 9 ) ( 8 0 7 2 9 )
7 2 ( 7 3 0 2 ) ( 7 6 2 )
11 3 ( 11 1 5 3 ) ( 11 7 0 9 3 )
2 8 ( 2 3 8 ) ( 2 7 0 8 )
3 8 ( 3 8 ) ( 3 7 6 1 8 )
7 3 ( 7 2 11 0 3 ) ( 7 9 3 )
5 11 ( 5 8 1 9 11 ) ( 5 2 6 3 11 )
5 6 ( 5 6 ) ( 5 3 6 )
2 5 ( 2 5 ) ( 2 3 5 )
11 7 ( 11 5 3 1 7 ) ( 11 0 9 6 7 )
2 6 ( 2 3 6 ) ( 2 8 7 11 6 )
1 0 ( 1 3 8 5 0 ) ( 1 11 2 7 0 )
0 5 ( 0 1 7 6 5 ) ( 0 3 2 9 5 )
11 2 ( 11 9 2 ) ( 11 3 2 )
9 7 ( 9 7 ) ( 9 3 7 )
6 0 ( 6 3 0 ) ( 6 8 7 0 )
0 8 ( 0 8 ) ( 0 6 3 8 )
8 6 ( 8 2 11 6 ) ( 8 5 9 7 6 )
9 3 ( 9 2 7 3 ) ( 9 6 1 3 )
2 0 ( 2 9 6 0 ) ( 2 5 11 0 )
11 9 ( 11 2 9 ) ( 11 5 3 9 )
7 1 ( 7 8 1 ) ( 7 0 1 )
0 11 ( 0 2 5 11 ) ( 0 9 7 1 11 )
5 3 ( 5 7 8 11 3 ) ( 5 2 3 )
3 0 ( 3 7 6 0 ) ( 3 9 11 8 0 )
1 11 ( 1 5 9 0 11 ) ( 1 6 11 )
0 9 ( 0 1 2 9 ) ( 0 8 9 )
3 1 ( 3 5 2 7 1 ) ( 3 11 1 )

EOF