DIMENSIONS
85 sommetsG2
80 sommetsG1
140 dem

SOMMETS
0  N0  C  288  149
1  N1  C  288  129
2  N2  C  270  133
3  N3  C  256  141
4  N4  C  256  157
5  N5  C  246  157
6  N6  C  236  169
7  N7  C  228  169
8  N8  C  228  161
9  N9  C  220  169
10  N10  C  212  169
11  N11  C  204  169
12  N12  C  196  169
13  N13  C  188  169
14  N14  C  196  161
15  N15  C  188  145
16  N16  C  172  145
17  N17  C  164  145
18  N18  C  156  145
19  N19  C  148  145
20  N20  C  140  145
21  N21  C  148  169
22  N22  C  164  169
23  N23  C  172  169
24  N24  C  156  169
25  N25  C  140  169
26  N26  C  132  169
27  N27  C  124  169
28  N28  C  116  161
29  N29  C  104  153
30  N30  C  104  161
31  N31  C  104  169
32  N32  C  90  165
33  N33  T  80  157
34  N34  C  64  157
35  N35  C  64  165
36  N36  C  56  169
37  N37  C  56  161
38  N38  C  56  153
39  N39  C  56  145
40  N40  C  56  137
41  N41  C  56  129
42  N42  C  56  121
43  N43  C  40  121
44  N44  C  40  129
45  N45  C  40  137
46  N46  C  40  145
47  N47  C  40  153
48  N48  C  40  161
49  N49  C  40  169
50  N50  C  32  169
51  N51  C  32  161
52  N52  C  32  153
53  N53  C  32  145
54  N54  C  32  137
55  N55  C  32  129
56  N56  C  32  121
57  N57  C  32  113
58  N58  C  40  113
59  N59  C  56  113
60  N60  C  56  105
61  N61  C  48  99
62  N62  C  40  99
63  N63  C  32  97
64  N64  C  32  89
65  N65  C  24  89
66  N66  T  16  97
67  N67  T  16  109
68  N68  C  8  109
69  N69  C  8  97
70  N70  C  8  89
71  N71  T  8  81
72  N72  C  8  73
73  N73  C  8  65
74  N74  C  8  57
75  N75  C  16  57
76  N76  C  8  49
77  N77  T  8  41
78  N78  C  24  45
79  N79  C  32  41
80  N80  C  32  49
81  N81  C  32  57
82  N82  C  32  65
83  N83  C  32  73
84  N84  C  32  81

DEMANDES
16 28 ( 16 47 40 53 28 ) ( 16 31 28 )
43 80 ( 43 60 12 51 80 ) ( 43 1 20 80 )
11 68 ( 11 68 ) ( 11 9 84 68 )
18 43 ( 18 25 54 44 43 ) ( 18 41 82 43 )
24 65 ( 24 34 75 65 ) ( 24 29 68 78 65 )
5 80 ( 5 16 56 80 ) ( 5 75 80 )
29 5 ( 29 5 ) ( 29 20 82 5 )
76 72 ( 76 31 72 ) ( 76 64 43 72 )
56 45 ( 56 45 ) ( 56 79 61 45 )
24 62 ( 24 58 14 62 ) ( 24 37 74 62 )
70 28 ( 70 28 ) ( 70 29 58 81 28 )
50 55 ( 50 78 69 58 55 ) ( 50 41 18 55 )
80 78 ( 80 78 ) ( 80 54 36 52 78 )
23 26 ( 23 15 26 ) ( 23 47 26 )
35 14 ( 35 10 42 64 14 ) ( 35 83 14 )
79 58 ( 79 31 58 ) ( 79 25 19 49 58 )
20 12 ( 20 13 63 12 ) ( 20 6 12 )
80 4 ( 80 20 62 4 ) ( 80 55 4 )
82 54 ( 82 11 44 6 54 ) ( 82 5 54 )
17 39 ( 17 64 4 13 39 ) ( 17 84 75 39 )
10 84 ( 10 84 ) ( 10 6 0 78 84 )
50 15 ( 50 15 ) ( 50 69 30 15 )
46 49 ( 46 8 49 ) ( 46 45 64 25 49 )
84 49 ( 84 53 3 63 49 ) ( 84 70 78 74 49 )
70 83 ( 70 56 42 83 ) ( 70 13 75 6 83 )
55 21 ( 55 59 26 21 ) ( 55 27 21 )
19 6 ( 19 55 43 6 ) ( 19 82 6 )
23 46 ( 23 40 50 46 ) ( 23 80 46 )
38 28 ( 38 0 29 50 28 ) ( 38 70 19 28 )
57 41 ( 57 60 41 ) ( 57 15 41 )
52 3 ( 52 57 3 ) ( 52 54 29 15 3 )
51 53 ( 51 62 17 53 ) ( 51 78 53 )
58 55 ( 58 7 55 ) ( 58 22 74 55 )
58 7 ( 58 7 ) ( 58 49 50 7 )
56 24 ( 56 28 16 83 24 ) ( 56 0 24 )
15 37 ( 15 65 59 10 37 ) ( 15 58 32 80 37 )
73 17 ( 73 25 76 74 17 ) ( 73 42 48 17 )
13 23 ( 13 39 72 42 23 ) ( 13 24 15 23 )
58 61 ( 58 61 ) ( 58 41 15 61 )
18 42 ( 18 42 ) ( 18 30 42 )
27 79 ( 27 69 42 28 79 ) ( 27 56 51 79 )
22 12 ( 22 12 ) ( 22 55 12 )
30 24 ( 30 36 24 ) ( 30 79 24 )
49 22 ( 49 41 13 22 ) ( 49 75 53 44 22 )
17 47 ( 17 20 47 ) ( 17 27 61 54 47 )
83 28 ( 83 34 0 65 28 ) ( 83 24 28 )
9 73 ( 9 38 83 73 ) ( 9 60 73 )
17 40 ( 17 8 32 25 40 ) ( 17 55 40 )
4 38 ( 4 37 10 50 38 ) ( 4 49 45 30 38 )
25 75 ( 25 51 75 ) ( 25 44 75 )
52 50 ( 52 50 ) ( 52 5 8 78 50 )
14 40 ( 14 40 ) ( 14 24 30 74 40 )
29 69 ( 29 21 53 69 ) ( 29 26 69 )
18 16 ( 18 57 61 16 ) ( 18 17 16 )
34 26 ( 34 32 26 ) ( 34 45 26 )
13 47 ( 13 47 ) ( 13 32 25 47 )
62 22 ( 62 78 58 22 ) ( 62 68 59 22 )
26 54 ( 26 54 ) ( 26 52 44 54 )
34 30 ( 34 57 12 30 ) ( 34 2 5 58 30 )
15 52 ( 15 0 25 52 ) ( 15 22 55 52 )
72 15 ( 72 74 15 ) ( 72 55 26 75 15 )
15 13 ( 15 57 76 13 ) ( 15 16 60 73 13 )
46 62 ( 46 78 79 42 62 ) ( 46 69 62 )
84 79 ( 84 50 79 ) ( 84 54 64 65 79 )
22 51 ( 22 73 51 ) ( 22 74 51 )
56 35 ( 56 54 45 35 ) ( 56 12 49 35 )
2 59 ( 2 43 9 59 ) ( 2 41 4 69 59 )
32 54 ( 32 35 54 ) ( 32 20 54 )
34 1 ( 34 69 49 1 ) ( 34 37 40 1 )
84 4 ( 84 4 ) ( 84 50 18 4 )
18 53 ( 18 39 37 72 53 ) ( 18 80 76 65 53 )
28 45 ( 28 45 ) ( 28 80 39 45 )
75 82 ( 75 82 ) ( 75 65 76 82 )
21 64 ( 21 34 47 52 64 ) ( 21 16 64 )
40 30 ( 40 17 51 30 ) ( 40 73 9 31 30 )
16 54 ( 16 50 5 54 ) ( 16 47 20 1 54 )
29 0 ( 29 65 75 79 0 ) ( 29 14 38 0 )
41 54 ( 41 24 74 31 54 ) ( 41 76 54 )
63 40 ( 63 10 40 ) ( 63 73 52 61 40 )
78 15 ( 78 17 15 ) ( 78 53 15 )
14 10 ( 14 10 ) ( 14 1 13 39 10 )
55 8 ( 55 42 37 8 ) ( 55 24 8 )
20 48 ( 20 48 ) ( 20 36 48 )
69 64 ( 69 3 64 ) ( 69 44 17 56 64 )
59 27 ( 59 29 4 65 27 ) ( 59 68 57 27 )
76 26 ( 76 68 16 50 26 ) ( 76 4 26 )
8 13 ( 8 13 ) ( 8 50 13 )
4 75 ( 4 78 39 21 75 ) ( 4 49 75 )
14 49 ( 14 78 49 ) ( 14 44 61 19 49 )
22 53 ( 22 79 29 53 ) ( 22 17 53 )
44 34 ( 44 54 34 ) ( 44 37 22 59 34 )
28 18 ( 28 58 1 72 18 ) ( 28 51 18 )
27 56 ( 27 21 6 56 ) ( 27 43 75 51 56 )
45 69 ( 45 29 30 3 69 ) ( 45 2 0 41 69 )
24 60 ( 24 39 6 16 60 ) ( 24 41 78 60 )
3 7 ( 3 7 ) ( 3 51 81 73 7 )
64 0 ( 64 63 78 0 ) ( 64 8 80 23 0 )
20 68 ( 20 68 ) ( 20 23 14 79 68 )
64 8 ( 64 29 58 38 8 ) ( 64 36 55 27 8 )
51 11 ( 51 11 ) ( 51 56 9 11 )
74 49 ( 74 49 ) ( 74 44 26 80 49 )
65 10 ( 65 10 ) ( 65 17 38 10 )
13 26 ( 13 55 26 ) ( 13 10 26 )
39 7 ( 39 58 73 5 7 ) ( 39 4 44 15 7 )
78 9 ( 78 54 9 ) ( 78 59 45 9 )
34 69 ( 34 18 31 69 ) ( 34 32 8 68 69 )
32 63 ( 32 70 60 53 63 ) ( 32 43 42 49 63 )
57 2 ( 57 11 12 16 2 ) ( 57 62 15 2 )
56 26 ( 56 26 ) ( 56 8 40 22 26 )
16 24 ( 16 18 43 24 ) ( 16 79 12 25 24 )
47 54 ( 47 57 53 70 54 ) ( 47 69 54 )
65 2 ( 65 64 24 2 ) ( 65 6 74 2 )
14 15 ( 14 32 15 ) ( 14 55 8 15 )
27 73 ( 27 68 63 73 ) ( 27 31 73 )
23 50 ( 23 50 ) ( 23 36 74 57 50 )
39 40 ( 39 20 40 ) ( 39 49 40 )
25 10 ( 25 41 16 10 ) ( 25 73 11 10 )
24 15 ( 24 15 ) ( 24 68 55 58 15 )
14 3 ( 14 9 73 17 3 ) ( 14 84 45 56 3 )
39 70 ( 39 34 16 13 70 ) ( 39 57 27 29 70 )
45 38 ( 45 39 0 38 ) ( 45 22 16 58 38 )
37 20 ( 37 29 43 20 ) ( 37 36 20 )
29 4 ( 29 4 ) ( 29 74 83 44 4 )
30 37 ( 30 32 11 36 37 ) ( 30 8 51 82 37 )
13 68 ( 13 38 68 ) ( 13 45 63 68 )
82 81 ( 82 81 ) ( 82 4 81 )
76 3 ( 76 18 3 ) ( 76 52 3 )
6 39 ( 6 51 39 ) ( 6 47 17 39 )
68 57 ( 68 57 ) ( 68 40 32 30 57 )
79 8 ( 79 16 78 7 8 ) ( 79 69 82 43 8 )
0 16 ( 0 22 16 ) ( 0 63 3 16 )
61 29 ( 61 46 57 81 29 ) ( 61 53 29 )
54 36 ( 54 36 ) ( 54 30 78 8 36 )
22 68 ( 22 62 68 ) ( 22 32 68 )
0 59 ( 0 75 15 54 59 ) ( 0 12 59 )
78 57 ( 78 46 13 70 57 ) ( 78 18 57 )
9 38 ( 9 39 72 32 38 ) ( 9 81 14 38 )
15 21 ( 15 53 21 ) ( 15 31 52 43 21 )
32 42 ( 32 55 52 42 ) ( 32 58 42 )
44 76 ( 44 76 ) ( 44 61 39 15 76 )

EOF