DIMENSIONS
70 sommetsG2
65 sommetsG1
40 dem

SOMMETS
0  N0  C  9860  14152
1  N1  C  9396  14616
2  N2  C  11252  14848
3  N3  C  11020  13456
4  N4  C  9512  15776
5  N5  C  10788  13804
6  N6  C  10208  14384
7  N7  C  11600  13456
8  N8  C  11252  14036
9  N9  C  10672  15080
10  N10  C  11136  14152
11  N11  C  9860  13108
12  N12  C  10092  14964
13  N13  C  9512  13340
14  N14  C  10556  13688
15  N15  C  9628  14036
16  N16  C  10904  13108
17  N17  C  11368  12644
18  N18  C  11252  13340
19  N19  C  10672  13340
20  N20  C  11020  13108
21  N21  C  11020  13340
22  N22  C  11136  13572
23  N23  C  11020  13688
24  N24  C  8468  11136
25  N25  C  8932  12064
26  N26  C  9512  12412
27  N27  T  7772  11020
28  N28  C  8352  10672
29  N29  C  9164  12876
30  N30  C  9744  12528
31  N31  C  8352  10324
32  N32  C  8236  11020
33  N33  C  8468  12876
34  N34  C  8700  14036
35  N35  C  8932  13688
36  N36  C  9048  13804
37  N37  C  8468  12296
38  N38  C  8352  12644
39  N39  C  8236  13572
40  N40  C  9164  13340
41  N41  C  8004  12760
42  N42  C  8584  13108
43  N43  C  7772  14732
44  N44  C  7540  15080
45  N45  C  7424  17516
46  N46  C  8352  17052
47  N47  C  7540  16820
48  N48  C  7888  17168
49  N49  C  9744  15196
50  N50  C  9164  14964
51  N51  C  9744  16240
52  N52  C  7888  16936
53  N53  C  8236  15428
54  N54  T  9512  17400
55  N55  T  9164  16008
56  N56  C  8700  15312
57  N57  C  11716  16008
58  N58  T  12992  14964
59  N59  C  12412  14964
60  N60  C  12296  15312
61  N61  C  12528  15196
62  N62  C  15312  6612
63  N63  T  11716  16124
64  N64  C  11600  19720
65  N65  C  10324  17516
66  N66  C  12412  13340
67  N67  C  12876  12180
68  N68  C  13688  10904
69  N69  C  13688  11716

DEMANDES
13 23 ( 13 38 33 44 23 ) ( 13 25 23 )
35 66 ( 35 50 9 42 66 ) ( 35 1 17 66 )
9 56 ( 9 56 ) ( 9 7 69 56 )
15 35 ( 15 20 44 36 35 ) ( 15 34 68 35 )
20 53 ( 20 28 62 53 ) ( 20 19 24 56 53 )
64 4 ( 64 6 13 46 4 ) ( 64 62 24 4 )
4 1 ( 4 16 1 ) ( 4 67 1 )
59 18 ( 59 53 35 18 ) ( 59 46 37 18 )
2 30 ( 2 50 19 51 30 ) ( 2 44 24 48 30 )
11 30 ( 11 23 16 62 30 ) ( 11 24 48 66 30 )
41 46 ( 41 64 57 47 46 ) ( 41 33 15 46 )
66 64 ( 66 64 ) ( 66 44 30 43 64 )
19 21 ( 19 13 21 ) ( 19 38 21 )
29 11 ( 29 8 34 53 11 ) ( 29 68 11 )
65 47 ( 65 25 47 ) ( 65 20 16 40 47 )
17 10 ( 17 11 52 10 ) ( 17 5 10 )
66 3 ( 66 16 51 3 ) ( 66 45 3 )
67 44 ( 67 9 36 5 44 ) ( 67 4 44 )
14 32 ( 14 52 3 11 32 ) ( 14 69 62 32 )
8 69 ( 8 69 ) ( 8 5 0 64 69 )
41 12 ( 41 12 ) ( 41 57 25 12 )
38 40 ( 38 6 40 ) ( 38 37 53 21 40 )
69 40 ( 69 44 2 52 40 ) ( 69 64 61 68 40 )
52 68 ( 52 11 62 68 ) ( 52 5 45 68 )
17 44 ( 17 44 ) ( 17 22 23 16 44 )
5 44 ( 5 44 ) ( 5 35 68 44 )
19 38 ( 19 33 41 38 ) ( 19 66 38 )
31 23 ( 31 0 24 41 23 ) ( 31 16 47 23 )
33 21 ( 33 43 2 21 ) ( 33 28 21 )
48 47 ( 48 12 42 47 ) ( 48 43 51 47 )
22 51 ( 22 51 ) ( 22 47 45 18 51 )
37 6 ( 37 48 6 ) ( 37 7 25 40 6 )
20 23 ( 20 23 ) ( 20 0 57 13 23 )
30 67 ( 30 48 8 26 67 ) ( 30 66 64 60 67 )
14 38 ( 14 61 38 ) ( 14 34 40 11 38 )
19 60 ( 19 59 60 ) ( 19 34 20 60 )
12 47 ( 12 42 34 47 ) ( 12 50 47 )
12 15 ( 12 9 15 ) ( 12 25 15 )
22 65 ( 22 57 34 23 65 ) ( 22 46 42 65 )
18 10 ( 18 10 ) ( 18 45 10 )

EOF