DIMENSIONS
20 sommetsG2
18 sommetsG1
14 dem

SOMMETS
0  N0  C  41  49
1  N1  C  35  17
2  N2  C  55  45
3  N3  C  55  20
4  N4  C  15  30
5  N5  C  25  30
6  N6  C  20  50
7  N7  T  10  43
8  N8  C  55  60
9  N9  C  30  60
10  N10  C  20  65
11  N11  C  50  35
12  N12  C  30  25
13  N13  C  15  10
14  N14  C  30  5
15  N15  C  10  20
16  N16  T  5  30
17  N17  C  20  40
18  N18  C  15  60
19  N19  C  45  65

DEMANDES
15 18 ( 15 18 ) ( 15 5 11 18 )
9 12 ( 9 19 12 ) ( 9 18 14 12 )
2 12 ( 2 12 ) ( 2 3 12 )
8 2 ( 8 2 ) ( 8 4 10 12 2 )
5 12 ( 5 19 15 12 ) ( 5 10 8 12 )
17 5 ( 17 18 5 ) ( 17 1 10 3 5 )
13 17 ( 13 0 17 ) ( 13 9 17 )
1 4 ( 1 17 5 10 4 ) ( 1 15 13 0 4 )
8 18 ( 8 5 14 12 18 ) ( 8 13 3 17 18 )
6 4 ( 6 13 19 11 4 ) ( 6 17 8 4 )
18 13 ( 18 4 19 2 13 ) ( 18 17 12 13 )
8 12 ( 8 6 12 ) ( 8 4 3 5 12 )
11 8 ( 11 8 ) ( 11 2 9 15 8 )
19 18 ( 19 14 5 18 ) ( 19 4 11 18 )

EOF