DIMENSIONS
30 sommetsG2
25 sommetsG1
140 dem

SOMMETS
0  N0  C  41  49
1  N1  C  35  17
2  N2  C  55  45
3  N3  C  55  20
4  N4  C  15  30
5  N5  T  25  30
6  N6  C  20  50
7  N7  C  10  43
8  N8  C  55  60
9  N9  C  30  60
10  N10  C  20  65
11  N11  T  50  35
12  N12  C  30  25
13  N13  C  15  10
14  N14  C  30  5
15  N15  C  10  20
16  N16  C  5  30
17  N17  C  20  40
18  N18  C  15  60
19  N19  C  45  65
20  N20  C  45  20
21  N21  C  45  10
22  N22  C  55  5
23  N23  T  65  35
24  N24  C  65  20
25  N25  T  45  30
26  N26  C  35  40
27  N27  T  41  37
28  N28  C  64  42
29  N29  C  40  60

DEMANDES
10 8 ( 10 18 15 8 ) ( 10 28 19 8 )
21 4 ( 21 7 24 4 ) ( 21 12 4 )
3 29 ( 3 29 ) ( 3 18 8 29 )
19 15 ( 19 8 15 ) ( 19 12 26 10 15 )
24 2 ( 24 19 26 10 2 ) ( 24 1 0 2 )
13 1 ( 13 1 ) ( 13 7 16 22 1 )
15 20 ( 15 13 21 20 ) ( 15 8 20 )
22 19 ( 22 4 19 ) ( 22 13 26 24 19 )
9 6 ( 9 20 28 17 6 ) ( 9 19 13 6 )
24 20 ( 24 6 28 4 20 ) ( 24 26 19 20 )
12 18 ( 12 9 18 ) ( 12 13 6 8 18 )
16 12 ( 16 12 ) ( 16 3 14 22 12 )
29 28 ( 29 22 8 28 ) ( 29 6 17 28 )
7 4 ( 7 22 2 4 ) ( 7 28 4 )
1 15 ( 1 15 ) ( 1 21 15 )
19 29 ( 19 2 4 29 ) ( 19 15 6 13 29 )
24 17 ( 24 4 29 6 17 ) ( 24 26 17 )
1 26 ( 1 26 ) ( 1 17 26 )
4 24 ( 4 17 24 ) ( 4 13 20 24 )
2 15 ( 2 29 17 26 15 ) ( 2 22 15 )
18 1 ( 18 26 24 1 ) ( 18 29 22 20 1 )
14 4 ( 14 2 19 7 4 ) ( 14 18 6 21 4 )
2 18 ( 2 18 ) ( 2 15 29 18 )
8 16 ( 8 14 17 16 ) ( 8 28 16 )
13 10 ( 13 0 17 24 10 ) ( 13 7 20 10 )
14 9 ( 14 18 1 9 ) ( 14 12 9 )
20 19 ( 20 18 19 ) ( 20 21 19 )
9 22 ( 9 22 ) ( 9 20 19 7 22 )
7 26 ( 7 3 10 26 ) ( 7 17 26 )
17 19 ( 17 8 19 ) ( 17 9 29 0 19 )
24 9 ( 24 9 ) ( 24 28 22 9 )
20 3 ( 20 28 6 3 ) ( 20 16 8 3 )
26 14 ( 26 8 13 14 ) ( 26 20 14 )
18 14 ( 18 6 3 4 14 ) ( 18 10 9 24 14 )
14 10 ( 14 18 10 ) ( 14 7 4 10 )
2 3 ( 2 8 9 3 ) ( 2 12 28 3 )
17 7 ( 17 14 4 7 ) ( 17 26 18 15 7 )
6 16 ( 6 7 16 ) ( 6 9 21 19 16 )
29 10 ( 29 12 0 8 10 ) ( 29 3 10 )
21 1 ( 21 6 1 ) ( 21 14 2 9 1 )
19 24 ( 19 24 ) ( 19 1 24 )
13 20 ( 13 17 20 ) ( 13 15 20 )
17 10 ( 17 14 10 ) ( 17 18 15 7 10 )
2 14 ( 2 14 ) ( 2 8 10 26 14 )
10 24 ( 10 7 18 24 ) ( 10 9 24 )
6 18 ( 6 18 ) ( 6 21 12 9 18 )
13 6 ( 13 4 6 ) ( 13 16 0 6 )
7 19 ( 7 20 24 19 ) ( 7 9 0 15 19 )
18 19 ( 18 10 21 19 ) ( 18 24 20 19 )
4 0 ( 4 0 ) ( 4 18 21 17 0 )
0 9 ( 0 10 9 ) ( 0 20 26 9 )
19 9 ( 19 4 15 24 9 ) ( 19 20 9 )
21 26 ( 21 6 16 26 ) ( 21 28 14 24 26 )
9 26 ( 9 22 7 26 ) ( 9 18 14 26 )
26 19 ( 26 17 19 ) ( 26 16 4 19 )
17 0 ( 17 24 15 0 ) ( 17 3 14 0 )
13 4 ( 13 12 4 ) ( 13 0 4 )
21 17 ( 21 13 14 29 17 ) ( 21 1 2 17 )
22 13 ( 22 28 13 ) ( 22 26 10 16 13 )
6 14 ( 6 26 29 13 14 ) ( 6 22 7 14 )
22 28 ( 22 16 28 ) ( 22 18 14 28 )
10 19 ( 10 18 3 17 19 ) ( 10 20 19 )
17 1 ( 17 7 0 1 ) ( 17 10 18 1 )
26 13 ( 26 19 13 ) ( 26 28 4 8 13 )
26 10 ( 26 14 8 28 10 ) ( 26 3 18 21 10 )
8 6 ( 8 3 28 6 ) ( 8 0 6 )
4 3 ( 4 18 3 ) ( 4 2 14 3 )
13 8 ( 13 8 ) ( 13 16 1 12 8 )
24 22 ( 24 1 22 ) ( 24 15 6 19 22 )
20 9 ( 20 10 1 24 9 ) ( 20 22 8 9 )
1 3 ( 1 3 ) ( 1 4 3 )
26 28 ( 26 28 ) ( 26 14 7 17 28 )
17 14 ( 17 15 21 6 14 ) ( 17 7 19 16 14 )
0 10 ( 0 10 ) ( 0 12 9 10 )
21 9 ( 21 9 ) ( 21 7 20 0 9 )
18 9 ( 18 7 2 9 ) ( 18 15 26 9 )
18 15 ( 18 22 10 1 15 ) ( 18 0 14 8 15 )
21 24 ( 21 2 14 24 ) ( 21 1 7 24 )
21 18 ( 21 18 ) ( 21 26 4 14 18 )
22 0 ( 22 2 28 0 ) ( 22 3 8 7 0 )
22 8 ( 22 8 ) ( 22 2 29 10 8 )
13 19 ( 13 3 19 ) ( 13 2 4 19 )
19 3 ( 19 6 20 15 3 ) ( 19 9 28 3 )
15 6 ( 15 9 6 ) ( 15 13 6 )
0 19 ( 0 19 ) ( 0 2 20 19 )
3 17 ( 3 16 12 17 ) ( 3 24 6 2 17 )
28 24 ( 28 15 18 24 ) ( 28 17 20 24 )
17 4 ( 17 4 ) ( 17 22 4 )
3 26 ( 3 26 ) ( 3 8 19 26 )
28 6 ( 28 4 8 6 ) ( 28 16 19 26 6 )
6 20 ( 6 24 0 20 ) ( 6 17 18 22 20 )
8 2 ( 8 10 13 19 2 ) ( 8 3 2 )
18 3 ( 18 8 17 2 3 ) ( 18 12 26 20 3 )
13 14 ( 13 7 14 ) ( 13 17 14 )
9 3 ( 9 14 4 3 ) ( 9 8 0 3 )
8 24 ( 8 1 28 24 ) ( 8 3 6 29 24 )
16 20 ( 16 26 20 ) ( 16 21 12 4 20 )
10 15 ( 10 21 15 ) ( 10 13 16 15 )
0 8 ( 0 8 ) ( 0 13 7 19 8 )
6 10 ( 6 1 2 10 ) ( 6 24 26 10 )
29 15 ( 29 10 15 ) ( 29 13 15 )
20 4 ( 20 18 4 ) ( 20 29 4 )
9 13 ( 9 29 28 13 ) ( 9 2 0 1 13 )
12 6 ( 12 2 13 18 6 ) ( 12 16 24 6 )
20 2 ( 20 10 3 26 2 ) ( 20 24 29 2 )
15 0 ( 15 0 ) ( 15 18 0 )
7 22 ( 7 22 ) ( 7 10 26 8 22 )
28 18 ( 28 0 29 18 ) ( 28 10 2 18 )
7 24 ( 7 21 24 ) ( 7 0 24 )
20 26 ( 20 26 ) ( 20 19 4 8 26 )
16 4 ( 16 3 13 28 4 ) ( 16 7 4 )
10 18 ( 10 15 18 ) ( 10 20 0 18 )
20 21 ( 20 9 21 ) ( 20 10 19 7 21 )
3 0 ( 3 0 ) ( 3 15 7 6 0 )
16 26 ( 16 12 22 14 26 ) ( 16 2 26 )
13 28 ( 13 7 6 8 28 ) ( 13 9 17 28 )
26 15 ( 26 19 29 9 15 ) ( 26 22 16 15 )
17 2 ( 17 1 15 12 2 ) ( 17 4 2 )
21 6 ( 21 24 14 6 ) ( 21 15 6 )
3 16 ( 3 0 16 ) ( 3 21 16 )
20 28 ( 20 21 9 19 28 ) ( 20 4 2 26 28 )
4 29 ( 4 3 0 29 ) ( 4 9 8 1 29 )
19 14 ( 19 8 13 14 ) ( 19 9 17 14 )
29 7 ( 29 7 ) ( 29 3 7 )
2 4 ( 2 7 16 24 4 ) ( 2 12 17 13 4 )
1 4 ( 1 21 24 4 ) ( 1 20 28 4 )
10 3 ( 10 7 3 ) ( 10 26 3 )
20 14 ( 20 24 14 ) ( 20 21 16 14 )
16 2 ( 16 0 1 2 ) ( 16 21 2 )
1 29 ( 1 19 29 ) ( 1 8 29 )
10 22 ( 10 19 6 22 ) ( 10 0 22 )
22 16 ( 22 2 16 ) ( 22 4 13 16 )
13 21 ( 13 0 22 21 ) ( 13 19 24 21 )
1 16 ( 1 0 16 ) ( 1 12 28 16 )
21 19 ( 21 2 12 19 ) ( 21 15 14 13 19 )
7 28 ( 7 28 ) ( 7 22 28 )
14 24 ( 14 17 16 24 ) ( 14 29 10 24 )
13 17 ( 13 29 1 17 ) ( 13 0 12 17 )
9 29 ( 9 21 14 29 ) ( 9 15 3 29 )
8 1 ( 8 1 ) ( 8 16 18 1 )

EOF