DIMENSIONS
75 sommetsG2
70 sommetsG1
20 dem

SOMMETS
0  N0  C  41  49
1  N1  C  35  17
2  N2  C  55  45
3  N3  C  55  20
4  N4  C  15  30
5  N5  C  25  30
6  N6  C  20  50
7  N7  C  10  43
8  N8  C  55  60
9  N9  C  30  60
10  N10  C  20  65
11  N11  C  50  35
12  N12  C  30  25
13  N13  C  15  10
14  N14  C  30  5
15  N15  C  10  20
16  N16  C  5  30
17  N17  C  20  40
18  N18  C  15  60
19  N19  C  45  65
20  N20  C  45  20
21  N21  C  45  10
22  N22  C  55  5
23  N23  C  65  35
24  N24  C  65  20
25  N25  C  45  30
26  N26  C  35  40
27  N27  C  41  37
28  N28  C  64  42
29  N29  T  40  60
30  N30  C  31  52
31  N31  C  35  69
32  N32  C  53  52
33  N33  C  65  55
34  N34  C  63  65
35  N35  C  2  60
36  N36  C  20  20
37  N37  C  5  5
38  N38  C  60  12
39  N39  C  40  25
40  N40  C  42  7
41  N41  C  24  12
42  N42  C  23  3
43  N43  C  11  14
44  N44  C  6  38
45  N45  C  2  48
46  N46  C  8  56
47  N47  C  13  52
48  N48  C  6  68
49  N49  C  47  47
50  N50  C  49  58
51  N51  C  27  43
52  N52  C  37  31
53  N53  C  57  29
54  N54  C  63  23
55  N55  C  53  12
56  N56  C  32  12
57  N57  C  36  26
58  N58  T  21  24
59  N59  T  17  34
60  N60  C  12  24
61  N61  C  24  58
62  N62  C  27  69
63  N63  T  15  77
64  N64  C  62  77
65  N65  C  49  73
66  N66  C  67  5
67  N67  C  56  39
68  N68  T  37  47
69  N69  C  37  56
70  N70  C  57  68
71  N71  C  47  16
72  N72  C  44  17
73  N73  C  46  13
74  N74  C  49  11

DEMANDES
14 25 ( 14 41 35 47 25 ) ( 14 27 25 )
38 71 ( 38 53 10 45 71 ) ( 38 1 18 71 )
10 60 ( 10 60 ) ( 10 9 8 60 )
74 16 ( 74 45 22 16 ) ( 74 47 39 37 16 )
72 21 ( 72 57 30 66 21 ) ( 72 26 60 21 )
5 71 ( 5 14 49 71 ) ( 5 66 71 )
26 4 ( 26 4 ) ( 26 17 72 4 )
67 19 ( 67 57 38 19 ) ( 67 50 39 19 )
2 32 ( 2 54 21 55 32 ) ( 2 47 26 51 32 )
12 33 ( 12 24 17 67 33 ) ( 12 26 51 71 33 )
44 49 ( 44 69 61 51 49 ) ( 44 36 16 49 )
71 69 ( 71 69 ) ( 71 48 32 46 69 )
21 23 ( 21 14 23 ) ( 21 20 23 )
41 31 ( 41 31 ) ( 41 7 9 37 31 )
57 73 ( 57 28 56 27 73 ) ( 57 22 17 43 73 )
18 11 ( 18 12 55 11 ) ( 18 5 11 )
71 3 ( 71 18 54 3 ) ( 71 49 3 )
72 47 ( 72 10 39 5 47 ) ( 72 15 47 )
34 61 ( 34 3 11 61 ) ( 34 74 15 66 61 )
9 74 ( 9 74 ) ( 9 5 0 69 74 )

EOF