DIMENSIONS
85 sommetsG2
80 sommetsG1
85 dem

SOMMETS
0  N0  C  41  49
1  N1  C  35  17
2  N2  C  55  45
3  N3  C  55  20
4  N4  C  15  30
5  N5  C  25  30
6  N6  C  20  50
7  N7  C  10  43
8  N8  C  55  60
9  N9  C  30  60
10  N10  C  20  65
11  N11  C  50  35
12  N12  C  30  25
13  N13  C  15  10
14  N14  C  30  5
15  N15  C  10  20
16  N16  C  5  30
17  N17  C  20  40
18  N18  C  15  60
19  N19  C  45  65
20  N20  C  45  20
21  N21  C  45  10
22  N22  C  55  5
23  N23  C  65  35
24  N24  C  65  20
25  N25  C  45  30
26  N26  C  35  40
27  N27  C  41  37
28  N28  C  64  42
29  N29  C  40  60
30  N30  C  31  52
31  N31  C  35  69
32  N32  C  53  52
33  N33  T  65  55
34  N34  C  63  65
35  N35  C  2  60
36  N36  C  20  20
37  N37  C  5  5
38  N38  C  60  12
39  N39  C  40  25
40  N40  C  42  7
41  N41  C  24  12
42  N42  C  23  3
43  N43  C  11  14
44  N44  C  6  38
45  N45  C  2  48
46  N46  C  8  56
47  N47  C  13  52
48  N48  C  6  68
49  N49  C  47  47
50  N50  C  49  58
51  N51  C  27  43
52  N52  C  37  31
53  N53  C  57  29
54  N54  C  63  23
55  N55  C  53  12
56  N56  C  32  12
57  N57  C  36  26
58  N58  C  21  24
59  N59  C  17  34
60  N60  C  12  24
61  N61  C  24  58
62  N62  C  27  69
63  N63  C  15  77
64  N64  C  62  77
65  N65  C  49  73
66  N66  T  67  5
67  N67  T  56  39
68  N68  C  37  47
69  N69  C  37  56
70  N70  C  57  68
71  N71  T  47  16
72  N72  C  44  17
73  N73  C  46  13
74  N74  C  49  11
75  N75  C  49  42
76  N76  C  53  43
77  N77  T  61  52
78  N78  C  57  48
79  N79  C  56  37
80  N80  C  55  54
81  N81  C  15  47
82  N82  C  14  37
83  N83  C  11  31
84  N84  C  16  22

DEMANDES
16 28 ( 16 47 40 53 28 ) ( 16 31 28 )
43 80 ( 43 60 12 51 80 ) ( 43 1 20 80 )
11 68 ( 11 68 ) ( 11 9 84 68 )
18 43 ( 18 25 54 44 43 ) ( 18 41 82 43 )
24 65 ( 24 34 75 65 ) ( 24 29 68 78 65 )
5 80 ( 5 16 56 80 ) ( 5 75 80 )
29 5 ( 29 5 ) ( 29 20 82 5 )
76 72 ( 76 31 72 ) ( 76 64 43 72 )
56 45 ( 56 45 ) ( 56 79 61 45 )
24 62 ( 24 58 14 62 ) ( 24 37 74 62 )
70 28 ( 70 28 ) ( 70 29 58 81 28 )
50 55 ( 50 78 69 58 55 ) ( 50 41 18 55 )
80 78 ( 80 78 ) ( 80 54 36 52 78 )
23 26 ( 23 15 26 ) ( 23 47 26 )
35 14 ( 35 10 42 64 14 ) ( 35 83 14 )
79 58 ( 79 31 58 ) ( 79 25 19 49 58 )
20 12 ( 20 13 63 12 ) ( 20 6 12 )
80 4 ( 80 20 62 4 ) ( 80 55 4 )
82 54 ( 82 11 44 6 54 ) ( 82 5 54 )
17 39 ( 17 64 4 13 39 ) ( 17 84 75 39 )
10 84 ( 10 84 ) ( 10 6 0 78 84 )
50 15 ( 50 15 ) ( 50 69 30 15 )
46 49 ( 46 8 49 ) ( 46 45 64 25 49 )
84 49 ( 84 53 3 63 49 ) ( 84 70 78 74 49 )
70 83 ( 70 56 42 83 ) ( 70 13 75 6 83 )
55 21 ( 55 59 26 21 ) ( 55 27 21 )
19 6 ( 19 55 43 6 ) ( 19 82 6 )
23 46 ( 23 40 50 46 ) ( 23 80 46 )
38 28 ( 38 0 29 50 28 ) ( 38 70 19 28 )
57 41 ( 57 60 41 ) ( 57 15 41 )
52 3 ( 52 57 3 ) ( 52 54 29 15 3 )
51 53 ( 51 62 17 53 ) ( 51 78 53 )
58 55 ( 58 7 55 ) ( 58 22 74 55 )
58 7 ( 58 7 ) ( 58 49 50 7 )
56 24 ( 56 28 16 83 24 ) ( 56 0 24 )
15 37 ( 15 65 59 10 37 ) ( 15 58 32 80 37 )
73 17 ( 73 25 76 74 17 ) ( 73 42 48 17 )
13 23 ( 13 39 72 42 23 ) ( 13 24 15 23 )
58 61 ( 58 61 ) ( 58 41 15 61 )
18 42 ( 18 42 ) ( 18 30 42 )
27 79 ( 27 69 42 28 79 ) ( 27 56 51 79 )
22 12 ( 22 12 ) ( 22 55 12 )
30 24 ( 30 36 24 ) ( 30 79 24 )
49 22 ( 49 41 13 22 ) ( 49 75 53 44 22 )
17 47 ( 17 20 47 ) ( 17 27 61 54 47 )
83 28 ( 83 34 0 65 28 ) ( 83 24 28 )
9 73 ( 9 38 83 73 ) ( 9 60 73 )
17 40 ( 17 8 32 25 40 ) ( 17 55 40 )
4 38 ( 4 37 10 50 38 ) ( 4 49 45 30 38 )
25 75 ( 25 51 75 ) ( 25 44 75 )
52 50 ( 52 50 ) ( 52 5 8 78 50 )
14 40 ( 14 40 ) ( 14 24 30 74 40 )
29 69 ( 29 21 53 69 ) ( 29 26 69 )
18 16 ( 18 57 61 16 ) ( 18 17 16 )
34 26 ( 34 32 26 ) ( 34 45 26 )
13 47 ( 13 47 ) ( 13 32 25 47 )
62 22 ( 62 78 58 22 ) ( 62 68 59 22 )
26 54 ( 26 54 ) ( 26 52 44 54 )
34 30 ( 34 57 12 30 ) ( 34 2 5 58 30 )
15 52 ( 15 0 25 52 ) ( 15 22 55 52 )
72 15 ( 72 74 15 ) ( 72 55 26 75 15 )
15 13 ( 15 57 76 13 ) ( 15 16 60 73 13 )
46 62 ( 46 78 79 42 62 ) ( 46 69 62 )
84 79 ( 84 50 79 ) ( 84 54 64 65 79 )
22 51 ( 22 73 51 ) ( 22 74 51 )
56 35 ( 56 54 45 35 ) ( 56 12 49 35 )
2 59 ( 2 43 9 59 ) ( 2 41 4 69 59 )
32 54 ( 32 35 54 ) ( 32 20 54 )
34 1 ( 34 69 49 1 ) ( 34 37 40 1 )
84 4 ( 84 4 ) ( 84 50 18 4 )
18 53 ( 18 39 37 72 53 ) ( 18 80 76 65 53 )
28 45 ( 28 45 ) ( 28 80 39 45 )
75 82 ( 75 82 ) ( 75 65 76 82 )
21 64 ( 21 34 47 52 64 ) ( 21 16 64 )
40 30 ( 40 17 51 30 ) ( 40 73 9 31 30 )
16 54 ( 16 50 5 54 ) ( 16 47 20 1 54 )
29 0 ( 29 65 75 79 0 ) ( 29 14 38 0 )
41 54 ( 41 24 74 31 54 ) ( 41 76 54 )
63 40 ( 63 10 40 ) ( 63 73 52 61 40 )
78 15 ( 78 17 15 ) ( 78 53 15 )
14 10 ( 14 10 ) ( 14 1 13 39 10 )
55 8 ( 55 42 37 8 ) ( 55 24 8 )
20 48 ( 20 48 ) ( 20 36 48 )
69 64 ( 69 3 64 ) ( 69 44 17 56 64 )
59 27 ( 59 29 4 65 27 ) ( 59 68 57 27 )

EOF