DIMENSIONS
35 sommetsG2
30 sommetsG1
60 dem

SOMMETS
0  N0  C  63  71
1  N1  C  94  71
2  N2  C  142  370
3  N3  C  173  1276
4  N4  C  205  1213
5  N5  C  213  69
6  N6  T  244  69
7  N7  C  276  630
8  N8  C  283  732
9  N9  C  362  69
10  N10  C  394  69
11  N11  C  449  370
12  N12  C  480  1276
13  N13  T  512  1213
14  N14  C  528  157
15  N15  C  583  630
16  N16  C  591  732
17  N17  C  638  654
18  N18  C  638  496
19  N19  C  638  314
20  N20  C  638  142
21  N21  C  669  142
22  N22  C  677  315
23  N23  C  677  496
24  N24  C  677  654
25  N25  C  709  654
26  N26  C  709  496
27  N27  T  709  315
28  N28  C  701  142
29  N29  T  764  220
30  N30  C  811  189
31  N31  T  843  173
32  N32  C  858  370
33  N33  C  890  1276
34  N34  C  921  1213

DEMANDES
11 26 ( 11 16 26 ) ( 11 22 12 26 )
17 33 ( 17 25 4 21 33 ) ( 17 0 8 33 )
4 28 ( 4 28 ) ( 4 3 34 28 )
7 17 ( 7 10 22 18 17 ) ( 7 34 26 17 )
18 26 ( 18 9 26 ) ( 18 12 28 32 26 )
2 33 ( 2 23 12 33 ) ( 2 0 33 )
16 2 ( 16 2 ) ( 16 9 18 26 2 )
17 23 ( 17 15 32 23 ) ( 17 25 23 )
9 25 ( 9 24 5 25 ) ( 9 15 30 25 )
11 8 ( 11 24 33 20 8 ) ( 11 23 30 8 )
15 32 ( 15 23 32 ) ( 15 16 7 33 32 )
32 5 ( 32 15 21 9 5 ) ( 32 10 7 5 )
9 19 ( 9 3 19 ) ( 9 4 19 )
17 26 ( 17 23 12 10 26 ) ( 17 8 20 5 26 )
25 4 ( 25 26 2 33 4 ) ( 25 1 4 )
18 8 ( 18 22 33 26 8 ) ( 18 3 4 2 8 )
2 7 ( 2 20 7 ) ( 2 26 1 5 7 )
34 7 ( 34 1 30 2 7 ) ( 34 0 7 )
32 20 ( 32 20 ) ( 32 28 20 )
12 19 ( 12 24 3 19 ) ( 12 18 26 19 )
10 34 ( 10 26 22 34 ) ( 10 1 32 30 34 )
34 26 ( 34 23 17 5 26 ) ( 34 2 22 8 26 )
22 8 ( 22 11 2 8 ) ( 22 7 8 )
22 17 ( 22 19 25 3 17 ) ( 22 16 17 )
20 33 ( 20 15 33 ) ( 20 0 12 33 )
20 8 ( 20 16 10 8 ) ( 20 24 21 8 )
1 14 ( 1 22 12 14 ) ( 1 21 25 11 14 )
25 7 ( 25 22 9 18 7 ) ( 25 3 30 24 7 )
3 12 ( 3 23 10 12 ) ( 3 11 34 12 )
0 28 ( 0 15 28 ) ( 0 33 28 )
32 26 ( 32 24 33 26 ) ( 32 30 26 )
7 19 ( 7 30 19 ) ( 7 17 20 5 19 )
9 30 ( 9 17 30 ) ( 9 10 23 30 )
21 17 ( 21 7 4 12 17 ) ( 21 11 32 28 17 )
17 11 ( 17 21 11 ) ( 17 9 5 11 )
2 3 ( 2 10 11 3 ) ( 2 14 32 3 )
20 9 ( 20 17 5 9 ) ( 20 30 21 18 9 )
14 8 ( 14 22 8 ) ( 14 34 11 4 8 )
14 0 ( 14 10 4 30 0 ) ( 14 25 1 15 0 )
34 24 ( 34 24 ) ( 34 30 3 24 )
3 10 ( 3 4 1 10 ) ( 3 16 24 15 10 )
4 20 ( 4 12 10 20 ) ( 4 16 5 20 )
21 18 ( 21 8 2 18 ) ( 21 3 32 18 )
5 16 ( 5 16 ) ( 5 10 12 30 16 )
12 28 ( 12 9 21 28 ) ( 12 10 28 )
7 21 ( 7 21 ) ( 7 25 14 11 21 )
15 8 ( 15 5 8 ) ( 15 19 0 8 )
10 25 ( 10 19 25 ) ( 10 32 24 25 )
28 24 ( 28 0 24 ) ( 28 18 21 24 )
22 18 ( 22 25 18 ) ( 22 28 23 18 )
5 1 ( 5 1 ) ( 5 21 24 19 1 )
0 10 ( 0 30 10 ) ( 0 11 23 10 )
30 22 ( 30 5 22 ) ( 30 17 23 24 22 )
30 19 ( 30 8 32 19 ) ( 30 17 28 20 19 )
23 34 ( 23 30 20 22 34 ) ( 23 26 34 )
9 21 ( 9 30 21 ) ( 9 23 21 )
14 21 ( 14 18 5 21 ) ( 14 20 1 21 )
24 18 ( 24 3 17 1 18 ) ( 24 28 22 18 )
15 5 ( 15 14 5 ) ( 15 0 5 )
25 20 ( 25 15 16 34 20 ) ( 25 2 22 20 )

EOF