DIMENSIONS
60 sommetsG2
55 sommetsG1
50 dem

SOMMETS
0  N0  C  63  71
1  N1  C  94  71
2  N2  C  142  370
3  N3  C  173  1276
4  N4  C  205  1213
5  N5  C  213  69
6  N6  C  244  69
7  N7  C  276  630
8  N8  C  283  732
9  N9  C  362  69
10  N10  C  394  69
11  N11  C  449  370
12  N12  C  480  1276
13  N13  C  512  1213
14  N14  C  528  157
15  N15  C  583  630
16  N16  C  591  732
17  N17  C  638  654
18  N18  C  638  496
19  N19  C  638  314
20  N20  C  638  142
21  N21  C  669  142
22  N22  C  677  315
23  N23  T  677  496
24  N24  C  677  654
25  N25  C  709  654
26  N26  C  709  496
27  N27  C  709  315
28  N28  C  701  142
29  N29  C  764  220
30  N30  C  811  189
31  N31  C  843  173
32  N32  C  858  370
33  N33  C  890  1276
34  N34  C  921  1213
35  N35  C  992  630
36  N36  C  1000  732
37  N37  C  1197  1276
38  N38  C  1228  1213
39  N39  C  1276  205
40  N40  C  1299  630
41  N41  C  1307  732
42  N42  C  1362  654
43  N43  C  1362  496
44  N44  C  1362  291
45  N45  C  1425  654
46  N46  T  1425  496
47  N47  T  1425  291
48  N48  C  1417  173
49  N49  C  1488  291
50  N50  T  1488  496
51  N51  C  1488  654
52  N52  C  1551  654
53  N53  C  1551  496
54  N54  T  1551  291
55  N55  C  1614  291
56  N56  C  1614  496
57  N57  C  1614  654
58  N58  C  1732  189
59  N59  C  1811  1276

DEMANDES
11 20 ( 11 33 28 37 20 ) ( 11 21 20 )
30 57 ( 30 43 8 36 57 ) ( 30 0 14 57 )
8 48 ( 8 48 ) ( 8 7 6 48 )
59 13 ( 59 36 17 13 ) ( 59 38 31 29 13 )
58 17 ( 58 24 53 16 17 ) ( 58 21 48 17 )
55 4 ( 55 5 11 39 4 ) ( 55 53 20 4 )
3 1 ( 3 14 1 ) ( 3 58 1 )
51 15 ( 51 45 30 15 ) ( 51 40 31 15 )
2 26 ( 2 43 17 44 26 ) ( 2 38 21 41 26 )
9 26 ( 9 19 13 53 26 ) ( 9 21 41 57 26 )
35 39 ( 35 55 48 41 39 ) ( 35 28 12 39 )
57 55 ( 57 55 ) ( 57 38 25 37 55 )
16 18 ( 16 11 18 ) ( 16 33 18 )
24 10 ( 24 7 29 45 10 ) ( 24 59 10 )
56 41 ( 56 22 41 ) ( 56 17 13 35 41 )
14 9 ( 14 44 4 9 ) ( 14 57 9 )
3 31 ( 3 31 ) ( 3 43 31 )
39 58 ( 39 5 8 58 ) ( 39 31 4 12 58 )
27 49 ( 27 3 9 49 ) ( 27 59 12 53 49 )
7 59 ( 7 59 ) ( 7 4 0 55 59 )
35 10 ( 35 10 ) ( 35 49 21 10 )
33 34 ( 33 5 34 ) ( 33 31 45 18 34 )
59 34 ( 59 37 2 44 34 ) ( 59 49 55 52 34 )
49 58 ( 49 59 40 58 ) ( 49 29 9 53 58 )
4 38 ( 4 38 ) ( 4 13 42 38 )
19 13 ( 19 13 ) ( 19 39 30 13 )
58 16 ( 58 6 28 16 ) ( 58 35 56 27 16 )
20 26 ( 20 26 ) ( 20 35 49 26 )
14 40 ( 14 18 40 ) ( 14 42 10 40 )
37 2 ( 37 40 2 ) ( 37 38 20 11 2 )
36 37 ( 36 44 12 37 ) ( 36 55 37 )
41 39 ( 41 5 39 ) ( 41 15 52 39 )
41 5 ( 41 5 ) ( 41 34 35 5 )
39 17 ( 39 19 11 59 17 ) ( 39 0 17 )
49 19 ( 49 19 ) ( 49 57 55 19 )
45 41 ( 45 41 ) ( 45 56 51 12 41 )
32 17 ( 32 52 29 34 17 ) ( 32 9 16 51 17 )
29 27 ( 29 17 10 41 27 ) ( 29 43 8 27 )
36 29 ( 36 10 13 7 29 ) ( 36 8 21 19 29 )
55 37 ( 55 29 20 39 37 ) ( 55 36 15 9 37 )
4 6 ( 4 17 19 6 ) ( 4 5 25 6 )
56 35 ( 56 45 35 ) ( 56 29 9 35 )
52 37 ( 52 33 25 37 ) ( 52 49 37 )
14 19 ( 14 59 20 19 ) ( 14 53 8 19 )
24 0 ( 24 17 6 51 0 ) ( 24 43 2 26 0 )
59 42 ( 59 42 ) ( 59 51 5 42 )
5 22 ( 5 48 22 ) ( 5 7 3 22 )
3 27 ( 3 26 7 35 27 ) ( 3 34 31 21 27 )
18 53 ( 18 36 53 ) ( 18 31 53 )
37 35 ( 37 35 ) ( 37 4 5 55 35 )

EOF