DIMENSIONS
95 sommetsG2
90 sommetsG1
65 dem

SOMMETS
0  N0  C  63  71
1  N1  C  94  71
2  N2  C  142  370
3  N3  C  173  1276
4  N4  C  205  1213
5  N5  C  213  69
6  N6  C  244  69
7  N7  C  276  630
8  N8  C  283  732
9  N9  C  362  69
10  N10  C  394  69
11  N11  C  449  370
12  N12  C  480  1276
13  N13  C  512  1213
14  N14  C  528  157
15  N15  C  583  630
16  N16  C  591  732
17  N17  C  638  654
18  N18  C  638  496
19  N19  C  638  314
20  N20  C  638  142
21  N21  C  669  142
22  N22  C  677  315
23  N23  C  677  496
24  N24  C  677  654
25  N25  C  709  654
26  N26  C  709  496
27  N27  C  709  315
28  N28  C  701  142
29  N29  C  764  220
30  N30  C  811  189
31  N31  C  843  173
32  N32  C  858  370
33  N33  C  890  1276
34  N34  C  921  1213
35  N35  C  992  630
36  N36  C  1000  732
37  N37  T  1197  1276
38  N38  C  1228  1213
39  N39  C  1276  205
40  N40  C  1299  630
41  N41  C  1307  732
42  N42  C  1362  654
43  N43  C  1362  496
44  N44  C  1362  291
45  N45  C  1425  654
46  N46  C  1425  496
47  N47  C  1425  291
48  N48  C  1417  173
49  N49  C  1488  291
50  N50  C  1488  496
51  N51  C  1488  654
52  N52  C  1551  654
53  N53  C  1551  496
54  N54  C  1551  291
55  N55  C  1614  291
56  N56  C  1614  496
57  N57  C  1614  654
58  N58  C  1732  189
59  N59  C  1811  1276
60  N60  C  1843  1213
61  N61  C  1913  630
62  N62  C  1921  732
63  N63  C  2087  370
64  N64  C  2118  1276
65  N65  C  2150  1213
66  N66  C  2189  205
67  N67  C  2220  189
68  N68  C  2220  630
69  N69  C  2228  732
70  N70  C  2244  142
71  N71  C  2276  315
72  N72  C  2276  496
73  N73  C  2276  654
74  N74  T  2315  654
75  N75  T  2315  496
76  N76  C  2315  315
77  N77  C  2331  142
78  N78  C  2346  315
79  N79  T  2346  496
80  N80  C  2346  654
81  N81  C  2362  142
82  N82  C  2402  157
83  N83  C  2402  220
84  N84  C  2480  142
85  N85  C  2496  370
86  N86  T  2528  1276
87  N87  C  2559  1213
88  N88  C  2630  630
89  N89  C  2638  732
90  N90  C  2756  69
91  N91  C  2787  69
92  N92  C  2803  370
93  N93  C  2835  1276
94  N94  C  2866  1213

DEMANDES
18 31 ( 18 52 45 59 31 ) ( 18 34 31 )
48 90 ( 48 68 13 57 90 ) ( 48 1 23 90 )
13 76 ( 13 76 ) ( 13 12 10 76 )
94 20 ( 94 58 28 20 ) ( 94 60 49 46 20 )
92 27 ( 92 73 38 84 27 ) ( 92 26 33 27 )
76 87 ( 76 87 ) ( 76 49 8 18 87 )
63 84 ( 63 1 84 ) ( 63 43 84 )
5 22 ( 5 80 25 51 22 ) ( 5 35 72 48 22 )
63 50 ( 63 50 ) ( 63 88 68 50 )
27 70 ( 27 65 15 70 ) ( 27 41 83 70 )
78 31 ( 78 31 ) ( 78 33 65 90 31 )
55 62 ( 55 87 77 65 62 ) ( 55 45 20 62 )
90 87 ( 90 87 ) ( 90 60 41 58 87 )
26 29 ( 26 17 29 ) ( 26 52 29 )
39 16 ( 39 11 47 72 16 ) ( 39 93 16 )
88 65 ( 88 35 65 ) ( 88 27 22 55 65 )
23 14 ( 23 15 70 14 ) ( 23 7 14 )
90 4 ( 90 22 69 4 ) ( 90 62 4 )
91 60 ( 91 12 49 7 60 ) ( 91 6 60 )
19 43 ( 19 71 4 14 43 ) ( 19 94 84 43 )
11 94 ( 11 94 ) ( 11 6 0 87 94 )
56 17 ( 56 17 ) ( 56 77 34 17 )
52 55 ( 52 9 55 ) ( 52 50 71 28 55 )
94 54 ( 94 59 3 71 54 ) ( 94 87 82 78 54 )
93 70 ( 93 63 47 15 70 ) ( 93 78 84 7 70 )
61 23 ( 61 66 30 23 ) ( 61 31 23 )
21 7 ( 21 61 48 7 ) ( 21 92 7 )
26 51 ( 26 44 56 51 ) ( 26 89 51 )
42 31 ( 42 0 32 56 31 ) ( 42 22 64 31 )
45 28 ( 45 59 3 28 ) ( 45 39 28 )
66 64 ( 66 17 57 64 ) ( 66 59 69 64 )
31 70 ( 31 70 ) ( 31 65 62 24 70 )
50 8 ( 50 65 8 ) ( 50 10 34 54 8 )
56 63 ( 56 27 63 ) ( 56 31 18 93 63 )
0 78 ( 0 41 78 ) ( 0 91 78 )
87 72 ( 87 65 36 72 ) ( 87 73 72 )
89 87 ( 89 52 28 85 87 ) ( 89 83 87 )
47 54 ( 47 54 ) ( 47 82 54 )
46 44 ( 46 27 17 64 44 ) ( 46 69 13 44 )
57 46 ( 57 16 21 47 46 ) ( 57 11 13 34 46 )
30 88 ( 30 77 47 31 88 ) ( 30 62 57 88 )
24 14 ( 24 14 ) ( 24 61 14 )
34 27 ( 34 40 27 ) ( 34 88 27 )
55 25 ( 55 46 14 25 ) ( 55 83 59 49 25 )
19 52 ( 19 23 52 ) ( 19 30 69 60 52 )
93 32 ( 93 39 0 73 32 ) ( 93 27 32 )
10 82 ( 10 42 93 82 ) ( 10 67 82 )
20 45 ( 20 9 36 28 45 ) ( 20 62 45 )
76 12 ( 76 12 ) ( 76 43 12 )
65 42 ( 65 42 ) ( 65 54 50 42 )
56 34 ( 56 45 34 ) ( 56 16 57 49 34 )
58 56 ( 58 56 ) ( 58 6 9 87 56 )
16 45 ( 16 45 ) ( 16 27 33 83 45 )
32 77 ( 32 24 73 77 ) ( 32 59 77 )
29 20 ( 29 20 ) ( 29 10 64 20 )
68 19 ( 68 41 19 ) ( 68 21 19 )
36 50 ( 36 50 ) ( 36 1 29 50 )
70 24 ( 70 87 65 24 ) ( 70 76 66 24 )
29 61 ( 29 61 ) ( 29 80 58 61 )
61 49 ( 61 68 49 ) ( 61 76 64 49 )
14 3 ( 14 3 ) ( 14 17 58 66 3 )
53 0 ( 53 0 ) ( 53 24 0 )
62 81 ( 62 81 ) ( 62 63 83 81 )
62 29 ( 62 14 47 78 29 ) ( 62 64 29 )
85 18 ( 85 82 18 ) ( 85 52 70 88 18 )

EOF