74

1 10 3
2 4 3
8 20 3
12 4 3
15 14 3
22 2 3
14 3 3
1 25 3
7 1 3
12 13 3
3 24 3
21 10 3
17 13 3
8 19 3
10 20 3
10 22 3
9 19 3
19 3 3
20 8 3
15 24 3
16 23 3
5 17 3
12 8 3
10 1 3
3 19 3
17 5 3
24 3 3
24 25 3
9 11 3
14 21 3
13 5 3
4 24 3
11 1 3
25 19 3
6 13 3
16 18 3
8 3 3
10 5 3
16 10 3
17 22 3
11 10 3
24 12 3
19 22 3
25 23 3
2 5 3
20 9 3
19 17 3
3 14 3
1 20 3
19 16 3
10 15 3
7 9 3
8 4 3
15 13 3
15 25 3
21 3 3
5 14 3
17 24 3
18 3 3
22 5 3
22 7 3
10 9 3
9 12 3
5 11 3
11 12 3
21 19 3
4 13 3
17 10 3
16 7 3
12 10 3
2 14 3
21 25 3
10 2 3
2 15 3
