110

4 24 3
1 18 3
20 5 3
24 4 3
12 23 3
22 2 3
12 5 3
14 22 3
12 6 3
25 7 3
4 18 3
2 20 3
18 22 3
19 13 3
22 13 3
18 25 3
20 23 3
2 4 3
18 5 3
17 22 3
13 21 3
20 19 3
1 20 3
10 25 3
25 15 3
21 4 3
8 2 3
13 15 3
14 2 3
20 16 3
18 9 3
19 10 3
3 12 3
20 24 3
13 23 3
25 19 3
3 24 3
19 8 3
22 20 3
19 3 3
15 5 3
10 19 3
21 12 3
19 18 3
24 16 3
25 16 3
19 25 3
15 24 3
16 9 3
14 12 3
3 14 3
9 25 3
14 21 3
7 21 3
7 22 3
19 22 3
9 8 3
23 8 3
14 23 3
24 7 3
7 15 3
2 24 3
19 1 3
23 12 3
17 7 3
11 14 3
2 6 3
17 21 3
4 25 3
6 15 3
11 3 3
25 5 3
7 18 3
3 6 3
19 24 3
5 12 3
15 9 3
16 1 3
11 8 3
15 22 3
1 13 3
23 5 3
3 4 3
2 21 3
2 23 3
11 19 3
23 17 3
17 4 3
12 1 3
15 20 3
7 2 3
3 9 3
12 9 3
5 23 3
25 6 3
13 2 3
20 3 3
17 23 3
11 7 3
7 10 3
5 20 3
10 7 3
22 21 3
16 17 3
11 23 3
11 16 3
3 25 3
6 12 3
14 1 3
6 13 3
