65

6 11 3
13 4 3
13 3 3
16 3 3
10 4 3
9 15 3
2 14 3
2 4 3
1 11 3
8 3 3
15 13 3
16 5 3
12 4 3
4 11 3
1 4 3
11 2 3
11 8 3
4 9 3
14 12 3
12 16 3
8 6 3
10 9 3
8 7 3
5 10 3
13 2 3
9 1 3
11 10 3
8 12 3
13 14 3
11 6 3
15 3 3
2 1 3
10 1 3
10 16 3
8 5 3
15 8 3
14 9 3
16 7 3
13 8 3
2 6 3
14 10 3
10 12 3
3 6 3
1 5 3
11 5 3
6 8 3
3 10 3
12 7 3
4 1 3
2 7 3
5 1 3
9 12 3
4 8 3
8 15 3
4 12 3
14 8 3
5 14 3
6 4 3
13 12 3
4 16 3
4 15 3
8 13 3
3 2 3
2 10 3
15 5 3
