110

23 2 3
2 16 3
12 7 3
6 1 3
11 15 3
14 8 3
16 14 3
7 23 3
18 19 3
21 7 3
12 20 3
7 16 3
9 23 3
14 3 3
3 4 3
22 24 3
23 21 3
3 20 3
16 11 3
15 24 3
13 4 3
19 6 3
6 17 3
9 13 3
7 19 3
2 18 3
2 7 3
3 10 3
24 21 3
13 1 3
1 12 3
1 21 3
14 21 3
2 9 3
24 18 3
24 10 3
21 13 3
13 19 3
9 10 3
22 17 3
23 8 3
17 9 3
14 16 3
2 17 3
24 15 3
9 6 3
23 22 3
20 1 3
18 13 3
21 6 3
18 11 3
6 24 3
3 12 3
7 11 3
5 11 3
14 11 3
11 9 3
12 22 3
24 11 3
3 22 3
11 8 3
12 14 3
20 12 3
18 16 3
4 24 3
22 12 3
12 2 3
3 21 3
3 15 3
15 23 3
8 21 3
21 5 3
10 6 3
24 17 3
17 18 3
9 1 3
12 25 3
1 16 3
23 4 3
12 18 3
16 18 3
21 17 3
7 12 3
13 24 3
2 15 3
11 16 3
9 16 3
5 13 3
3 14 3
7 1 3
6 25 3
18 22 3
20 15 3
7 21 3
16 5 3
17 15 3
14 22 3
17 10 3
15 17 3
19 25 3
4 7 3
24 22 3
3 24 3
12 24 3
10 3 3
13 18 3
14 4 3
2 21 3
21 14 3
22 9 3
