82 26

1 2
8
20 40 60 80 100 120 140 160 
1790 2290 4080 4580 6370 6870 8660 9160

1 5
8
20 40 60 80 100 120 140 160 
1790 2290 4080 4580 6370 6870 8660 9160

2 1 
8
20 40 60 80 100 120 140 160 
1790 2290 4080 4580 6370 6870 8660 9160

2 3
8
20 40 60 80 100 120 140 160 
1790 2290 4080 4580 6370 6870 8660 9160

2 5
8
20 40 60 80 100 120 140 160 
1790 2290 4080 4580 6370 6870 8660 9160

3 2
8
20 40 60 80 100 120 140 160 
1790 2290 4080 4580 6370 6870 8660 9160

3 4
8
20 40 60 80 100 120 140 160 
1790 2290 4080 4580 6370 6870 8660 9160

3 6
8
20 40 60 80 100 120 140 160 
1790 2290 4080 4580 6370 6870 8660 9160

4 3
8
20 40 60 80 100 120 140 160 
1790 2290 4080 4580 6370 6870 8660 9160

4 5
8
20 40 60 80 100 120 140 160 
1790 2290 4080 4580 6370 6870 8660 9160

4 6
8
20 40 60 80 100 120 140 160 
1790 2290 4080 4580 6370 6870 8660 9160

5 1
8
20 40 60 80 100 120 140 160 
1790 2290 4080 4580 6370 6870 8660 9160

5 2
8
20 40 60 80 100 120 140 160 
1790 2290 4080 4580 6370 6870 8660 9160

5 4
8
20 40 60 80 100 120 140 160 
1790 2290 4080 4580 6370 6870 8660 9160

5 7
8
20 40 60 80 100 120 140 160 
1790 2290 4080 4580 6370 6870 8660 9160

6 3
8
20 40 60 80 100 120 140 160 
1790 2290 4080 4580 6370 6870 8660 9160

6 4
8
20 40 60 80 100 120 140 160 
1790 2290 4080 4580 6370 6870 8660 9160

6 8
8
20 40 60 80 100 120 140 160 
1790 2290 4080 4580 6370 6870 8660 9160

6 10
8
20 40 60 80 100 120 140 160 
1790 2290 4080 4580 6370 6870 8660 9160

7 5
8
20 40 60 80 100 120 140 160 
1790 2290 4080 4580 6370 6870 8660 9160

7 8
8
20 40 60 80 100 120 140 160 
1790 2290 4080 4580 6370 6870 8660 9160

7 11
8
20 40 60 80 100 120 140 160 
1790 2290 4080 4580 6370 6870 8660 9160

8 6
8
20 40 60 80 100 120 140 160 
1790 2290 4080 4580 6370 6870 8660 9160

8 7
8
20 40 60 80 100 120 140 160 
1790 2290 4080 4580 6370 6870 8660 9160

8 9
8
20 40 60 80 100 120 140 160 
1790 2290 4080 4580 6370 6870 8660 9160

8 10
8
20 40 60 80 100 120 140 160 
1790 2290 4080 4580 6370 6870 8660 9160

8 17
8
20 40 60 80 100 120 140 160 
1790 2290 4080 4580 6370 6870 8660 9160

9 8
8
20 40 60 80 100 120 140 160 
1790 2290 4080 4580 6370 6870 8660 9160

9 11
8
20 40 60 80 100 120 140 160 
1790 2290 4080 4580 6370 6870 8660 9160

9 13
8
20 40 60 80 100 120 140 160 
1790 2290 4080 4580 6370 6870 8660 9160

10 6
8
20 40 60 80 100 120 140 160 
1790 2290 4080 4580 6370 6870 8660 9160

10 8
8
20 40 60 80 100 120 140 160 
1790 2290 4080 4580 6370 6870 8660 9160

10 14
8
20 40 60 80 100 120 140 160 
1790 2290 4080 4580 6370 6870 8660 9160

11 7
8
20 40 60 80 100 120 140 160 
1790 2290 4080 4580 6370 6870 8660 9160

11 9
8
20 40 60 80 100 120 140 160 
1790 2290 4080 4580 6370 6870 8660 9160

11 13
8
20 40 60 80 100 120 140 160 
1790 2290 4080 4580 6370 6870 8660 9160

11 12
8
20 40 60 80 100 120 140 160 
1790 2290 4080 4580 6370 6870 8660 9160

12 11
8
20 40 60 80 100 120 140 160 
1790 2290 4080 4580 6370 6870 8660 9160

12 15
8
20 40 60 80 100 120 140 160 
1790 2290 4080 4580 6370 6870 8660 9160

13 9
8
10 20 30 40 50 60 70 80
1790 2290 4080 4580 6370 6870 8660 9160

13 11
8
20 40 60 80 100 120 140 160 
1790 2290 4080 4580 6370 6870 8660 9160

13 15
8
20 40 60 80 100 120 140 160 
1790 2290 4080 4580 6370 6870 8660 9160

13 16
8
20 40 60 80 100 120 140 160 
1790 2290 4080 4580 6370 6870 8660 9160

14 10
8
20 40 60 80 100 120 140 160 
1790 2290 4080 4580 6370 6870 8660 9160

14 18
8
20 40 60 80 100 120 140 160 
1790 2290 4080 4580 6370 6870 8660 9160

14 22
8
20 40 60 80 100 120 140 160 
1790 2290 4080 4580 6370 6870 8660 9160

15 12
8
20 40 60 80 100 120 140 160 
1790 2290 4080 4580 6370 6870 8660 9160

15 13
8
20 40 60 80 100 120 140 160 
1790 2290 4080 4580 6370 6870 8660 9160

15 16
8
20 40 60 80 100 120 140 160 
1790 2290 4080 4580 6370 6870 8660 9160

15 19
8
20 40 60 80 100 120 140 160 
1790 2290 4080 4580 6370 6870 8660 9160

16 13
8
20 40 60 80 100 120 140 160 
1790 2290 4080 4580 6370 6870 8660 9160

16 15
8
20 40 60 80 100 120 140 160 
1790 2290 4080 4580 6370 6870 8660 9160

16 17
8
20 40 60 80 100 120 140 160 
1790 2290 4080 4580 6370 6870 8660 9160

16 20
8
20 40 60 80 100 120 140 160 
1790 2290 4080 4580 6370 6870 8660 9160

17 8
8
20 40 60 80 100 120 140 160 
1790 2290 4080 4580 6370 6870 8660 9160

17 18
8
20 40 60 80 100 120 140 160 
1790 2290 4080 4580 6370 6870 8660 9160

17 16
8
20 40 60 80 100 120 140 160 
1790 2290 4080 4580 6370 6870 8660 9160

17 21
8
20 40 60 80 100 120 140 160 
1790 2290 4080 4580 6370 6870 8660 9160

18 14
8
20 40 60 80 100 120 140 160 
1790 2290 4080 4580 6370 6870 8660 9160

18 22
8
20 40 60 80 100 120 140 160 
1790 2290 4080 4580 6370 6870 8660 9160

18 21
8
20 40 60 80 100 120 140 160 
1790 2290 4080 4580 6370 6870 8660 9160

18 17
8
20 40 60 80 100 120 140 160 
1790 2290 4080 4580 6370 6870 8660 9160

19 15
8
20 40 60 80 100 120 140 160 
1790 2290 4080 4580 6370 6870 8660 9160

19 20
8
20 40 60 80 100 120 140 160 
1790 2290 4080 4580 6370 6870 8660 9160

20 16
8
20 40 60 80 100 120 140 160 
1790 2290 4080 4580 6370 6870 8660 9160

20 19
8
20 40 60 80 100 120 140 160 
1790 2290 4080 4580 6370 6870 8660 9160

20 23
8
20 40 60 80 100 120 140 160 
1790 2290 4080 4580 6370 6870 8660 9160

20 24
8
20 40 60 80 100 120 140 160 
1790 2290 4080 4580 6370 6870 8660 9160

21 17
8
20 40 60 80 100 120 140 160 
1790 2290 4080 4580 6370 6870 8660 9160

21 18
8
20 40 60 80 100 120 140 160 
1790 2290 4080 4580 6370 6870 8660 9160

21 23
8
20 40 60 80 100 120 140 160 
1790 2290 4080 4580 6370 6870 8660 9160

22 14
8
20 40 60 80 100 120 140 160 
1790 2290 4080 4580 6370 6870 8660 9160

22 18
8
20 40 60 80 100 120 140 160 
1790 2290 4080 4580 6370 6870 8660 9160

23 20
8
20 40 60 80 100 120 140 160 
1790 2290 4080 4580 6370 6870 8660 9160

23 21
8
20 40 60 80 100 120 140 160 
1790 2290 4080 4580 6370 6870 8660 9160

23 25
8
20 40 60 80 100 120 140 160 
1790 2290 4080 4580 6370 6870 8660 9160

24 20
8
20 40 60 80 100 120 140 160 
1790 2290 4080 4580 6370 6870 8660 9160

24 26
8
20 40 60 80 100 120 140 160 
1790 2290 4080 4580 6370 6870 8660 9160

25 23
8
20 40 60 80 100 120 140 160 
1790 2290 4080 4580 6370 6870 8660 9160

25 26
8
20 40 60 80 100 120 140 160 
1790 2290 4080 4580 6370 6870 8660 9160

26 24
8
20 40 60 80 100 120 140 160 
1790 2290 4080 4580 6370 6870 8660 9160

26 25
8
20 40 60 80 100 120 140 160 
1790 2290 4080 4580 6370 6870 8660 9160