74

22 13 3
5 25 3
13 17 3
25 19 3
21 23 3
17 12 3
6 14 3
8 6 3
10 15 3
2 17 3
22 12 3
6 11 3
4 13 3
9 8 3
21 14 3
7 22 3
9 22 3
8 7 3
20 22 3
23 5 3
12 11 3
1 24 3
17 20 3
10 18 3
15 4 3
25 5 3
11 21 3
25 12 3
14 25 3
23 19 3
19 13 3
6 9 3
17 3 3
1 3 3
25 10 3
25 23 3
10 9 3
21 13 3
3 24 3
19 18 3
11 3 3
25 3 3
1 19 3
25 24 3
23 12 3
7 4 3
19 1 3
7 18 3
18 23 3
12 15 3
1 13 3
11 14 3
25 21 3
21 11 3
9 12 3
11 22 3
18 11 3
1 16 3
20 21 3
25 20 3
1 2 3
20 9 3
3 22 3
17 4 3
19 2 3
10 19 3
15 20 3
3 1 3
13 11 3
2 11 3
8 21 3
16 2 3
3 19 3
9 15 3
