52 17

1 2
10
20 40 60 80 100 120 140 160 180 200 
3580 4580 8160 9160 12740 13740 17320 18320 21900 22900 

1 6
10
20 40 60 80 100 120 140 160 180 200 
3580 4580 8160 9160 12740 13740 17320 18320 21900 22900 

2 1
10
20 40 60 80 100 120 140 160 180 200 
3580 4580 8160 9160 12740 13740 17320 18320 21900 22900 

2 3
10
20 40 60 80 100 120 140 160 180 200 
3580 4580 8160 9160 12740 13740 17320 18320 21900 22900 

2 5 
10
20 40 60 80 100 120 140 160 180 200 
3580 4580 8160 9160 12740 13740 17320 18320 21900 22900 

3 2
10
20 40 60 80 100 120 140 160 180 200 
3580 4580 8160 9160 12740 13740 17320 18320 21900 22900 

3 4
10
20 40 60 80 100 120 140 160 180 200 
3580 4580 8160 9160 12740 13740 17320 18320 21900 22900 

3 5
10
20 40 60 80 100 120 140 160 180 200 
3580 4580 8160 9160 12740 13740 17320 18320 21900 22900 

4 3
10
20 40 60 80 100 120 140 160 180 200 
3580 4580 8160 9160 12740 13740 17320 18320 21900 22900 

4 5
10
20 40 60 80 100 120 140 160 180 200 
3580 4580 8160 9160 12740 13740 17320 18320 21900 22900 

4 11
10
20 40 60 80 100 120 140 160 180 200 
3580 4580 8160 9160 12740 13740 17320 18320 21900 22900 

5 2
10
20 40 60 80 100 120 140 160 180 200 
3580 4580 8160 9160 12740 13740 17320 18320 21900 22900 

5 3
10
20 40 60 80 100 120 140 160 180 200 
3580 4580 8160 9160 12740 13740 17320 18320 21900 22900 

5 4 
10
20 40 60 80 100 120 140 160 180 200 
3580 4580 8160 9160 12740 13740 17320 18320 21900 22900 

5 6 
10
20 40 60 80 100 120 140 160 180 200 
3580 4580 8160 9160 12740 13740 17320 18320 21900 22900 

5 10 
10
20 40 60 80 100 120 140 160 180 200 
3580 4580 8160 9160 12740 13740 17320 18320 21900 22900 

5 11 
10
20 40 60 80 100 120 140 160 180 200 
3580 4580 8160 9160 12740 13740 17320 18320 21900 22900 

6 1
10
20 40 60 80 100 120 140 160 180 200 
3580 4580 8160 9160 12740 13740 17320 18320 21900 22900 

6 5 
10
20 40 60 80 100 120 140 160 180 200 
3580 4580 8160 9160 12740 13740 17320 18320 21900 22900 

6 7
10
20 40 60 80 100 120 140 160 180 200 
3580 4580 8160 9160 12740 13740 17320 18320 21900 22900 

6 9
10
20 40 60 80 100 120 140 160 180 200 
3580 4580 8160 9160 12740 13740 17320 18320 21900 22900 

7 6
10
20 40 60 80 100 120 140 160 180 200 
3580 4580 8160 9160 12740 13740 17320 18320 21900 22900 

7 8
10
20 40 60 80 100 120 140 160 180 200 
3580 4580 8160 9160 12740 13740 17320 18320 21900 22900 

8 7
10
20 40 60 80 100 120 140 160 180 200 
3580 4580 8160 9160 12740 13740 17320 18320 21900 22900 

8 9
10
20 40 60 80 100 120 140 160 180 200 
3580 4580 8160 9160 12740 13740 17320 18320 21900 22900 

9 6
10
20 40 60 80 100 120 140 160 180 200 
3580 4580 8160 9160 12740 13740 17320 18320 21900 22900 

9 8
10
20 40 60 80 100 120 140 160 180 200 
3580 4580 8160 9160 12740 13740 17320 18320 21900 22900 

9 10
10
20 40 60 80 100 120 140 160 180 200 
3580 4580 8160 9160 12740 13740 17320 18320 21900 22900 

10 5
10
20 40 60 80 100 120 140 160 180 200 
3580 4580 8160 9160 12740 13740 17320 18320 21900 22900 

10 9
10
20 40 60 80 100 120 140 160 180 200 
3580 4580 8160 9160 12740 13740 17320 18320 21900 22900 

10 11 
10
20 40 60 80 100 120 140 160 180 200 
3580 4580 8160 9160 12740 13740 17320 18320 21900 22900 

10 12
10
20 40 60 80 100 120 140 160 180 200 
3580 4580 8160 9160 12740 13740 17320 18320 21900 22900 

10 13
10
20 40 60 80 100 120 140 160 180 200 
3580 4580 8160 9160 12740 13740 17320 18320 21900 22900 

11 4
10
20 40 60 80 100 120 140 160 180 200 
3580 4580 8160 9160 12740 13740 17320 18320 21900 22900 

11 5
10
20 40 60 80 100 120 140 160 180 200 
3580 4580 8160 9160 12740 13740 17320 18320 21900 22900 

11 10
10
20 40 60 80 100 120 140 160 180 200 
3580 4580 8160 9160 12740 13740 17320 18320 21900 22900 

11 13
10
20 40 60 80 100 120 140 160 180 200 
3580 4580 8160 9160 12740 13740 17320 18320 21900 22900 

12 10
10
20 40 60 80 100 120 140 160 180 200 
3580 4580 8160 9160 12740 13740 17320 18320 21900 22900 

12 14 
10
20 40 60 80 100 120 140 160 180 200 
3580 4580 8160 9160 12740 13740 17320 18320 21900 22900 

13 10
10
20 40 60 80 100 120 140 160 180 200 
3580 4580 8160 9160 12740 13740 17320 18320 21900 22900 

13 11 
10
20 40 60 80 100 120 140 160 180 200 
3580 4580 8160 9160 12740 13740 17320 18320 21900 22900 

13 15
10
20 40 60 80 100 120 140 160 180 200 
3580 4580 8160 9160 12740 13740 17320 18320 21900 22900 

13 17
10
20 40 60 80 100 120 140 160 180 200 
3580 4580 8160 9160 12740 13740 17320 18320 21900 22900 

14 12
10
20 40 60 80 100 120 140 160 180 200 
3580 4580 8160 9160 12740 13740 17320 18320 21900 22900 

14 15
10
20 40 60 80 100 120 140 160 180 200 
3580 4580 8160 9160 12740 13740 17320 18320 21900 22900 

15 13
10
20 40 60 80 100 120 140 160 180 200 
3580 4580 8160 9160 12740 13740 17320 18320 21900 22900 

15 14
10
20 40 60 80 100 120 140 160 180 200 
3580 4580 8160 9160 12740 13740 17320 18320 21900 22900 

15 16
10
20 40 60 80 100 120 140 160 180 200 
3580 4580 8160 9160 12740 13740 17320 18320 21900 22900 

16 15
10
20 40 60 80 100 120 140 160 180 200 
3580 4580 8160 9160 12740 13740 17320 18320 21900 22900 

16 17
10
20 40 60 80 100 120 140 160 180 200 
3580 4580 8160 9160 12740 13740 17320 18320 21900 22900 

17 13
10
20 40 60 80 100 120 140 160 180 200 
3580 4580 8160 9160 12740 13740 17320 18320 21900 22900 

17 16
10
20 40 60 80 100 120 140 160 180 200 
3580 4580 8160 9160 12740 13740 17320 18320 21900 22900 