110

2 7 3
1 24 3
14 4 3
12 19 3
8 2 3
15 25 3
17 13 3
10 25 3
3 13 3
17 10 3
1 6 3
20 11 3
13 16 3
12 18 3
12 14 3
22 7 3
21 19 3
1 19 3
15 18 3
20 9 3
12 3 3
1 10 3
4 8 3
7 19 3
5 2 3
4 17 3
10 21 3
16 20 3
4 9 3
10 14 3
9 14 3
13 11 3
6 8 3
16 6 3
22 1 3
3 5 3
22 13 3
5 21 3
1 20 3
25 20 3
5 8 3
10 17 3
5 12 3
9 6 3
22 8 3
9 24 3
15 6 3
11 13 3
21 15 3
5 11 3
22 23 3
15 14 3
20 22 3
6 16 3
14 10 3
25 13 3
16 15 3
9 12 3
9 22 3
19 13 3
7 6 3
16 3 3
12 11 3
18 24 3
10 9 3
17 2 3
4 13 3
5 1 3
16 10 3
23 12 3
3 21 3
24 15 3
13 1 3
11 17 3
4 19 3
12 22 3
19 24 3
21 10 3
23 19 3
4 15 3
21 25 3
1 22 3
18 20 3
6 10 3
19 11 3
2 19 3
23 7 3
10 15 3
9 2 3
16 1 3
25 22 3
1 14 3
7 22 3
18 25 3
10 16 3
20 3 3
20 21 3
6 21 3
17 20 3
11 16 3
22 3 3
17 5 3
24 9 3
3 12 3
5 25 3
16 21 3
1 2 3
17 23 3
14 22 3
12 13 3
