DIMENSIONS
30 sommetsG2
25 sommetsG1
35 dem

SOMMETS
0  Sao-paulo  C  -23.53  -46.63
1  Rio-de-janeiro  C  -22.91  -43.2
2  Salvador  C  -12.97  -38.5
3  Belo-horizonte  C  -19.92  -43.94
4  Fortaleza  C  -3.78  -38.59
5  Brasilia  T  -15.78  -47.91
6  Curitiba  C  -25.42  -49.29
7  Manaus  C  -3.12  -60.02
8  Recife  C  -8.08  -34.92
9  Belem  C  -1.44  -48.5
10  Porto-alegre  C  -30.04  -51.22
11  Goiania  T  -16.72  -49.26
12  Guarulhos  C  -23.46  -46.49
13  Campinas  C  -22.91  -47.08
14  Nova-iguacu  C  -22.74  -43.47
15  Sao-goncalo  C  -22.84  -43.07
16  Sao-luis  C  -2.5  -44.3
17  Maceio  C  -9.65  -35.75
18  Duque-de-caxias  C  -22.77  -43.31
19  Natal  C  -5.8  -35.22
20  Sao-bernardo-do-campo  C  -23.71  -46.54
21  Teresina  C  -5.1  -42.8
22  Campo-grande  C  -20.45  -54.63
23  Osasco  T  -23.53  -46.78
24  Santo-andre  C  -23.65  -46.53
25  Jaboatao  T  -8.11  -35.02
26  Joao-pessoa  C  -7.12  -34.86
27  Contagem  T  -19.91  -44.1
28  Sao-jose-dos-campos  C  -23.2  -45.88
29  Ribeirao-preto  C  -21.17  -47.8

DEMANDES
0 1 ( 0 12 1 ) ( 0 24 1 )
0 2 ( 0 28 2 ) ( 0 24 12 2 )
0 3 ( 0 24 12 3 ) ( 0 20 3 )
0 4 ( 0 12 3 4 ) ( 0 24 4 )
0 6 ( 0 20 24 6 ) ( 0 13 12 6 )
0 7 ( 0 13 7 ) ( 0 29 7 )
0 8 ( 0 3 8 ) ( 0 17 8 )
0 9 ( 0 12 9 ) ( 0 13 12 20 28 9 )
0 10 ( 0 24 10 ) ( 0 12 10 )
0 12 ( 0 24 12 ) ( 0 13 12 )
0 13 ( 0 12 13 ) ( 0 20 13 )
0 14 ( 0 28 14 ) ( 0 24 14 )
0 15 ( 0 12 15 ) ( 0 28 15 )
0 18 ( 0 14 18 ) ( 0 1 18 )
0 20 ( 0 24 20 ) ( 0 12 28 20 )
0 22 ( 0 13 22 ) ( 0 12 22 )
0 24 ( 0 12 24 ) ( 0 13 24 )
0 28 ( 0 12 28 ) ( 0 24 28 )
0 29 ( 0 12 29 ) ( 0 24 29 )
1 2 ( 1 14 2 ) ( 1 18 15 2 )
1 3 ( 1 18 3 ) ( 1 15 14 3 )
1 6 ( 1 18 6 ) ( 1 0 6 )
1 10 ( 1 14 10 ) ( 1 15 10 )
1 12 ( 1 14 12 ) ( 1 24 12 )
1 13 ( 1 14 13 ) ( 1 18 13 )
1 14 ( 1 15 14 ) ( 1 28 14 )
1 15 ( 1 18 15 ) ( 1 28 15 )
1 18 ( 1 15 18 ) ( 1 14 18 )
1 20 ( 1 28 20 ) ( 1 18 14 20 )
1 24 ( 1 12 24 ) ( 1 18 28 20 24 )
1 28 ( 1 14 28 ) ( 1 18 28 )
1 29 ( 1 14 29 ) ( 1 18 29 )
3 14 ( 3 1 14 ) ( 3 15 14 )
8 26 ( 8 21 26 ) ( 8 16 26 )
12 13 ( 12 24 0 13 ) ( 12 28 13 )

EOF