DIMENSIONS
65 sommetsG2
60 sommetsG1
130 dem

SOMMETS
0  Sao-paulo  C  -23.53  -46.63
1  Rio-de-janeiro  C  -22.91  -43.2
2  Salvador  C  -12.97  -38.5
3  Belo-horizonte  C  -19.92  -43.94
4  Fortaleza  C  -3.78  -38.59
5  Brasilia  C  -15.78  -47.91
6  Curitiba  C  -25.42  -49.29
7  Manaus  C  -3.12  -60.02
8  Recife  C  -8.08  -34.92
9  Belem  C  -1.44  -48.5
10  Porto-alegre  C  -30.04  -51.22
11  Goiania  C  -16.72  -49.26
12  Guarulhos  C  -23.46  -46.49
13  Campinas  C  -22.91  -47.08
14  Nova-iguacu  C  -22.74  -43.47
15  Sao-goncalo  C  -22.84  -43.07
16  Sao-luis  C  -2.5  -44.3
17  Maceio  C  -9.65  -35.75
18  Duque-de-caxias  C  -22.77  -43.31
19  Natal  C  -5.8  -35.22
20  Sao-bernardo-do-campo  C  -23.71  -46.54
21  Teresina  C  -5.1  -42.8
22  Campo-grande  C  -20.45  -54.63
23  Osasco  C  -23.53  -46.78
24  Santo-andre  C  -23.65  -46.53
25  Jaboatao  T  -8.11  -35.02
26  Joao-pessoa  C  -7.12  -34.86
27  Contagem  C  -19.91  -44.1
28  Sao-jose-dos-campos  C  -23.2  -45.88
29  Ribeirao-preto  C  -21.17  -47.8
30  Sorocaba  C  -23.49  -47.47
31  Uberlandia  C  -18.9  -48.28
32  Cuiaba  C  -15.61  -56.09
33  Aracaju  C  -10.91  -37.07
34  Niteroi  C  -22.9  -43.13
35  Juiz-de-fora  C  -21.75  -43.36
36  Sao-joao-de-meriti  C  -22.8  -43.35
37  Belford-roxo  C  -22.75  -43.42
38  Feira-de-santana  C  -12.25  -38.97
39  Londrina  C  -23.3  -51.18
40  Joinville  C  -26.32  -48.84
41  Ananindeua  C  -1.38  -48.38
42  Santos  C  -23.95  -46.33
43  Aparecida-de-goiania  C  -16.82  -49.24
44  Campos  C  -21.75  -41.34
45  Diadema  C  -23.69  -46.61
46  Vila-velha  C  -20.32  -40.28
47  Maua  C  -23.66  -46.46
48  Florianopolis  C  -27.6  -48.54
49  Olinda  C  -8  -34.85
50  Sao-jose-do-rio-preto  T  -20.8  -49.39
51  Caxias-do-sul  T  -29.18  -51.17
52  Serra  C  -20.13  -40.32
53  Carapicuiba  C  -23.52  -46.84
54  Campina-grande  T  -7.23  -35.88
55  Betim  C  -19.97  -44.19
56  Piracicaba  C  -22.71  -47.64
57  Cariacica  C  -20.23  -40.37
58  Bauru  C  -22.33  -49.08
59  Macapa  T  0.04  -51.05
60  Canoas  C  -29.92  -51.18
61  Sao-vicente  C  -23.96  -46.39
62  Moji-das-cruzes  C  -23.52  -46.21
63  Jundiai  C  -23.2  -46.88
64  Montes-claros  C  -16.72  -43.86

DEMANDES
0 1 ( 0 62 1 ) ( 0 28 1 )
0 2 ( 0 3 2 ) ( 0 55 27 2 )
0 3 ( 0 12 3 ) ( 0 55 3 )
0 4 ( 0 64 4 ) ( 0 55 4 )
0 5 ( 0 13 5 ) ( 0 23 5 )
0 6 ( 0 23 6 ) ( 0 53 6 )
0 7 ( 0 13 7 ) ( 0 29 7 )
0 8 ( 0 33 8 ) ( 0 2 8 )
0 9 ( 0 5 9 ) ( 0 53 13 9 )
0 10 ( 0 23 60 10 ) ( 0 20 10 )
0 11 ( 0 63 11 ) ( 0 23 53 13 11 )
0 12 ( 0 45 12 ) ( 0 20 12 )
0 13 ( 0 63 13 ) ( 0 24 13 )
0 14 ( 0 12 14 ) ( 0 62 14 )
0 15 ( 0 12 15 ) ( 0 62 15 )
0 16 ( 0 63 16 ) ( 0 13 16 )
0 17 ( 0 2 17 ) ( 0 27 17 )
0 18 ( 0 12 18 ) ( 0 37 18 )
0 19 ( 0 27 19 ) ( 0 3 19 )
0 20 ( 0 12 20 ) ( 0 23 20 )
0 21 ( 0 12 21 ) ( 0 64 21 )
0 22 ( 0 23 22 ) ( 0 63 22 )
0 23 ( 0 53 23 ) ( 0 12 23 )
0 24 ( 0 12 24 ) ( 0 47 20 24 )
0 27 ( 0 55 27 ) ( 0 24 27 )
0 28 ( 0 12 28 ) ( 0 62 28 )
0 29 ( 0 13 29 ) ( 0 23 29 )
0 30 ( 0 24 30 ) ( 0 12 30 )
0 31 ( 0 29 31 ) ( 0 53 31 )
0 32 ( 0 56 32 ) ( 0 63 32 )
0 34 ( 0 1 34 ) ( 0 62 34 )
0 35 ( 0 28 35 ) ( 0 24 47 62 35 )
0 36 ( 0 12 36 ) ( 0 14 36 )
0 37 ( 0 62 37 ) ( 0 28 37 )
0 38 ( 0 55 38 ) ( 0 3 38 )
0 39 ( 0 53 39 ) ( 0 30 39 )
0 40 ( 0 23 40 ) ( 0 20 40 )
0 42 ( 0 24 42 ) ( 0 47 42 )
0 43 ( 0 13 43 ) ( 0 12 43 )
0 44 ( 0 62 44 ) ( 0 37 44 )
0 45 ( 0 47 20 45 ) ( 0 23 45 )
0 46 ( 0 12 46 ) ( 0 28 46 )
0 47 ( 0 24 47 ) ( 0 20 47 )
0 48 ( 0 45 48 ) ( 0 23 48 )
0 52 ( 0 12 28 52 ) ( 0 62 52 )
0 53 ( 0 45 53 ) ( 0 12 53 )
0 55 ( 0 28 55 ) ( 0 62 55 )
0 56 ( 0 63 56 ) ( 0 23 56 )
0 57 ( 0 12 57 ) ( 0 28 57 )
0 58 ( 0 63 58 ) ( 0 56 58 )
0 60 ( 0 53 60 ) ( 0 20 60 )
0 61 ( 0 24 61 ) ( 0 45 61 )
0 62 ( 0 47 62 ) ( 0 45 62 )
0 63 ( 0 53 63 ) ( 0 12 63 )
0 64 ( 0 12 64 ) ( 0 23 64 )
1 2 ( 1 34 2 ) ( 1 18 2 )
1 3 ( 1 35 3 ) ( 1 37 3 )
1 4 ( 1 18 4 ) ( 1 37 4 )
1 5 ( 1 18 5 ) ( 1 37 5 )
1 6 ( 1 20 6 ) ( 1 36 6 )
1 8 ( 1 17 8 ) ( 1 15 8 )
1 10 ( 1 36 10 ) ( 1 18 37 10 )
1 11 ( 1 36 43 11 ) ( 1 34 11 )
1 12 ( 1 62 12 ) ( 1 28 12 )
1 13 ( 1 28 13 ) ( 1 14 13 )
1 14 ( 1 36 14 ) ( 1 18 14 )
1 15 ( 1 18 15 ) ( 1 36 15 )
1 18 ( 1 34 18 ) ( 1 37 18 )
1 20 ( 1 62 47 20 ) ( 1 24 20 )
1 23 ( 1 28 12 23 ) ( 1 47 24 23 )
1 24 ( 1 36 24 ) ( 1 47 20 24 )
1 27 ( 1 36 27 ) ( 1 37 27 )
1 28 ( 1 36 28 ) ( 1 14 28 )
1 29 ( 1 14 29 ) ( 1 36 29 )
1 30 ( 1 62 30 ) ( 1 24 30 )
1 31 ( 1 36 37 31 ) ( 1 18 31 )
1 34 ( 1 18 37 14 34 ) ( 1 35 34 )
1 35 ( 1 34 35 ) ( 1 37 35 )
1 36 ( 1 18 36 ) ( 1 34 36 )
1 37 ( 1 18 37 ) ( 1 14 37 )
1 40 ( 1 36 40 ) ( 1 34 40 )
1 42 ( 1 36 42 ) ( 1 18 42 )
1 44 ( 1 15 44 ) ( 1 34 44 )
1 45 ( 1 62 45 ) ( 1 20 45 )
1 46 ( 1 34 46 ) ( 1 15 57 46 )
1 47 ( 1 62 47 ) ( 1 36 47 )
1 52 ( 1 15 52 ) ( 1 46 52 )
1 53 ( 1 12 53 ) ( 1 23 53 )
1 55 ( 1 18 55 ) ( 1 36 55 )
1 56 ( 1 13 56 ) ( 1 36 56 )
1 57 ( 1 34 57 ) ( 1 44 57 )
1 61 ( 1 36 61 ) ( 1 37 61 )
1 62 ( 1 36 62 ) ( 1 34 62 )
1 63 ( 1 36 63 ) ( 1 14 63 )
2 3 ( 2 55 3 ) ( 2 64 3 )
2 4 ( 2 38 4 ) ( 2 33 4 )
2 8 ( 2 17 49 8 ) ( 2 38 26 8 )
2 17 ( 2 33 17 ) ( 2 38 17 )
2 33 ( 2 38 33 ) ( 2 49 33 )
2 38 ( 2 17 38 ) ( 2 8 33 38 )
3 5 ( 3 55 5 ) ( 3 27 64 5 )
3 12 ( 3 55 12 ) ( 3 28 12 )
3 13 ( 3 28 13 ) ( 3 0 63 13 )
3 14 ( 3 35 14 ) ( 3 27 14 )
3 15 ( 3 35 15 ) ( 3 36 15 )
3 18 ( 3 35 18 ) ( 3 37 18 )
3 27 ( 3 37 27 ) ( 3 18 27 )
3 35 ( 3 55 35 ) ( 3 37 35 )
3 55 ( 3 27 55 ) ( 3 35 55 )
4 8 ( 4 49 8 ) ( 4 17 26 8 )
5 11 ( 5 43 11 ) ( 5 31 11 )
5 43 ( 5 31 11 43 ) ( 5 64 43 )
6 40 ( 6 48 40 ) ( 6 53 40 )
8 17 ( 8 49 17 ) ( 8 33 17 )
8 26 ( 8 49 26 ) ( 8 19 26 )
8 49 ( 8 26 49 ) ( 8 17 49 )
9 41 ( 9 16 41 ) ( 9 4 41 )
12 13 ( 12 0 13 ) ( 12 23 13 )
12 20 ( 12 24 20 ) ( 12 23 0 20 )
12 23 ( 12 24 23 ) ( 12 47 23 )
12 24 ( 12 20 24 ) ( 12 45 24 )
12 28 ( 12 47 62 28 ) ( 12 20 24 0 28 )
12 30 ( 12 0 30 ) ( 12 63 30 )
13 20 ( 13 0 24 20 ) ( 13 23 45 20 )
13 23 ( 13 12 23 ) ( 13 20 23 )
13 24 ( 13 0 24 ) ( 13 12 24 )
13 30 ( 13 63 30 ) ( 13 12 30 )
14 15 ( 14 37 15 ) ( 14 18 15 )
14 18 ( 14 36 18 ) ( 14 1 18 )
15 18 ( 15 34 18 ) ( 15 1 18 )

EOF