DIMENSIONS
100 sommetsG2
95 sommetsG1
150 dem

SOMMETS
0  Sao-paulo  C  -23.53  -46.63
1  Rio-de-janeiro  C  -22.91  -43.2
2  Salvador  C  -12.97  -38.5
3  Belo-horizonte  C  -19.92  -43.94
4  Fortaleza  C  -3.78  -38.59
5  Brasilia  C  -15.78  -47.91
6  Curitiba  C  -25.42  -49.29
7  Manaus  C  -3.12  -60.02
8  Recife  C  -8.08  -34.92
9  Belem  C  -1.44  -48.5
10  Porto-alegre  C  -30.04  -51.22
11  Goiania  C  -16.72  -49.26
12  Guarulhos  C  -23.46  -46.49
13  Campinas  C  -22.91  -47.08
14  Nova-iguacu  C  -22.74  -43.47
15  Sao-goncalo  C  -22.84  -43.07
16  Sao-luis  C  -2.5  -44.3
17  Maceio  C  -9.65  -35.75
18  Duque-de-caxias  C  -22.77  -43.31
19  Natal  C  -5.8  -35.22
20  Sao-bernardo-do-campo  C  -23.71  -46.54
21  Teresina  C  -5.1  -42.8
22  Campo-grande  C  -20.45  -54.63
23  Osasco  C  -23.53  -46.78
24  Santo-andre  C  -23.65  -46.53
25  Jaboatao  C  -8.11  -35.02
26  Joao-pessoa  C  -7.12  -34.86
27  Contagem  C  -19.91  -44.1
28  Sao-jose-dos-campos  C  -23.2  -45.88
29  Ribeirao-preto  C  -21.17  -47.8
30  Sorocaba  C  -23.49  -47.47
31  Uberlandia  C  -18.9  -48.28
32  Cuiaba  C  -15.61  -56.09
33  Aracaju  C  -10.91  -37.07
34  Niteroi  C  -22.9  -43.13
35  Juiz-de-fora  C  -21.75  -43.36
36  Sao-joao-de-meriti  C  -22.8  -43.35
37  Belford-roxo  C  -22.75  -43.42
38  Feira-de-santana  C  -12.25  -38.97
39  Londrina  T  -23.3  -51.18
40  Joinville  C  -26.32  -48.84
41  Ananindeua  C  -1.38  -48.38
42  Santos  C  -23.95  -46.33
43  Aparecida-de-goiania  C  -16.82  -49.24
44  Campos  C  -21.75  -41.34
45  Diadema  C  -23.69  -46.61
46  Vila-velha  C  -20.32  -40.28
47  Maua  C  -23.66  -46.46
48  Florianopolis  C  -27.6  -48.54
49  Olinda  C  -8  -34.85
50  Sao-jose-do-rio-preto  C  -20.8  -49.39
51  Caxias-do-sul  C  -29.18  -51.17
52  Serra  C  -20.13  -40.32
53  Carapicuiba  C  -23.52  -46.84
54  Campina-grande  C  -7.23  -35.88
55  Betim  C  -19.97  -44.19
56  Piracicaba  C  -22.71  -47.64
57  Cariacica  C  -20.23  -40.37
58  Bauru  C  -22.33  -49.08
59  Macapa  C  0.04  -51.05
60  Canoas  C  -29.92  -51.18
61  Sao-vicente  C  -23.96  -46.39
62  Moji-das-cruzes  C  -23.52  -46.21
63  Jundiai  C  -23.2  -46.88
64  Montes-claros  C  -16.72  -43.86
65  Pelotas  C  -31.76  -52.34
66  Vitoria  C  -20.31  -40.31
67  Anapolis  C  -16.32  -48.96
68  Itaquaquecetuba  C  -23.47  -46.35
69  Porto-velho  C  -8.76  -63.91
70  Maringa  C  -23.41  -51.93
71  Franca  C  -20.53  -47.39
72  Guaruja  C  -24  -46.27
73  Ribeirao-das-neves  C  -19.76  -44.08
74  Ponta-grossa  C  -25.09  -50.16
75  Paulista  C  -7.9  -34.91
76  Foz-do-iguacu  C  -25.55  -54.58
77  Petropolis  C  -22.51  -43.2
78  Blumenau  T  -26.92  -49.09
79  Limeira  T  -22.55  -47.4
80  Suzano  C  -23.55  -46.31
81  Uberaba  C  -19.76  -47.94
82  Caucaia  C  -3.74  -38.67
83  Volta-redonda  C  -22.51  -44.12
84  Rio-branco  T  -9.98  -67.82
85  Governador-valadares  C  -18.87  -41.97
86  Novo-hamburgo  C  -29.71  -51.14
87  Cascavel  C  -24.96  -53.46
88  Taubate  C  -23.02  -45.56
89  Viamao  C  -30.09  -50.98
90  Santa-maria  C  -29.69  -53.83
91  Vitoria-da-conquista  T  -14.85  -40.84
92  Varzea-grande  C  -15.65  -56.14
93  Boa-vista  C  2.83  -60.66
94  Barueri  C  -23.49  -46.86
95  Caruaru  C  -8.28  -35.98
96  Gravatai  C  -29.95  -50.99
97  Ipatinga  C  -19.48  -42.52
98  Praia-grande  C  -24  -46.4
99  Imperatriz  C  -5.52  -47.49

DEMANDES
0 1 ( 0 28 1 ) ( 0 47 1 )
0 2 ( 0 3 2 ) ( 0 73 2 )
0 3 ( 0 55 27 3 ) ( 0 28 3 )
0 4 ( 0 64 4 ) ( 0 82 4 )
0 5 ( 0 71 5 ) ( 0 63 5 )
0 6 ( 0 45 6 ) ( 0 24 6 )
0 7 ( 0 63 7 ) ( 0 56 7 )
0 8 ( 0 3 8 ) ( 0 2 8 )
0 9 ( 0 71 9 ) ( 0 63 9 )
0 10 ( 0 60 10 ) ( 0 40 10 )
0 11 ( 0 81 11 ) ( 0 31 11 )
0 12 ( 0 47 12 ) ( 0 68 12 )
0 13 ( 0 94 13 ) ( 0 12 13 )
0 14 ( 0 12 68 14 ) ( 0 28 14 )
0 15 ( 0 80 15 ) ( 0 18 15 )
0 17 ( 0 12 17 ) ( 0 33 17 )
0 18 ( 0 68 18 ) ( 0 12 18 )
0 20 ( 0 12 20 ) ( 0 23 20 )
0 22 ( 0 53 22 ) ( 0 58 22 )
0 23 ( 0 53 23 ) ( 0 20 45 23 )
0 24 ( 0 45 24 ) ( 0 12 24 )
0 27 ( 0 55 27 ) ( 0 68 27 )
0 28 ( 0 80 28 ) ( 0 68 62 28 )
0 29 ( 0 63 29 ) ( 0 23 29 )
0 30 ( 0 53 30 ) ( 0 23 30 )
0 31 ( 0 13 31 ) ( 0 71 31 )
0 32 ( 0 56 32 ) ( 0 50 32 )
0 34 ( 0 68 34 ) ( 0 12 34 )
0 35 ( 0 68 35 ) ( 0 62 35 )
0 36 ( 0 12 36 ) ( 0 62 36 )
0 37 ( 0 12 37 ) ( 0 80 88 37 )
0 40 ( 0 45 40 ) ( 0 23 40 )
0 42 ( 0 61 42 ) ( 0 24 20 45 42 )
0 43 ( 0 29 43 ) ( 0 53 43 )
0 44 ( 0 28 44 ) ( 0 77 44 )
0 45 ( 0 47 20 45 ) ( 0 12 45 )
0 46 ( 0 12 28 46 ) ( 0 68 46 )
0 47 ( 0 45 47 ) ( 0 12 47 )
0 48 ( 0 53 94 48 ) ( 0 98 48 )
0 50 ( 0 56 50 ) ( 0 13 50 )
0 51 ( 0 45 51 ) ( 0 53 51 )
0 52 ( 0 35 52 ) ( 0 12 52 )
0 53 ( 0 94 53 ) ( 0 45 53 )
0 55 ( 0 12 55 ) ( 0 68 55 )
0 56 ( 0 63 56 ) ( 0 94 56 )
0 57 ( 0 12 57 ) ( 0 28 35 57 )
0 58 ( 0 94 58 ) ( 0 30 58 )
0 60 ( 0 40 60 ) ( 0 23 60 )
0 61 ( 0 20 61 ) ( 0 45 24 61 )
0 62 ( 0 12 62 ) ( 0 47 62 )
0 63 ( 0 53 63 ) ( 0 20 63 )
0 64 ( 0 23 64 ) ( 0 63 64 )
0 66 ( 0 88 66 ) ( 0 28 66 )
0 67 ( 0 31 67 ) ( 0 13 67 )
0 68 ( 0 20 68 ) ( 0 47 12 68 )
0 70 ( 0 23 70 ) ( 0 53 70 )
0 71 ( 0 63 71 ) ( 0 13 71 )
0 72 ( 0 24 72 ) ( 0 20 72 )
0 73 ( 0 68 73 ) ( 0 28 73 )
0 74 ( 0 23 74 ) ( 0 45 74 )
0 77 ( 0 68 77 ) ( 0 62 77 )
0 80 ( 0 68 80 ) ( 0 24 80 )
0 81 ( 0 13 81 ) ( 0 29 81 )
0 83 ( 0 12 83 ) ( 0 88 83 )
0 85 ( 0 97 85 ) ( 0 68 85 )
0 87 ( 0 23 87 ) ( 0 94 87 )
0 88 ( 0 12 88 ) ( 0 68 88 )
0 94 ( 0 53 94 ) ( 0 45 94 )
0 97 ( 0 88 97 ) ( 0 62 28 97 )
0 98 ( 0 20 98 ) ( 0 24 98 )
1 2 ( 1 15 2 ) ( 1 85 2 )
1 3 ( 1 77 3 ) ( 1 36 3 )
1 4 ( 1 85 4 ) ( 1 77 4 )
1 5 ( 1 14 5 ) ( 1 55 5 )
1 6 ( 1 72 6 ) ( 1 42 6 )
1 10 ( 1 48 10 ) ( 1 96 10 )
1 11 ( 1 37 11 ) ( 1 36 18 11 )
1 12 ( 1 62 12 ) ( 1 80 12 )
1 13 ( 1 36 13 ) ( 1 14 13 )
1 14 ( 1 36 14 ) ( 1 37 14 )
1 15 ( 1 34 15 ) ( 1 18 15 )
1 18 ( 1 36 18 ) ( 1 34 18 )
1 20 ( 1 47 20 ) ( 1 80 20 )
1 23 ( 1 68 23 ) ( 1 12 23 )
1 24 ( 1 62 24 ) ( 1 80 24 )
1 27 ( 1 77 27 ) ( 1 36 27 )
1 28 ( 1 36 28 ) ( 1 37 28 )
1 29 ( 1 14 29 ) ( 1 36 29 )
1 30 ( 1 62 30 ) ( 1 28 0 30 )
1 31 ( 1 37 31 ) ( 1 14 31 )
1 34 ( 1 36 18 34 ) ( 1 37 34 )
1 35 ( 1 18 35 ) ( 1 15 35 )
1 36 ( 1 18 36 ) ( 1 37 36 )
1 37 ( 1 34 37 ) ( 1 15 18 37 )
1 42 ( 1 36 42 ) ( 1 34 42 )
1 44 ( 1 34 44 ) ( 1 36 44 )
1 45 ( 1 47 45 ) ( 1 68 45 )
1 46 ( 1 44 46 ) ( 1 18 46 )
1 47 ( 1 36 47 ) ( 1 28 47 )
1 52 ( 1 15 52 ) ( 1 57 52 )
1 53 ( 1 68 53 ) ( 1 24 53 )
1 55 ( 1 77 35 55 ) ( 1 14 55 )
1 56 ( 1 88 13 56 ) ( 1 36 14 56 )
1 57 ( 1 15 57 ) ( 1 34 57 )
1 61 ( 1 72 42 61 ) ( 1 36 61 )
1 62 ( 1 37 62 ) ( 1 34 62 )
1 63 ( 1 88 63 ) ( 1 36 37 63 )
1 66 ( 1 34 66 ) ( 1 44 66 )
1 68 ( 1 62 68 ) ( 1 28 68 )
1 72 ( 1 42 72 ) ( 1 37 72 )
1 73 ( 1 35 73 ) ( 1 77 27 73 )
1 77 ( 1 15 77 ) ( 1 37 77 )
1 80 ( 1 37 62 80 ) ( 1 36 14 80 )
1 83 ( 1 36 83 ) ( 1 34 83 )
1 88 ( 1 14 88 ) ( 1 34 88 )
1 94 ( 1 28 94 ) ( 1 68 0 94 )
1 97 ( 1 34 97 ) ( 1 15 97 )
1 98 ( 1 36 98 ) ( 1 37 72 98 )
2 8 ( 2 95 8 ) ( 2 54 8 )
2 33 ( 2 17 33 ) ( 2 25 33 )
2 38 ( 2 33 38 ) ( 2 17 38 )
3 5 ( 3 73 5 ) ( 3 55 5 )
3 14 ( 3 77 14 ) ( 3 36 14 )
3 15 ( 3 18 15 ) ( 3 36 15 )
3 18 ( 3 37 18 ) ( 3 36 18 )
3 27 ( 3 55 27 ) ( 3 73 27 )
3 35 ( 3 83 35 ) ( 3 37 35 )
3 55 ( 3 27 55 ) ( 3 97 55 )
3 73 ( 3 55 73 ) ( 3 97 73 )
4 82 ( 4 19 82 ) ( 4 26 82 )
5 11 ( 5 43 11 ) ( 5 31 81 11 )
5 43 ( 5 67 43 ) ( 5 31 67 11 43 )
5 67 ( 5 43 67 ) ( 5 11 31 67 )
6 40 ( 6 74 40 ) ( 6 53 40 )
8 17 ( 8 75 17 ) ( 8 95 17 )
8 25 ( 8 49 75 25 ) ( 8 26 25 )
8 26 ( 8 75 26 ) ( 8 49 26 )
8 49 ( 8 75 49 ) ( 8 17 49 )
9 41 ( 9 99 41 ) ( 9 21 41 )
12 13 ( 12 63 13 ) ( 12 94 13 )
12 20 ( 12 47 20 ) ( 12 45 20 )
12 23 ( 12 0 23 ) ( 12 94 23 )
12 24 ( 12 45 24 ) ( 12 80 24 )
12 28 ( 12 80 28 ) ( 12 24 28 )
13 20 ( 13 24 20 ) ( 13 23 20 )
13 23 ( 13 63 94 23 ) ( 13 0 23 )
13 24 ( 13 0 24 ) ( 13 63 24 )
14 15 ( 14 36 15 ) ( 14 18 1 15 )
14 18 ( 14 37 18 ) ( 14 1 18 )
15 18 ( 15 34 18 ) ( 15 1 18 )

EOF