DIMENSIONS
16 sommetsG2
14 sommetsG1
90 dem

SOMMETS
0  Sao-paulo  C  -23.53  -46.63
1  Rio-de-janeiro  C  -22.91  -43.2
2  Salvador  C  -12.97  -38.5
3  Belo-horizonte  C  -19.92  -43.94
4  Fortaleza  C  -3.78  -38.59
5  Brasilia  C  -15.78  -47.91
6  Curitiba  T  -25.42  -49.29
7  Manaus  C  -3.12  -60.02
8  Recife  C  -8.08  -34.92
9  Belem  C  -1.44  -48.5
10  Porto-alegre  C  -30.04  -51.22
11  Goiania  C  -16.72  -49.26
12  Guarulhos  C  -23.46  -46.49
13  Campinas  T  -22.91  -47.08
14  Nova-iguacu  C  -22.74  -43.47
15  Sao-goncalo  C  -22.84  -43.07

DEMANDES
0 1 ( 0 12 1 ) ( 0 15 1 )
0 2 ( 0 14 2 ) ( 0 12 14 1 2 )
0 3 ( 0 12 3 ) ( 0 1 3 )
0 4 ( 0 12 4 ) ( 0 3 4 )
0 5 ( 0 3 5 ) ( 0 14 5 )
0 7 ( 0 12 7 ) ( 0 11 5 7 )
0 8 ( 0 3 8 ) ( 0 12 8 )
0 9 ( 0 12 11 9 ) ( 0 1 9 )
0 10 ( 0 14 10 ) ( 0 12 1 10 )
0 11 ( 0 5 11 ) ( 0 14 11 )
0 12 ( 0 14 12 ) ( 0 3 12 )
0 14 ( 0 12 14 ) ( 0 15 14 )
0 15 ( 0 14 15 ) ( 0 11 1 15 )
1 2 ( 1 14 2 ) ( 1 0 2 )
1 3 ( 1 15 3 ) ( 1 12 3 )
1 4 ( 1 3 4 ) ( 1 2 4 )
1 5 ( 1 15 5 ) ( 1 11 5 )
1 7 ( 1 14 7 ) ( 1 15 7 )
1 8 ( 1 2 8 ) ( 1 0 8 )
1 9 ( 1 3 9 ) ( 1 15 14 9 )
1 10 ( 1 15 10 ) ( 1 14 15 12 10 )
1 11 ( 1 14 11 ) ( 1 3 11 )
1 12 ( 1 14 12 ) ( 1 0 12 )
1 14 ( 1 15 14 ) ( 1 3 14 )
1 15 ( 1 14 11 15 ) ( 1 5 11 3 15 )
2 3 ( 2 14 3 ) ( 2 15 3 )
2 4 ( 2 5 4 ) ( 2 9 4 )
2 5 ( 2 11 5 ) ( 2 3 5 )
2 7 ( 2 5 7 ) ( 2 4 7 )
2 8 ( 2 4 8 ) ( 2 3 8 )
2 9 ( 2 4 9 ) ( 2 8 9 )
2 10 ( 2 14 10 ) ( 2 1 10 )
2 11 ( 2 1 11 ) ( 2 14 3 11 )
2 12 ( 2 14 12 ) ( 2 15 12 )
2 14 ( 2 15 14 ) ( 2 1 14 )
2 15 ( 2 5 14 15 ) ( 2 4 15 )
3 4 ( 3 2 4 ) ( 3 8 4 )
3 5 ( 3 11 5 ) ( 3 14 5 )
3 7 ( 3 5 7 ) ( 3 14 7 )
3 8 ( 3 2 8 ) ( 3 14 8 )
3 9 ( 3 5 9 ) ( 3 11 9 )
3 10 ( 3 14 10 ) ( 3 5 11 10 )
3 11 ( 3 5 11 ) ( 3 15 11 )
3 12 ( 3 14 12 ) ( 3 15 0 12 )
3 14 ( 3 1 14 ) ( 3 15 14 )
3 15 ( 3 12 1 15 ) ( 3 11 15 )
4 5 ( 4 11 5 ) ( 4 8 5 )
4 7 ( 4 9 7 ) ( 4 8 7 )
4 8 ( 4 3 8 ) ( 4 11 2 8 )
4 9 ( 4 8 9 ) ( 4 2 9 )
4 10 ( 4 0 10 ) ( 4 12 10 )
4 11 ( 4 5 11 ) ( 4 2 11 )
4 12 ( 4 0 12 ) ( 4 5 12 )
4 14 ( 4 15 14 ) ( 4 8 14 )
4 15 ( 4 3 15 ) ( 4 8 15 )
5 7 ( 5 9 7 ) ( 5 3 7 )
5 8 ( 5 11 8 ) ( 5 4 8 )
5 9 ( 5 11 9 ) ( 5 2 9 )
5 10 ( 5 11 10 ) ( 5 12 10 )
5 11 ( 5 12 11 ) ( 5 0 11 )
5 12 ( 5 3 12 ) ( 5 14 12 )
5 14 ( 5 3 14 ) ( 5 11 14 )
5 15 ( 5 1 15 ) ( 5 12 15 )
7 8 ( 7 9 4 8 ) ( 7 2 8 )
7 9 ( 7 4 9 ) ( 7 2 9 )
7 10 ( 7 5 10 ) ( 7 0 10 )
7 11 ( 7 5 11 ) ( 7 9 11 )
7 12 ( 7 3 12 ) ( 7 15 12 )
7 14 ( 7 11 14 ) ( 7 3 14 )
7 15 ( 7 11 15 ) ( 7 5 15 )
8 9 ( 8 5 9 ) ( 8 7 9 )
8 10 ( 8 2 10 ) ( 8 12 10 )
8 11 ( 8 14 11 ) ( 8 15 11 )
8 12 ( 8 3 12 ) ( 8 1 15 14 12 )
8 14 ( 8 2 14 ) ( 8 5 14 )
8 15 ( 8 2 14 15 ) ( 8 3 15 )
9 10 ( 9 11 10 ) ( 9 12 10 )
9 11 ( 9 3 11 ) ( 9 12 11 )
9 12 ( 9 11 0 12 ) ( 9 3 12 )
9 14 ( 9 3 14 ) ( 9 1 14 )
10 11 ( 10 0 5 11 ) ( 10 12 14 11 )
10 12 ( 10 1 12 ) ( 10 5 12 )
10 14 ( 10 1 14 ) ( 10 15 14 )
10 15 ( 10 1 15 ) ( 10 14 15 )
11 12 ( 11 5 12 ) ( 11 1 12 )
11 14 ( 11 1 14 ) ( 11 15 1 3 14 )
11 15 ( 11 14 15 ) ( 11 3 15 )
12 14 ( 12 3 14 ) ( 12 11 14 )
12 15 ( 12 1 15 ) ( 12 11 15 )
14 15 ( 14 1 15 ) ( 14 3 0 15 )

EOF