DIMENSIONS
30 sommetsG2
25 sommetsG1
130 dem

SOMMETS
0  Paris  C  48.86  2.34
1  Marseille  C  43.31  5.37
2  Lyon  C  45.76  4.83
3  Toulouse  C  43.62  1.45
4  Nice  C  43.7  7.27
5  Nantes  T  47.23  -1.57
6  Strasbourg  C  48.58  7.76
7  Montpellier  C  43.61  3.87
8  Bordeaux  C  44.84  -0.58
9  Rennes  C  48.11  -1.68
10  Le-havre  C  49.5  0.12
11  Reims  T  49.25  4.03
12  Lille  C  50.64  3.07
13  Saint-etienne  C  45.43  4.39
14  Toulon  C  43.13  5.92
15  Grenoble  C  45.19  5.72
16  Angers  C  47.48  -0.54
17  Brest  C  48.39  -4.5
18  Le-mans  C  48  0.2
19  Dijon  C  47.33  5.03
20  Aix-en-provence  C  43.53  5.44
21  Clermont-ferrand  C  45.78  3.08
22  Nimes  C  43.84  4.35
23  Amiens  T  49.9  2.3
24  Tours  C  47.38  0.69
25  Limoges  T  45.83  1.25
26  Metz  C  49.12  6.18
27  Villeurbanne  T  45.77  4.88
28  Besancon  C  47.24  6.02
29  Caen  C  49.19  -0.36

DEMANDES
0 1 ( 0 13 1 ) ( 0 21 1 )
0 2 ( 0 13 2 ) ( 0 19 2 )
0 3 ( 0 24 3 ) ( 0 18 3 )
0 4 ( 0 15 4 ) ( 0 28 4 )
0 6 ( 0 19 26 6 ) ( 0 2 6 )
0 7 ( 0 13 7 ) ( 0 19 7 )
0 8 ( 0 24 8 ) ( 0 18 16 8 )
0 9 ( 0 10 9 ) ( 0 24 9 )
0 10 ( 0 29 10 ) ( 0 18 10 )
0 12 ( 0 29 12 ) ( 0 16 10 12 )
0 13 ( 0 21 13 ) ( 0 15 13 )
0 14 ( 0 13 14 ) ( 0 20 14 )
0 15 ( 0 19 15 ) ( 0 13 15 )
0 16 ( 0 24 16 ) ( 0 10 16 )
0 17 ( 0 18 17 ) ( 0 24 17 )
0 18 ( 0 24 18 ) ( 0 10 18 )
0 19 ( 0 28 19 ) ( 0 26 19 )
0 20 ( 0 21 20 ) ( 0 1 20 )
0 21 ( 0 24 21 ) ( 0 19 21 )
0 22 ( 0 21 22 ) ( 0 19 13 22 )
0 24 ( 0 18 24 ) ( 0 29 24 )
0 26 ( 0 19 26 ) ( 0 12 26 )
0 28 ( 0 26 28 ) ( 0 2 28 )
0 29 ( 0 24 29 ) ( 0 16 18 29 )
1 2 ( 1 13 2 ) ( 1 7 2 )
1 3 ( 1 7 3 ) ( 1 22 3 )
1 4 ( 1 14 4 ) ( 1 20 4 )
1 6 ( 1 14 6 ) ( 1 13 6 )
1 7 ( 1 22 7 ) ( 1 14 7 )
1 8 ( 1 22 8 ) ( 1 21 8 )
1 9 ( 1 16 9 ) ( 1 22 9 )
1 10 ( 1 21 10 ) ( 1 20 10 )
1 12 ( 1 2 12 ) ( 1 19 12 )
1 13 ( 1 20 13 ) ( 1 15 13 )
1 14 ( 1 20 14 ) ( 1 22 14 )
1 15 ( 1 22 15 ) ( 1 13 15 )
1 16 ( 1 21 16 ) ( 1 7 16 )
1 17 ( 1 22 17 ) ( 1 7 17 )
1 18 ( 1 24 18 ) ( 1 22 18 )
1 19 ( 1 20 19 ) ( 1 2 19 )
1 20 ( 1 14 20 ) ( 1 22 20 )
1 21 ( 1 22 21 ) ( 1 20 21 )
1 22 ( 1 20 22 ) ( 1 7 22 )
1 24 ( 1 21 24 ) ( 1 20 22 24 )
1 26 ( 1 15 26 ) ( 1 2 26 )
1 28 ( 1 15 28 ) ( 1 20 28 )
1 29 ( 1 21 29 ) ( 1 22 29 )
2 3 ( 2 1 3 ) ( 2 22 21 3 )
2 4 ( 2 13 4 ) ( 2 20 4 )
2 6 ( 2 28 6 ) ( 2 15 6 )
2 7 ( 2 22 7 ) ( 2 20 7 )
2 8 ( 2 7 8 ) ( 2 22 8 )
2 9 ( 2 24 9 ) ( 2 16 9 )
2 10 ( 2 24 10 ) ( 2 21 29 10 )
2 12 ( 2 19 12 ) ( 2 21 0 12 )
2 13 ( 2 22 13 ) ( 2 19 13 )
2 14 ( 2 15 14 ) ( 2 22 14 )
2 15 ( 2 19 15 ) ( 2 20 15 )
2 16 ( 2 24 16 ) ( 2 19 16 )
2 18 ( 2 24 18 ) ( 2 21 18 )
2 19 ( 2 15 19 ) ( 2 21 13 19 )
2 20 ( 2 22 20 ) ( 2 21 20 )
2 21 ( 2 15 21 ) ( 2 22 21 )
2 22 ( 2 7 22 ) ( 2 20 22 )
2 24 ( 2 19 24 ) ( 2 15 24 )
2 26 ( 2 19 26 ) ( 2 13 26 )
2 28 ( 2 19 28 ) ( 2 21 13 28 )
3 4 ( 3 22 4 ) ( 3 14 4 )
3 6 ( 3 2 6 ) ( 3 21 6 )
3 7 ( 3 22 7 ) ( 3 2 7 )
3 8 ( 3 21 8 ) ( 3 24 8 )
3 9 ( 3 16 9 ) ( 3 8 9 )
3 10 ( 3 29 10 ) ( 3 16 10 )
3 12 ( 3 0 12 ) ( 3 21 12 )
3 13 ( 3 22 13 ) ( 3 20 13 )
3 14 ( 3 7 14 ) ( 3 20 14 )
3 15 ( 3 7 15 ) ( 3 2 15 )
3 16 ( 3 24 16 ) ( 3 9 16 )
3 18 ( 3 24 18 ) ( 3 16 18 )
3 19 ( 3 13 19 ) ( 3 2 19 )
3 20 ( 3 22 20 ) ( 3 15 20 )
3 21 ( 3 7 21 ) ( 3 22 21 )
3 22 ( 3 7 22 ) ( 3 13 22 )
3 24 ( 3 8 24 ) ( 3 18 24 )
4 6 ( 4 28 6 ) ( 4 26 6 )
4 7 ( 4 20 7 ) ( 4 13 7 )
4 13 ( 4 14 13 ) ( 4 1 20 13 )
4 14 ( 4 22 14 ) ( 4 20 7 14 )
4 15 ( 4 20 15 ) ( 4 1 15 )
4 19 ( 4 14 19 ) ( 4 1 20 19 )
4 20 ( 4 14 20 ) ( 4 1 20 )
4 21 ( 4 13 21 ) ( 4 22 21 )
4 22 ( 4 20 22 ) ( 4 14 22 )
4 28 ( 4 15 28 ) ( 4 2 28 )
6 15 ( 6 19 15 ) ( 6 26 15 )
6 19 ( 6 26 19 ) ( 6 2 19 )
6 26 ( 6 28 26 ) ( 6 19 26 )
6 28 ( 6 26 28 ) ( 6 19 2 28 )
7 13 ( 7 2 13 ) ( 7 21 13 )
7 14 ( 7 20 14 ) ( 7 22 14 )
7 15 ( 7 13 15 ) ( 7 14 20 15 )
7 20 ( 7 14 20 ) ( 7 13 20 )
7 21 ( 7 20 21 ) ( 7 1 21 )
7 22 ( 7 20 22 ) ( 7 21 22 )
8 9 ( 8 16 9 ) ( 8 24 9 )
8 16 ( 8 24 16 ) ( 8 9 16 )
9 10 ( 9 29 10 ) ( 9 16 10 )
9 16 ( 9 24 18 16 ) ( 9 10 16 )
9 17 ( 9 29 17 ) ( 9 18 17 )
9 18 ( 9 10 24 18 ) ( 9 0 18 )
9 24 ( 9 16 24 ) ( 9 29 24 )
9 29 ( 9 10 29 ) ( 9 18 29 )
10 16 ( 10 29 16 ) ( 10 18 16 )
10 18 ( 10 29 18 ) ( 10 24 18 )
10 24 ( 10 29 24 ) ( 10 16 24 )
10 29 ( 10 18 29 ) ( 10 9 29 )
13 15 ( 13 2 15 ) ( 13 1 15 )
13 19 ( 13 15 19 ) ( 13 21 19 )
13 21 ( 13 15 21 ) ( 13 19 2 21 )
13 22 ( 13 2 22 ) ( 13 1 22 )
14 15 ( 14 1 15 ) ( 14 4 15 )
14 20 ( 14 7 20 ) ( 14 13 20 )
14 22 ( 14 13 22 ) ( 14 4 22 )
15 20 ( 15 22 20 ) ( 15 7 20 )
16 18 ( 16 29 18 ) ( 16 9 18 )
16 24 ( 16 29 24 ) ( 16 17 9 24 )
18 24 ( 18 16 24 ) ( 18 8 24 )
18 29 ( 18 10 29 ) ( 18 16 29 )
19 28 ( 19 2 28 ) ( 19 26 28 )
20 22 ( 20 1 22 ) ( 20 14 22 )

EOF