DIMENSIONS
90 sommetsG2
85 sommetsG1
140 dem

SOMMETS
0  Paris  C  48.86  2.34
1  Marseille  C  43.31  5.37
2  Lyon  C  45.76  4.83
3  Toulouse  C  43.62  1.45
4  Nice  C  43.7  7.27
5  Nantes  C  47.23  -1.57
6  Strasbourg  C  48.58  7.76
7  Montpellier  C  43.61  3.87
8  Bordeaux  C  44.84  -0.58
9  Rennes  C  48.11  -1.68
10  Le-havre  C  49.5  0.12
11  Reims  C  49.25  4.03
12  Lille  C  50.64  3.07
13  Saint-etienne  C  45.43  4.39
14  Toulon  C  43.13  5.92
15  Grenoble  C  45.19  5.72
16  Angers  C  47.48  -0.54
17  Brest  C  48.39  -4.5
18  Le-mans  C  48  0.2
19  Dijon  C  47.33  5.03
20  Aix-en-provence  C  43.53  5.44
21  Clermont-ferrand  C  45.78  3.08
22  Nimes  C  43.84  4.35
23  Amiens  C  49.9  2.3
24  Tours  C  47.38  0.69
25  Limoges  C  45.83  1.25
26  Metz  C  49.12  6.18
27  Villeurbanne  C  45.77  4.88
28  Besancon  C  47.24  6.02
29  Caen  C  49.19  -0.36
30  Orleans  C  47.9  1.9
31  Mulhouse  C  47.76  7.34
32  Perpignan  C  42.7  2.89
33  Boulogne-billancourt  C  48.83  2.24
34  Rouen  C  49.44  1.08
35  Nancy  T  48.69  6.17
36  Roubaix  C  50.69  3.17
37  Tourcoing  C  50.72  3.16
38  Argenteuil  C  48.94  2.24
39  Avignon  C  43.96  4.81
40  Montreuil  C  48.86  2.43
41  Nanterre  C  48.9  2.2
42  Poitiers  C  46.58  0.34
43  Saint-denis  C  48.94  2.36
44  Versailles  C  48.81  2.14
45  Creteil  C  48.79  2.45
46  Pau  C  43.3  -0.39
47  La-rochelle  C  46.17  -1.18
48  Colombes  C  48.93  2.25
49  Asnieres-sur-seine  C  48.91  2.29
50  Calais  C  50.95  1.86
51  Aulnay-sous-bois  C  48.96  2.49
52  Vitry-sur-seine  C  48.79  2.39
53  Rueil-malmaison  C  48.89  2.17
54  Champigny-sur-marne  C  48.82  2.51
55  Beziers  C  43.35  3.21
56  Saint-maur-des-fosses  C  48.8  2.49
57  Dunkerque  C  51.04  2.34
58  Antibes  C  43.6  7.12
59  Saint-nazaire  C  47.28  -2.22
60  Courbevoie  C  48.9  2.25
61  Bourges  C  47.08  2.39
62  Colmar  C  48.08  7.36
63  Valence  C  44.94  4.89
64  Cannes  C  43.56  7.02
65  Villeneuve-d'ascq  C  50.62  3.14
66  Quimper  C  47.99  -4.11
67  Merignac  C  44.87  -0.65
68  Antony  C  48.76  2.3
69  La-seyne-sur-mer  C  43.11  5.87
70  Aubervillers  T  48.92  2.38
71  Troyes  T  48.3  4.08
72  Lorient  C  47.74  -3.37
73  Neuilly-sur-seine  C  48.89  2.27
74  Drancy  C  48.94  2.46
75  Saint-quentin  T  49.85  3.28
76  Pessac  C  44.8  -0.66
77  Chambery  C  45.58  5.91
78  Venissieux  C  45.69  4.86
79  Levallois-perret  C  48.9  2.29
80  Niort  C  46.32  -0.47
81  Sarcelles  C  49  2.38
82  Noisy-le-grand  T  48.85  2.55
83  Charleville-mezieres  C  49.75  4.73
84  Cholet  C  47.07  -0.88
85  Beauvais  C  49.43  2.09
86  Issy-les-moulineaux  C  48.83  2.26
87  Saint-malo  C  48.66  -2.01
88  Vannes  C  47.66  -2.76
89  Cergy  C  49.04  2.07

DEMANDES
0 1 ( 0 52 1 ) ( 0 13 1 )
0 2 ( 0 40 2 ) ( 0 52 27 2 )
0 3 ( 0 68 3 ) ( 0 86 3 )
0 4 ( 0 52 4 ) ( 0 15 4 )
0 5 ( 0 18 5 ) ( 0 33 5 )
0 6 ( 0 40 6 ) ( 0 45 6 )
0 7 ( 0 21 7 ) ( 0 68 7 )
0 8 ( 0 30 8 ) ( 0 42 8 )
0 9 ( 0 44 9 ) ( 0 33 9 )
0 10 ( 0 41 10 ) ( 0 73 41 53 10 )
0 11 ( 0 54 11 ) ( 0 79 49 11 )
0 12 ( 0 79 12 ) ( 0 49 81 12 )
0 13 ( 0 45 13 ) ( 0 40 56 13 )
0 14 ( 0 13 14 ) ( 0 40 14 )
0 15 ( 0 45 15 ) ( 0 56 15 )
0 16 ( 0 86 16 ) ( 0 33 16 )
0 17 ( 0 44 17 ) ( 0 86 33 87 17 )
0 18 ( 0 68 18 ) ( 0 33 86 18 )
0 19 ( 0 54 19 ) ( 0 40 19 )
0 20 ( 0 52 20 ) ( 0 63 20 )
0 21 ( 0 40 21 ) ( 0 45 56 21 )
0 22 ( 0 68 22 ) ( 0 52 21 22 )
0 23 ( 0 73 38 23 ) ( 0 40 23 )
0 24 ( 0 86 24 ) ( 0 33 44 24 )
0 25 ( 0 68 25 ) ( 0 30 25 )
0 26 ( 0 40 26 ) ( 0 54 26 )
0 27 ( 0 52 27 ) ( 0 86 68 27 )
0 28 ( 0 56 28 ) ( 0 40 28 )
0 29 ( 0 53 29 ) ( 0 41 29 )
0 30 ( 0 68 30 ) ( 0 73 30 )
0 31 ( 0 40 31 ) ( 0 56 31 )
0 32 ( 0 61 32 ) ( 0 21 32 )
0 33 ( 0 73 33 ) ( 0 49 79 33 )
0 34 ( 0 60 34 ) ( 0 73 34 )
0 36 ( 0 43 36 ) ( 0 81 12 36 )
0 37 ( 0 81 37 ) ( 0 65 37 )
0 38 ( 0 79 48 38 ) ( 0 43 38 )
0 39 ( 0 52 39 ) ( 0 68 39 )
0 40 ( 0 52 40 ) ( 0 43 40 )
0 41 ( 0 79 41 ) ( 0 86 41 )
0 42 ( 0 86 33 42 ) ( 0 79 42 )
0 43 ( 0 49 43 ) ( 0 40 43 )
0 44 ( 0 86 44 ) ( 0 73 44 )
0 45 ( 0 40 45 ) ( 0 56 45 )
0 46 ( 0 68 46 ) ( 0 30 46 )
0 47 ( 0 86 47 ) ( 0 33 47 )
0 48 ( 0 79 48 ) ( 0 49 60 48 )
0 49 ( 0 38 49 ) ( 0 33 49 )
0 50 ( 0 43 50 ) ( 0 81 50 )
0 51 ( 0 40 51 ) ( 0 43 51 )
0 52 ( 0 45 52 ) ( 0 68 52 )
0 53 ( 0 73 53 ) ( 0 41 53 )
0 54 ( 0 74 54 ) ( 0 51 54 )
0 55 ( 0 45 21 55 ) ( 0 40 52 55 )
0 56 ( 0 40 56 ) ( 0 54 56 )
0 57 ( 0 23 57 ) ( 0 43 57 )
0 58 ( 0 15 58 ) ( 0 52 58 )
0 59 ( 0 86 59 ) ( 0 33 59 )
0 60 ( 0 48 60 ) ( 0 38 60 )
0 61 ( 0 68 61 ) ( 0 86 61 )
0 62 ( 0 54 62 ) ( 0 40 62 )
0 63 ( 0 45 63 ) ( 0 13 63 )
0 64 ( 0 15 64 ) ( 0 45 64 )
0 65 ( 0 81 65 ) ( 0 74 65 )
0 66 ( 0 33 66 ) ( 0 73 66 )
0 67 ( 0 68 67 ) ( 0 86 67 )
0 68 ( 0 52 68 ) ( 0 49 68 )
0 69 ( 0 63 69 ) ( 0 45 69 )
0 72 ( 0 73 72 ) ( 0 41 72 )
0 73 ( 0 49 73 ) ( 0 79 60 73 )
0 74 ( 0 40 74 ) ( 0 43 74 )
0 76 ( 0 68 76 ) ( 0 67 76 )
0 77 ( 0 52 77 ) ( 0 45 77 )
0 78 ( 0 52 78 ) ( 0 45 78 )
0 79 ( 0 73 79 ) ( 0 86 79 )
0 80 ( 0 24 80 ) ( 0 86 80 )
0 81 ( 0 49 81 ) ( 0 79 81 )
0 83 ( 0 40 83 ) ( 0 43 83 )
0 84 ( 0 44 84 ) ( 0 73 84 )
0 85 ( 0 79 85 ) ( 0 73 85 )
0 86 ( 0 73 86 ) ( 0 49 86 )
0 87 ( 0 86 87 ) ( 0 44 87 )
0 88 ( 0 44 88 ) ( 0 33 88 )
0 89 ( 0 48 89 ) ( 0 38 89 )
1 2 ( 1 78 2 ) ( 1 63 2 )
1 3 ( 1 55 3 ) ( 1 20 3 )
1 4 ( 1 58 4 ) ( 1 69 4 )
1 5 ( 1 22 5 ) ( 1 7 5 )
1 6 ( 1 20 6 ) ( 1 62 6 )
1 7 ( 1 20 22 7 ) ( 1 69 7 )
1 8 ( 1 7 8 ) ( 1 22 8 )
1 11 ( 1 63 11 ) ( 1 13 11 )
1 13 ( 1 39 13 ) ( 1 20 13 )
1 14 ( 1 69 14 ) ( 1 20 14 )
1 15 ( 1 20 15 ) ( 1 63 15 )
1 19 ( 1 78 19 ) ( 1 15 19 )
1 20 ( 1 69 20 ) ( 1 14 20 )
1 21 ( 1 39 21 ) ( 1 13 21 )
1 22 ( 1 39 22 ) ( 1 63 22 )
1 25 ( 1 22 25 ) ( 1 39 25 )
1 27 ( 1 20 27 ) ( 1 39 27 )
1 28 ( 1 15 28 ) ( 1 77 28 )
1 32 ( 1 22 32 ) ( 1 20 7 32 )
1 39 ( 1 20 69 39 ) ( 1 7 39 )
1 55 ( 1 22 55 ) ( 1 39 55 )
1 58 ( 1 64 58 ) ( 1 14 58 )
1 63 ( 1 20 63 ) ( 1 39 63 )
1 64 ( 1 20 64 ) ( 1 4 64 )
1 69 ( 1 39 14 69 ) ( 1 22 69 )
1 77 ( 1 39 77 ) ( 1 63 77 )
1 78 ( 1 20 63 78 ) ( 1 27 78 )
2 3 ( 2 13 3 ) ( 2 78 3 )
2 4 ( 2 78 27 4 ) ( 2 64 4 )
2 6 ( 2 31 6 ) ( 2 77 6 )
2 7 ( 2 78 7 ) ( 2 13 7 )
2 13 ( 2 78 13 ) ( 2 22 13 )
2 14 ( 2 27 14 ) ( 2 69 14 )
2 15 ( 2 78 15 ) ( 2 27 15 )
2 19 ( 2 27 19 ) ( 2 78 19 )
2 20 ( 2 78 20 ) ( 2 63 20 )
2 21 ( 2 13 21 ) ( 2 78 27 21 )
2 22 ( 2 78 22 ) ( 2 27 22 )
2 27 ( 2 78 27 ) ( 2 39 27 )
2 28 ( 2 27 28 ) ( 2 77 28 )
2 39 ( 2 13 39 ) ( 2 22 39 )
2 63 ( 2 27 77 63 ) ( 2 78 77 15 63 )
2 77 ( 2 27 77 ) ( 2 15 77 )
2 78 ( 2 27 63 78 ) ( 2 15 78 )
3 7 ( 3 32 7 ) ( 3 55 22 7 )
3 8 ( 3 76 8 ) ( 3 46 8 )
3 25 ( 3 8 25 ) ( 3 67 25 )
3 32 ( 3 7 32 ) ( 3 22 32 )
4 14 ( 4 69 14 ) ( 4 1 14 )
4 20 ( 4 58 20 ) ( 4 64 20 )
4 58 ( 4 20 58 ) ( 4 77 58 )
4 64 ( 4 58 64 ) ( 4 1 69 64 )
5 9 ( 5 16 9 ) ( 5 88 9 )
5 16 ( 5 84 16 ) ( 5 9 16 )
6 31 ( 6 62 31 ) ( 6 26 31 )
7 22 ( 7 63 22 ) ( 7 32 22 )

EOF