DIMENSIONS
18 sommetsG2
16 sommetsG1
110 dem

SOMMETS
0  Paris  C  48.86  2.34
1  Marseille  C  43.31  5.37
2  Lyon  C  45.76  4.83
3  Toulouse  C  43.62  1.45
4  Nice  C  43.7  7.27
5  Nantes  C  47.23  -1.57
6  Strasbourg  C  48.58  7.76
7  Montpellier  T  43.61  3.87
8  Bordeaux  C  44.84  -0.58
9  Rennes  C  48.11  -1.68
10  Le-havre  C  49.5  0.12
11  Reims  C  49.25  4.03
12  Lille  C  50.64  3.07
13  Saint-etienne  C  45.43  4.39
14  Toulon  C  43.13  5.92
15  Grenoble  T  45.19  5.72
16  Angers  C  47.48  -0.54
17  Brest  C  48.39  -4.5

DEMANDES
0 1 ( 0 14 1 ) ( 0 16 1 )
0 2 ( 0 13 2 ) ( 0 12 2 )
0 3 ( 0 8 3 ) ( 0 2 3 )
0 4 ( 0 2 4 ) ( 0 13 14 4 )
0 5 ( 0 16 5 ) ( 0 9 5 )
0 6 ( 0 11 6 ) ( 0 10 6 )
0 8 ( 0 16 8 ) ( 0 9 8 )
0 9 ( 0 5 16 9 ) ( 0 8 9 )
0 10 ( 0 11 10 ) ( 0 5 10 )
0 11 ( 0 12 11 ) ( 0 10 11 )
0 12 ( 0 10 12 ) ( 0 16 12 )
0 13 ( 0 12 13 ) ( 0 10 13 )
0 14 ( 0 13 14 ) ( 0 2 14 )
0 16 ( 0 9 16 ) ( 0 11 16 )
0 17 ( 0 9 17 ) ( 0 8 17 )
1 2 ( 1 14 2 ) ( 1 4 2 )
1 3 ( 1 13 3 ) ( 1 8 3 )
1 4 ( 1 13 4 ) ( 1 3 4 )
1 5 ( 1 13 5 ) ( 1 3 5 )
1 6 ( 1 14 6 ) ( 1 13 6 )
1 8 ( 1 14 8 ) ( 1 13 8 )
1 9 ( 1 5 9 ) ( 1 2 9 )
1 10 ( 1 2 10 ) ( 1 13 0 10 )
1 11 ( 1 2 11 ) ( 1 13 11 )
1 12 ( 1 13 12 ) ( 1 0 12 )
1 13 ( 1 14 13 ) ( 1 4 13 )
1 14 ( 1 13 14 ) ( 1 2 14 )
1 16 ( 1 3 16 ) ( 1 13 2 16 )
1 17 ( 1 16 17 ) ( 1 14 17 )
2 3 ( 2 13 3 ) ( 2 14 1 3 )
2 4 ( 2 13 4 ) ( 2 1 4 )
2 5 ( 2 13 5 ) ( 2 9 5 )
2 6 ( 2 1 6 ) ( 2 14 6 )
2 8 ( 2 3 8 ) ( 2 0 8 )
2 9 ( 2 16 9 ) ( 2 5 9 )
2 10 ( 2 0 10 ) ( 2 16 10 )
2 11 ( 2 6 11 ) ( 2 14 11 )
2 12 ( 2 11 12 ) ( 2 0 12 )
2 13 ( 2 1 14 13 ) ( 2 4 13 )
2 14 ( 2 1 14 ) ( 2 4 14 )
2 16 ( 2 5 16 ) ( 2 10 16 )
2 17 ( 2 5 17 ) ( 2 8 17 )
3 4 ( 3 1 4 ) ( 3 13 4 )
3 5 ( 3 16 5 ) ( 3 2 5 )
3 6 ( 3 13 6 ) ( 3 1 6 )
3 8 ( 3 13 8 ) ( 3 1 8 )
3 9 ( 3 5 9 ) ( 3 16 9 )
3 10 ( 3 2 10 ) ( 3 0 9 10 )
3 11 ( 3 8 11 ) ( 3 5 11 )
3 12 ( 3 0 12 ) ( 3 8 12 )
3 13 ( 3 2 13 ) ( 3 4 13 )
3 14 ( 3 13 14 ) ( 3 2 14 )
3 16 ( 3 8 16 ) ( 3 0 16 )
3 17 ( 3 8 17 ) ( 3 9 17 )
4 5 ( 4 13 5 ) ( 4 1 16 5 )
4 6 ( 4 1 14 6 ) ( 4 11 6 )
4 8 ( 4 1 8 ) ( 4 14 8 )
4 9 ( 4 13 9 ) ( 4 2 9 )
4 10 ( 4 14 10 ) ( 4 1 2 10 )
4 11 ( 4 2 11 ) ( 4 13 11 )
4 12 ( 4 13 12 ) ( 4 2 0 12 )
4 13 ( 4 2 14 13 ) ( 4 0 13 )
4 14 ( 4 1 14 ) ( 4 11 2 14 )
4 16 ( 4 13 16 ) ( 4 3 16 )
5 6 ( 5 0 6 ) ( 5 11 6 )
5 8 ( 5 16 8 ) ( 5 10 8 )
5 9 ( 5 17 9 ) ( 5 16 8 10 9 )
5 10 ( 5 16 10 ) ( 5 0 10 )
5 11 ( 5 16 11 ) ( 5 0 11 )
5 12 ( 5 16 12 ) ( 5 0 12 )
5 13 ( 5 16 13 ) ( 5 9 13 )
5 14 ( 5 16 14 ) ( 5 13 14 )
5 16 ( 5 10 16 ) ( 5 8 16 )
5 17 ( 5 10 17 ) ( 5 0 17 )
6 8 ( 6 2 8 ) ( 6 13 8 )
6 9 ( 6 16 9 ) ( 6 10 9 )
6 10 ( 6 11 10 ) ( 6 12 10 )
6 11 ( 6 12 11 ) ( 6 2 0 11 )
6 12 ( 6 0 11 12 ) ( 6 4 12 )
6 13 ( 6 11 13 ) ( 6 4 13 )
6 14 ( 6 4 14 ) ( 6 2 14 )
6 16 ( 6 0 16 ) ( 6 11 16 )
8 9 ( 8 16 9 ) ( 8 5 10 9 )
8 10 ( 8 16 10 ) ( 8 5 10 )
8 11 ( 8 16 11 ) ( 8 5 11 )
8 12 ( 8 0 12 ) ( 8 11 12 )
8 13 ( 8 3 13 ) ( 8 1 13 )
8 14 ( 8 13 3 14 ) ( 8 10 14 )
8 16 ( 8 9 16 ) ( 8 3 16 )
8 17 ( 8 5 17 ) ( 8 9 17 )
9 10 ( 9 16 10 ) ( 9 0 10 )
9 11 ( 9 10 11 ) ( 9 16 11 )
9 12 ( 9 16 12 ) ( 9 5 12 )
9 13 ( 9 16 13 ) ( 9 10 13 )
9 16 ( 9 5 16 ) ( 9 12 16 )
9 17 ( 9 16 17 ) ( 9 10 17 )
10 11 ( 10 0 11 ) ( 10 16 11 )
10 12 ( 10 16 12 ) ( 10 8 0 12 )
10 13 ( 10 16 13 ) ( 10 11 13 )
10 16 ( 10 9 16 ) ( 10 5 16 )
10 17 ( 10 16 17 ) ( 10 0 12 17 )
11 12 ( 11 10 12 ) ( 11 2 12 )
11 13 ( 11 12 13 ) ( 11 1 13 )
11 14 ( 11 1 14 ) ( 11 2 13 14 )
11 16 ( 11 0 16 ) ( 11 13 16 )
12 13 ( 12 11 13 ) ( 12 2 13 )
12 16 ( 12 0 16 ) ( 12 5 16 )
13 14 ( 13 1 14 ) ( 13 2 14 )
13 16 ( 13 2 16 ) ( 13 3 16 )
16 17 ( 16 5 17 ) ( 16 10 17 )

EOF