DIMENSIONS
65 sommetsG2
60 sommetsG1
150 dem

SOMMETS
0  Berlin  C  52.52  13.38
1  Hamburg  C  53.55  10
2  Munchen  C  48.14  11.58
3  Koln  C  50.95  6.97
4  Frankfurt  C  50.12  8.68
5  Dortmund  C  51.51  7.48
6  Stuttgart  C  48.79  9.19
7  Essen  C  51.47  7
8  Dusseldorf  C  51.24  6.79
9  Bremen  C  53.08  8.81
10  Hannover  C  52.4  9.73
11  Duisburg  C  51.43  6.75
12  Nurnberg  C  49.45  11.05
13  Leipzig  C  51.35  12.4
14  Dresden  C  51.05  13.74
15  Bochum  C  51.48  7.2
16  Wuppertal  C  51.26  7.18
17  Bielefeld  C  52.03  8.53
18  Bonn  C  50.73  7.1
19  Mannheim  C  49.5  8.47
20  Karlsruhe  C  49  8.4
21  Gelsenkirchen  C  51.51  7.11
22  Wiesbaden  C  50.08  8.23
23  Munster  C  51.96  7.62
24  Monchengladbach  C  51.2  6.42
25  Augsburg  T  48.36  10.89
26  Chemnitz  C  50.83  12.92
27  Aachen  C  50.77  6.09
28  Braunschweig  C  52.27  10.51
29  Krefeld  C  51.33  6.55
30  Halle  C  51.48  11.96
31  Kiel  C  54.32  10.12
32  Magdeburg  C  52.13  11.62
33  Oberhausen  C  51.47  6.86
34  Lubeck  C  53.87  10.66
35  Freiburg  C  47.99  7.85
36  Hagen  C  51.37  7.46
37  Erfurt  C  50.99  11.03
38  Rostock  C  54.09  12.1
39  Kassel  C  51.32  9.48
40  Mainz  C  50  8.26
41  Hamm  C  51.67  7.8
42  Saarbrucken  C  49.25  6.97
43  Herne  C  51.54  7.21
44  Mulheim  C  51.43  6.86
45  Osnabruck  C  52.28  8.05
46  Solingen  C  51.18  7.06
47  Ludwigshafen  C  49.48  8.44
48  Leverkusen  C  51.04  6.99
49  Oldenburg  C  53.15  8.21
50  Neuss  T  51.2  6.69
51  Heidelberg  T  49.42  8.69
52  Paderborn  C  51.72  8.74
53  Darmstadt  C  49.87  8.64
54  Wurzburg  T  49.8  9.94
55  Potsdam  C  52.4  13.07
56  Regensburg  C  49.02  12.11
57  Recklinghausen  C  51.61  7.19
58  Gottingen  C  51.53  9.92
59  Wolfsburg  T  52.43  10.78
60  Heilbronn  C  49.14  9.22
61  Bottrop  C  51.53  6.93
62  Offenbach  C  50.1  8.77
63  Ulm  C  48.4  9.97
64  Bremerhaven  C  53.55  8.58

DEMANDES
0 1 ( 0 38 1 ) ( 0 30 1 )
0 2 ( 0 30 2 ) ( 0 14 2 )
0 3 ( 0 32 3 ) ( 0 58 3 )
0 4 ( 0 62 4 ) ( 0 30 4 )
0 5 ( 0 32 52 5 ) ( 0 55 5 )
0 6 ( 0 37 6 ) ( 0 12 6 )
0 7 ( 0 5 7 ) ( 0 21 7 )
0 8 ( 0 36 8 ) ( 0 52 8 )
0 9 ( 0 55 9 ) ( 0 28 9 )
0 10 ( 0 28 10 ) ( 0 30 10 )
0 11 ( 0 21 11 ) ( 0 5 11 )
0 12 ( 0 30 13 12 ) ( 0 28 12 )
0 13 ( 0 55 13 ) ( 0 30 13 )
0 14 ( 0 30 14 ) ( 0 32 14 )
0 15 ( 0 5 15 ) ( 0 32 15 )
0 16 ( 0 32 16 ) ( 0 36 16 )
0 17 ( 0 55 17 ) ( 0 10 17 )
0 18 ( 0 39 18 ) ( 0 32 18 )
0 19 ( 0 30 19 ) ( 0 13 19 )
0 20 ( 0 30 20 ) ( 0 55 20 )
0 21 ( 0 43 21 ) ( 0 55 21 )
0 22 ( 0 55 4 22 ) ( 0 39 22 )
0 23 ( 0 17 23 ) ( 0 28 23 )
0 24 ( 0 36 24 ) ( 0 8 24 )
0 26 ( 0 55 26 ) ( 0 13 26 )
0 27 ( 0 3 27 ) ( 0 48 27 )
0 28 ( 0 32 28 ) ( 0 30 28 )
0 29 ( 0 5 29 ) ( 0 32 29 )
0 30 ( 0 13 30 ) ( 0 32 30 )
0 31 ( 0 34 31 ) ( 0 28 31 )
0 32 ( 0 30 32 ) ( 0 14 32 )
0 33 ( 0 43 33 ) ( 0 7 33 )
0 34 ( 0 55 34 ) ( 0 1 34 )
0 35 ( 0 60 35 ) ( 0 55 35 )
0 36 ( 0 28 36 ) ( 0 58 36 )
0 37 ( 0 30 37 ) ( 0 13 37 )
0 38 ( 0 32 38 ) ( 0 30 38 )
0 39 ( 0 55 39 ) ( 0 58 39 )
0 40 ( 0 4 40 ) ( 0 62 40 )
0 41 ( 0 52 41 ) ( 0 32 41 )
0 45 ( 0 10 45 ) ( 0 28 45 )
0 47 ( 0 55 47 ) ( 0 30 47 )
0 49 ( 0 28 49 ) ( 0 30 49 )
0 52 ( 0 55 28 52 ) ( 0 10 52 )
0 55 ( 0 30 55 ) ( 0 32 55 )
0 56 ( 0 26 56 ) ( 0 55 56 )
0 58 ( 0 55 58 ) ( 0 30 58 )
1 2 ( 1 37 2 ) ( 1 28 56 2 )
1 3 ( 1 41 3 ) ( 1 5 3 )
1 4 ( 1 10 4 ) ( 1 58 4 )
1 5 ( 1 45 5 ) ( 1 17 5 )
1 6 ( 1 39 6 ) ( 1 62 6 )
1 7 ( 1 23 7 ) ( 1 21 7 )
1 8 ( 1 43 8 ) ( 1 57 8 )
1 9 ( 1 64 9 ) ( 1 10 9 )
1 10 ( 1 28 10 ) ( 1 9 10 )
1 11 ( 1 45 11 ) ( 1 61 11 )
1 12 ( 1 28 12 ) ( 1 37 12 )
1 13 ( 1 28 13 ) ( 1 34 13 )
1 14 ( 1 32 14 ) ( 1 13 14 )
1 15 ( 1 45 15 ) ( 1 43 15 )
1 16 ( 1 45 16 ) ( 1 17 41 16 )
1 17 ( 1 9 17 ) ( 1 64 49 17 )
1 18 ( 1 17 18 ) ( 1 52 18 )
1 21 ( 1 45 21 ) ( 1 23 21 )
1 22 ( 1 40 22 ) ( 1 39 22 )
1 23 ( 1 49 23 ) ( 1 17 45 23 )
1 28 ( 1 34 28 ) ( 1 9 28 )
1 30 ( 1 32 30 ) ( 1 34 30 )
1 31 ( 1 34 31 ) ( 1 64 31 )
1 32 ( 1 10 32 ) ( 1 31 32 )
1 34 ( 1 31 34 ) ( 1 10 34 )
1 37 ( 1 28 37 ) ( 1 10 37 )
1 38 ( 1 28 38 ) ( 1 10 38 )
1 39 ( 1 10 39 ) ( 1 58 39 )
1 45 ( 1 9 45 ) ( 1 17 45 )
1 49 ( 1 9 49 ) ( 1 31 49 )
1 52 ( 1 10 52 ) ( 1 28 52 )
1 58 ( 1 10 58 ) ( 1 28 58 )
1 64 ( 1 9 64 ) ( 1 31 64 )
2 3 ( 2 53 3 ) ( 2 18 3 )
2 4 ( 2 53 4 ) ( 2 12 4 )
2 6 ( 2 63 6 ) ( 2 19 6 )
2 12 ( 2 56 12 ) ( 2 60 12 )
2 13 ( 2 12 13 ) ( 2 63 56 13 )
2 14 ( 2 26 14 ) ( 2 13 14 )
2 56 ( 2 12 63 56 ) ( 2 37 56 )
3 4 ( 3 18 4 ) ( 3 48 4 )
3 5 ( 3 16 5 ) ( 3 48 46 5 )
3 6 ( 3 19 6 ) ( 3 18 6 )
3 7 ( 3 46 7 ) ( 3 44 7 )
3 8 ( 3 48 8 ) ( 3 44 8 )
3 9 ( 3 45 9 ) ( 3 48 16 9 )
3 10 ( 3 52 10 ) ( 3 48 10 )
3 11 ( 3 48 11 ) ( 3 44 11 )
3 15 ( 3 46 15 ) ( 3 16 15 )
3 16 ( 3 18 16 ) ( 3 7 16 )
3 17 ( 3 41 17 ) ( 3 16 17 )
3 18 ( 3 48 18 ) ( 3 16 18 )
3 19 ( 3 47 19 ) ( 3 40 19 )
3 21 ( 3 48 21 ) ( 3 46 21 )
3 22 ( 3 46 22 ) ( 3 8 22 )
3 23 ( 3 48 46 23 ) ( 3 15 23 )
3 24 ( 3 29 24 ) ( 3 46 24 )
3 27 ( 3 8 27 ) ( 3 18 27 )
3 29 ( 3 48 29 ) ( 3 46 29 )
3 33 ( 3 44 11 33 ) ( 3 16 7 33 )
3 36 ( 3 46 36 ) ( 3 48 15 36 )
3 41 ( 3 36 41 ) ( 3 48 41 )
3 43 ( 3 46 43 ) ( 3 21 43 )
3 44 ( 3 61 44 ) ( 3 33 7 44 )
3 46 ( 3 48 46 ) ( 3 8 46 )
3 48 ( 3 46 48 ) ( 3 18 48 )
3 57 ( 3 48 57 ) ( 3 21 57 )
3 61 ( 3 7 61 ) ( 3 48 33 61 )
4 5 ( 4 53 5 ) ( 4 16 5 )
4 6 ( 4 19 47 6 ) ( 4 20 6 )
4 7 ( 4 16 7 ) ( 4 15 7 )
4 19 ( 4 53 19 ) ( 4 62 19 )
4 20 ( 4 19 20 ) ( 4 47 20 )
4 22 ( 4 40 22 ) ( 4 62 22 )
5 7 ( 5 15 7 ) ( 5 21 7 )
5 8 ( 5 43 8 ) ( 5 7 8 )
5 11 ( 5 15 11 ) ( 5 44 11 )
5 15 ( 5 43 15 ) ( 5 57 15 )
5 16 ( 5 43 16 ) ( 5 36 15 16 )
5 17 ( 5 36 17 ) ( 5 41 23 17 )
5 18 ( 5 36 18 ) ( 5 48 18 )
5 21 ( 5 15 21 ) ( 5 36 21 )
5 23 ( 5 36 23 ) ( 5 57 23 )
6 19 ( 6 53 19 ) ( 6 4 19 )
6 20 ( 6 60 20 ) ( 6 53 19 20 )
7 8 ( 7 33 8 ) ( 7 11 8 )
7 11 ( 7 33 11 ) ( 7 61 44 11 )
7 15 ( 7 21 15 ) ( 7 43 15 )
7 16 ( 7 21 16 ) ( 7 15 16 )
7 18 ( 7 46 18 ) ( 7 44 48 18 )
7 21 ( 7 15 21 ) ( 7 44 21 )
7 23 ( 7 43 23 ) ( 7 15 23 )
7 24 ( 7 29 24 ) ( 7 11 24 )
8 11 ( 8 44 11 ) ( 8 33 11 )
8 15 ( 8 7 15 ) ( 8 21 15 )
8 16 ( 8 44 16 ) ( 8 7 16 )
8 18 ( 8 46 3 18 ) ( 8 11 18 )
8 21 ( 8 7 21 ) ( 8 44 21 )
8 24 ( 8 29 24 ) ( 8 11 24 )
9 10 ( 9 1 10 ) ( 9 45 10 )
9 17 ( 9 45 17 ) ( 9 52 17 )
11 15 ( 11 44 15 ) ( 11 33 15 )
11 16 ( 11 44 16 ) ( 11 33 16 )

EOF