DIMENSIONS
95 sommetsG2
90 sommetsG1
90 dem

SOMMETS
0  Berlin  C  52.52  13.38
1  Hamburg  C  53.55  10
2  Munchen  C  48.14  11.58
3  Koln  C  50.95  6.97
4  Frankfurt  C  50.12  8.68
5  Dortmund  C  51.51  7.48
6  Stuttgart  C  48.79  9.19
7  Essen  C  51.47  7
8  Dusseldorf  C  51.24  6.79
9  Bremen  C  53.08  8.81
10  Hannover  C  52.4  9.73
11  Duisburg  C  51.43  6.75
12  Nurnberg  C  49.45  11.05
13  Leipzig  C  51.35  12.4
14  Dresden  C  51.05  13.74
15  Bochum  C  51.48  7.2
16  Wuppertal  C  51.26  7.18
17  Bielefeld  C  52.03  8.53
18  Bonn  C  50.73  7.1
19  Mannheim  C  49.5  8.47
20  Karlsruhe  C  49  8.4
21  Gelsenkirchen  C  51.51  7.11
22  Wiesbaden  C  50.08  8.23
23  Munster  C  51.96  7.62
24  Monchengladbach  C  51.2  6.42
25  Augsburg  C  48.36  10.89
26  Chemnitz  C  50.83  12.92
27  Aachen  C  50.77  6.09
28  Braunschweig  C  52.27  10.51
29  Krefeld  C  51.33  6.55
30  Halle  C  51.48  11.96
31  Kiel  C  54.32  10.12
32  Magdeburg  C  52.13  11.62
33  Oberhausen  C  51.47  6.86
34  Lubeck  C  53.87  10.66
35  Freiburg  C  47.99  7.85
36  Hagen  C  51.37  7.46
37  Erfurt  T  50.99  11.03
38  Rostock  C  54.09  12.1
39  Kassel  C  51.32  9.48
40  Mainz  C  50  8.26
41  Hamm  C  51.67  7.8
42  Saarbrucken  C  49.25  6.97
43  Herne  C  51.54  7.21
44  Mulheim  C  51.43  6.86
45  Osnabruck  C  52.28  8.05
46  Solingen  C  51.18  7.06
47  Ludwigshafen  C  49.48  8.44
48  Leverkusen  C  51.04  6.99
49  Oldenburg  C  53.15  8.21
50  Neuss  C  51.2  6.69
51  Heidelberg  C  49.42  8.69
52  Paderborn  C  51.72  8.74
53  Darmstadt  C  49.87  8.64
54  Wurzburg  C  49.8  9.94
55  Potsdam  C  52.4  13.07
56  Regensburg  C  49.02  12.11
57  Recklinghausen  C  51.61  7.19
58  Gottingen  C  51.53  9.92
59  Wolfsburg  C  52.43  10.78
60  Heilbronn  C  49.14  9.22
61  Bottrop  C  51.53  6.93
62  Offenbach  C  50.1  8.77
63  Ulm  C  48.4  9.97
64  Bremerhaven  C  53.55  8.58
65  Pforzheim  C  48.89  8.69
66  Ingolstadt  C  48.77  11.43
67  Remscheid  C  51.18  7.19
68  Furth  C  49.48  10.98
69  Reutlingen  C  48.49  9.21
70  Salzgitter  C  52.17  10.33
71  Koblenz  C  50.35  7.6
72  Siegen  C  50.87  8.01
73  Moers  C  51.45  6.65
74  Gera  T  50.88  12.08
75  Bergisch-gladbach  T  50.98  7.15
76  Hildesheim  C  52.16  9.95
77  Witten  C  51.44  7.34
78  Erlangen  C  49.6  11.01
79  Cottbus  T  51.77  14.33
80  Trier  C  49.75  6.63
81  Zwickau  C  50.72  12.5
82  Jena  C  50.93  11.58
83  Kaiserslautern  C  49.45  7.75
84  Iserlohn  C  51.39  7.68
85  Schwerin  C  53.63  11.4
86  Gutersloh  T  51.91  8.37
87  Duren  C  50.81  6.49
88  Ratingen  C  51.3  6.85
89  Marl  C  51.68  7.12
90  Lunen  C  51.62  7.52
91  Esslingen  C  48.74  9.32
92  Velbert  C  51.35  7.04
93  Hanau  C  50.14  8.91
94  Ludwigsburg  C  48.9  9.19

DEMANDES
0 1 ( 0 85 1 ) ( 0 32 1 )
0 2 ( 0 26 2 ) ( 0 55 2 )
0 3 ( 0 55 3 ) ( 0 39 3 )
0 4 ( 0 55 4 ) ( 0 93 4 )
0 5 ( 0 32 5 ) ( 0 76 5 )
0 6 ( 0 13 6 ) ( 0 55 6 )
0 7 ( 0 5 7 ) ( 0 43 21 7 )
0 8 ( 0 84 36 8 ) ( 0 52 92 8 )
0 9 ( 0 59 10 9 ) ( 0 70 9 )
0 10 ( 0 59 10 ) ( 0 32 10 )
0 11 ( 0 52 11 ) ( 0 15 11 )
0 12 ( 0 55 12 ) ( 0 78 12 )
0 13 ( 0 30 13 ) ( 0 26 13 )
0 14 ( 0 55 14 ) ( 0 26 14 )
0 15 ( 0 52 15 ) ( 0 55 32 15 )
0 16 ( 0 84 16 ) ( 0 52 16 )
0 17 ( 0 28 17 ) ( 0 59 17 )
0 18 ( 0 58 18 ) ( 0 55 32 18 )
0 19 ( 0 55 19 ) ( 0 82 19 )
0 20 ( 0 30 20 ) ( 0 54 20 )
0 21 ( 0 90 21 ) ( 0 32 21 )
0 22 ( 0 55 22 ) ( 0 30 22 )
0 23 ( 0 76 23 ) ( 0 70 23 )
0 25 ( 0 81 66 25 ) ( 0 26 25 )
0 26 ( 0 14 26 ) ( 0 30 26 )
0 28 ( 0 59 28 ) ( 0 70 28 )
0 30 ( 0 55 30 ) ( 0 59 32 30 )
0 31 ( 0 85 31 ) ( 0 34 31 )
0 32 ( 0 13 32 ) ( 0 82 32 )
0 34 ( 0 85 34 ) ( 0 59 34 )
0 38 ( 0 28 38 ) ( 0 82 38 )
0 39 ( 0 32 39 ) ( 0 30 39 )
0 55 ( 0 30 55 ) ( 0 32 55 )
0 59 ( 0 55 59 ) ( 0 28 59 )
0 70 ( 0 28 70 ) ( 0 32 70 )
0 81 ( 0 55 81 ) ( 0 26 81 )
0 82 ( 0 14 82 ) ( 0 59 82 )
0 85 ( 0 55 85 ) ( 0 38 85 )
1 2 ( 1 70 2 ) ( 1 28 2 )
1 3 ( 1 36 3 ) ( 1 67 3 )
1 4 ( 1 10 4 ) ( 1 39 4 )
1 5 ( 1 90 5 ) ( 1 9 5 )
1 6 ( 1 60 6 ) ( 1 10 6 )
1 7 ( 1 57 7 ) ( 1 45 7 )
1 8 ( 1 43 8 ) ( 1 88 8 )
1 9 ( 1 10 9 ) ( 1 49 9 )
1 10 ( 1 70 10 ) ( 1 59 10 )
1 11 ( 1 45 11 ) ( 1 44 11 )
1 12 ( 1 28 12 ) ( 1 76 12 )
1 13 ( 1 32 13 ) ( 1 59 30 13 )
1 15 ( 1 90 15 ) ( 1 45 15 )
1 17 ( 1 52 17 ) ( 1 76 17 )
1 28 ( 1 59 28 ) ( 1 34 28 )
1 31 ( 1 34 31 ) ( 1 85 31 )
1 32 ( 1 59 32 ) ( 1 85 32 )
1 34 ( 1 85 34 ) ( 1 10 34 )
1 38 ( 1 34 38 ) ( 1 85 38 )
1 49 ( 1 64 49 ) ( 1 31 49 )
1 59 ( 1 70 28 59 ) ( 1 34 59 )
1 64 ( 1 49 64 ) ( 1 10 64 )
2 4 ( 2 25 4 ) ( 2 60 53 4 )
2 6 ( 2 91 6 ) ( 2 94 6 )
2 12 ( 2 66 12 ) ( 2 25 12 )
2 25 ( 2 12 25 ) ( 2 63 25 )
2 56 ( 2 66 56 ) ( 2 25 56 )
3 4 ( 3 71 4 ) ( 3 22 4 )
3 5 ( 3 67 5 ) ( 3 77 5 )
3 7 ( 3 48 7 ) ( 3 92 7 )
3 8 ( 3 50 8 ) ( 3 46 88 8 )
3 11 ( 3 88 11 ) ( 3 48 11 )
3 15 ( 3 46 15 ) ( 3 92 15 )
3 16 ( 3 48 46 16 ) ( 3 67 16 )
3 18 ( 3 67 46 18 ) ( 3 50 18 )
3 21 ( 3 46 21 ) ( 3 16 21 )
3 23 ( 3 16 23 ) ( 3 77 23 )
3 24 ( 3 50 24 ) ( 3 48 24 )
3 27 ( 3 87 27 ) ( 3 48 27 )
3 29 ( 3 50 29 ) ( 3 8 29 )
3 33 ( 3 44 33 ) ( 3 48 33 )
3 36 ( 3 67 77 36 ) ( 3 43 36 )
4 6 ( 4 53 6 ) ( 4 62 6 )
5 7 ( 5 77 7 ) ( 5 36 15 7 )
5 8 ( 5 77 8 ) ( 5 88 8 )
5 11 ( 5 44 11 ) ( 5 33 11 )
5 15 ( 5 36 15 ) ( 5 57 43 15 )
7 8 ( 7 88 8 ) ( 7 44 8 )
7 11 ( 7 33 11 ) ( 7 61 11 )
7 15 ( 7 57 15 ) ( 7 61 15 )
8 11 ( 8 44 11 ) ( 8 29 73 11 )
9 10 ( 9 64 10 ) ( 9 49 10 )

EOF