DIMENSIONS
60 sommetsG2
55 sommetsG1
90 dem

SOMMETS
0  Berlin  C  52.52  13.38
1  Hamburg  C  53.55  10
2  Munchen  C  48.14  11.58
3  Koln  C  50.95  6.97
4  Frankfurt  C  50.12  8.68
5  Dortmund  C  51.51  7.48
6  Stuttgart  C  48.79  9.19
7  Essen  C  51.47  7
8  Dusseldorf  C  51.24  6.79
9  Bremen  C  53.08  8.81
10  Hannover  C  52.4  9.73
11  Duisburg  C  51.43  6.75
12  Nurnberg  C  49.45  11.05
13  Leipzig  C  51.35  12.4
14  Dresden  C  51.05  13.74
15  Bochum  C  51.48  7.2
16  Wuppertal  C  51.26  7.18
17  Bielefeld  C  52.03  8.53
18  Bonn  C  50.73  7.1
19  Mannheim  C  49.5  8.47
20  Karlsruhe  C  49  8.4
21  Gelsenkirchen  C  51.51  7.11
22  Wiesbaden  C  50.08  8.23
23  Munster  T  51.96  7.62
24  Monchengladbach  C  51.2  6.42
25  Augsburg  C  48.36  10.89
26  Chemnitz  C  50.83  12.92
27  Aachen  C  50.77  6.09
28  Braunschweig  C  52.27  10.51
29  Krefeld  C  51.33  6.55
30  Halle  C  51.48  11.96
31  Kiel  C  54.32  10.12
32  Magdeburg  C  52.13  11.62
33  Oberhausen  C  51.47  6.86
34  Lubeck  C  53.87  10.66
35  Freiburg  C  47.99  7.85
36  Hagen  C  51.37  7.46
37  Erfurt  C  50.99  11.03
38  Rostock  C  54.09  12.1
39  Kassel  C  51.32  9.48
40  Mainz  C  50  8.26
41  Hamm  C  51.67  7.8
42  Saarbrucken  C  49.25  6.97
43  Herne  C  51.54  7.21
44  Mulheim  C  51.43  6.86
45  Osnabruck  C  52.28  8.05
46  Solingen  T  51.18  7.06
47  Ludwigshafen  T  49.48  8.44
48  Leverkusen  C  51.04  6.99
49  Oldenburg  C  53.15  8.21
50  Neuss  T  51.2  6.69
51  Heidelberg  C  49.42  8.69
52  Paderborn  C  51.72  8.74
53  Darmstadt  C  49.87  8.64
54  Wurzburg  T  49.8  9.94
55  Potsdam  C  52.4  13.07
56  Regensburg  C  49.02  12.11
57  Recklinghausen  C  51.61  7.19
58  Gottingen  C  51.53  9.92
59  Wolfsburg  C  52.43  10.78

DEMANDES
0 1 ( 0 32 1 ) ( 0 55 59 1 )
0 2 ( 0 56 2 ) ( 0 13 2 )
0 3 ( 0 58 3 ) ( 0 52 3 )
0 4 ( 0 55 4 ) ( 0 30 4 )
0 5 ( 0 52 5 ) ( 0 41 5 )
0 6 ( 0 55 6 ) ( 0 12 6 )
0 7 ( 0 21 7 ) ( 0 41 7 )
0 8 ( 0 36 8 ) ( 0 32 8 )
0 9 ( 0 55 9 ) ( 0 32 59 9 )
0 10 ( 0 59 10 ) ( 0 28 10 )
0 11 ( 0 7 11 ) ( 0 21 11 )
0 12 ( 0 55 12 ) ( 0 32 12 )
0 13 ( 0 55 13 ) ( 0 14 13 )
0 14 ( 0 26 14 ) ( 0 13 14 )
0 15 ( 0 5 15 ) ( 0 32 15 )
0 16 ( 0 32 16 ) ( 0 55 16 )
0 17 ( 0 59 17 ) ( 0 32 17 )
0 18 ( 0 39 18 ) ( 0 32 18 )
0 19 ( 0 37 19 ) ( 0 55 19 )
0 20 ( 0 37 20 ) ( 0 51 20 )
0 21 ( 0 52 21 ) ( 0 15 21 )
0 22 ( 0 4 22 ) ( 0 30 22 )
0 25 ( 0 13 25 ) ( 0 55 25 )
0 26 ( 0 13 26 ) ( 0 30 32 26 )
0 28 ( 0 55 59 28 ) ( 0 32 30 28 )
0 30 ( 0 13 30 ) ( 0 32 30 )
0 31 ( 0 34 31 ) ( 0 38 31 )
0 32 ( 0 30 32 ) ( 0 59 32 )
0 34 ( 0 55 34 ) ( 0 32 34 )
0 37 ( 0 55 37 ) ( 0 32 37 )
0 38 ( 0 13 38 ) ( 0 30 38 )
0 39 ( 0 58 39 ) ( 0 30 39 )
0 55 ( 0 14 55 ) ( 0 32 55 )
0 59 ( 0 32 59 ) ( 0 37 59 )
1 2 ( 1 12 2 ) ( 1 28 37 2 )
1 3 ( 1 36 3 ) ( 1 16 3 )
1 4 ( 1 52 4 ) ( 1 58 4 )
1 5 ( 1 17 5 ) ( 1 10 5 )
1 6 ( 1 58 39 6 ) ( 1 53 6 )
1 7 ( 1 45 21 7 ) ( 1 43 7 )
1 8 ( 1 33 8 ) ( 1 9 8 )
1 9 ( 1 10 9 ) ( 1 49 9 )
1 10 ( 1 28 10 ) ( 1 59 10 )
1 11 ( 1 45 11 ) ( 1 33 11 )
1 12 ( 1 28 12 ) ( 1 58 12 )
1 13 ( 1 32 13 ) ( 1 30 13 )
1 14 ( 1 13 14 ) ( 1 28 14 )
1 15 ( 1 45 15 ) ( 1 5 15 )
1 16 ( 1 5 16 ) ( 1 41 36 16 )
1 17 ( 1 52 17 ) ( 1 45 17 )
1 28 ( 1 59 28 ) ( 1 9 28 )
1 31 ( 1 9 31 ) ( 1 38 31 )
1 32 ( 1 28 32 ) ( 1 34 32 )
1 34 ( 1 59 34 ) ( 1 10 34 )
1 38 ( 1 34 38 ) ( 1 59 38 )
1 49 ( 1 10 49 ) ( 1 31 49 )
1 59 ( 1 28 59 ) ( 1 31 59 )
2 4 ( 2 25 4 ) ( 2 53 4 )
2 6 ( 2 12 6 ) ( 2 20 6 )
2 12 ( 2 56 12 ) ( 2 37 12 )
2 25 ( 2 6 25 ) ( 2 51 25 )
2 56 ( 2 12 56 ) ( 2 26 56 )
3 4 ( 3 18 4 ) ( 3 48 4 )
3 5 ( 3 16 5 ) ( 3 48 5 )
3 7 ( 3 48 7 ) ( 3 16 7 )
3 8 ( 3 48 8 ) ( 3 44 8 )
3 11 ( 3 8 11 ) ( 3 48 33 11 )
3 15 ( 3 48 15 ) ( 3 21 15 )
3 16 ( 3 48 16 ) ( 3 15 16 )
3 18 ( 3 16 18 ) ( 3 44 18 )
3 21 ( 3 16 21 ) ( 3 15 21 )
3 24 ( 3 48 24 ) ( 3 29 24 )
3 27 ( 3 48 27 ) ( 3 8 27 )
3 29 ( 3 8 29 ) ( 3 11 29 )
3 33 ( 3 44 33 ) ( 3 48 33 )
3 36 ( 3 16 36 ) ( 3 43 36 )
3 43 ( 3 48 43 ) ( 3 21 43 )
3 44 ( 3 11 44 ) ( 3 7 44 )
4 6 ( 4 51 6 ) ( 4 19 6 )
5 7 ( 5 15 7 ) ( 5 21 7 )
5 8 ( 5 15 8 ) ( 5 16 8 )
5 11 ( 5 15 11 ) ( 5 44 11 )
5 15 ( 5 21 15 ) ( 5 16 15 )
5 16 ( 5 36 16 ) ( 5 15 16 )
7 8 ( 7 44 8 ) ( 7 48 8 )
7 11 ( 7 33 11 ) ( 7 21 11 )
7 15 ( 7 57 15 ) ( 7 33 15 )
8 11 ( 8 44 11 ) ( 8 33 11 )
8 15 ( 8 7 15 ) ( 8 44 15 )
9 10 ( 9 49 10 ) ( 9 28 10 )

EOF