DIMENSIONS
14 sommetsG2
12 sommetsG1
18 dem

SOMMETS
0  Berlin  C  52.52  13.38
1  Hamburg  C  53.55  10
2  Munchen  C  48.14  11.58
3  Koln  C  50.95  6.97
4  Frankfurt  C  50.12  8.68
5  Dortmund  T  51.51  7.48
6  Stuttgart  C  48.79  9.19
7  Essen  C  51.47  7
8  Dusseldorf  C  51.24  6.79
9  Bremen  C  53.08  8.81
10  Hannover  C  52.4  9.73
11  Duisburg  T  51.43  6.75
12  Nurnberg  C  49.45  11.05
13  Leipzig  C  51.35  12.4

DEMANDES
0 1 ( 0 10 1 ) ( 0 12 1 )
0 2 ( 0 6 2 ) ( 0 13 10 2 )
0 3 ( 0 7 3 ) ( 0 8 3 )
0 4 ( 0 13 4 ) ( 0 10 4 )
0 6 ( 0 13 2 6 ) ( 0 10 9 6 )
0 7 ( 0 10 7 ) ( 0 13 7 )
0 8 ( 0 10 8 ) ( 0 13 8 )
0 9 ( 0 10 9 ) ( 0 13 9 )
0 10 ( 0 13 10 ) ( 0 1 10 )
0 12 ( 0 13 12 ) ( 0 10 12 )
0 13 ( 0 2 13 ) ( 0 10 12 13 )
1 2 ( 1 12 2 ) ( 1 9 2 )
1 3 ( 1 7 8 3 ) ( 1 4 3 )
1 9 ( 1 7 9 ) ( 1 4 9 )
1 10 ( 1 4 10 ) ( 1 8 10 )
2 12 ( 2 10 12 ) ( 2 0 12 )
3 7 ( 3 4 8 7 ) ( 3 9 7 )
3 8 ( 3 9 8 ) ( 3 12 7 8 )

EOF