DIMENSIONS
100 sommetsG2
95 sommetsG1
140 dem

SOMMETS
0  Berlin  C  52.52  13.38
1  Hamburg  C  53.55  10
2  Munchen  C  48.14  11.58
3  Koln  C  50.95  6.97
4  Frankfurt  C  50.12  8.68
5  Dortmund  C  51.51  7.48
6  Stuttgart  C  48.79  9.19
7  Essen  C  51.47  7
8  Dusseldorf  C  51.24  6.79
9  Bremen  C  53.08  8.81
10  Hannover  C  52.4  9.73
11  Duisburg  C  51.43  6.75
12  Nurnberg  C  49.45  11.05
13  Leipzig  C  51.35  12.4
14  Dresden  C  51.05  13.74
15  Bochum  C  51.48  7.2
16  Wuppertal  C  51.26  7.18
17  Bielefeld  C  52.03  8.53
18  Bonn  C  50.73  7.1
19  Mannheim  C  49.5  8.47
20  Karlsruhe  C  49  8.4
21  Gelsenkirchen  C  51.51  7.11
22  Wiesbaden  C  50.08  8.23
23  Munster  C  51.96  7.62
24  Monchengladbach  C  51.2  6.42
25  Augsburg  C  48.36  10.89
26  Chemnitz  C  50.83  12.92
27  Aachen  C  50.77  6.09
28  Braunschweig  C  52.27  10.51
29  Krefeld  C  51.33  6.55
30  Halle  C  51.48  11.96
31  Kiel  C  54.32  10.12
32  Magdeburg  C  52.13  11.62
33  Oberhausen  C  51.47  6.86
34  Lubeck  C  53.87  10.66
35  Freiburg  C  47.99  7.85
36  Hagen  C  51.37  7.46
37  Erfurt  C  50.99  11.03
38  Rostock  C  54.09  12.1
39  Kassel  T  51.32  9.48
40  Mainz  C  50  8.26
41  Hamm  C  51.67  7.8
42  Saarbrucken  C  49.25  6.97
43  Herne  C  51.54  7.21
44  Mulheim  C  51.43  6.86
45  Osnabruck  C  52.28  8.05
46  Solingen  C  51.18  7.06
47  Ludwigshafen  C  49.48  8.44
48  Leverkusen  C  51.04  6.99
49  Oldenburg  C  53.15  8.21
50  Neuss  C  51.2  6.69
51  Heidelberg  C  49.42  8.69
52  Paderborn  C  51.72  8.74
53  Darmstadt  C  49.87  8.64
54  Wurzburg  C  49.8  9.94
55  Potsdam  C  52.4  13.07
56  Regensburg  C  49.02  12.11
57  Recklinghausen  C  51.61  7.19
58  Gottingen  C  51.53  9.92
59  Wolfsburg  C  52.43  10.78
60  Heilbronn  C  49.14  9.22
61  Bottrop  C  51.53  6.93
62  Offenbach  C  50.1  8.77
63  Ulm  C  48.4  9.97
64  Bremerhaven  C  53.55  8.58
65  Pforzheim  C  48.89  8.69
66  Ingolstadt  C  48.77  11.43
67  Remscheid  C  51.18  7.19
68  Furth  C  49.48  10.98
69  Reutlingen  C  48.49  9.21
70  Salzgitter  C  52.17  10.33
71  Koblenz  C  50.35  7.6
72  Siegen  C  50.87  8.01
73  Moers  C  51.45  6.65
74  Gera  C  50.88  12.08
75  Bergisch-gladbach  C  50.98  7.15
76  Hildesheim  C  52.16  9.95
77  Witten  C  51.44  7.34
78  Erlangen  T  49.6  11.01
79  Cottbus  T  51.77  14.33
80  Trier  C  49.75  6.63
81  Zwickau  C  50.72  12.5
82  Jena  C  50.93  11.58
83  Kaiserslautern  C  49.45  7.75
84  Iserlohn  T  51.39  7.68
85  Schwerin  C  53.63  11.4
86  Gutersloh  C  51.91  8.37
87  Duren  C  50.81  6.49
88  Ratingen  C  51.3  6.85
89  Marl  C  51.68  7.12
90  Lunen  C  51.62  7.52
91  Esslingen  T  48.74  9.32
92  Velbert  C  51.35  7.04
93  Hanau  C  50.14  8.91
94  Ludwigsburg  C  48.9  9.19
95  Flensburg  C  54.79  9.42
96  Wilhelmshaven  C  53.54  8.11
97  Tubingen  C  48.53  9.06
98  Minden  C  52.29  8.9
99  Villingen-schwenningen  C  48.07  8.45

DEMANDES
0 1 ( 0 59 1 ) ( 0 38 1 )
0 2 ( 0 66 2 ) ( 0 55 13 2 )
0 3 ( 0 55 3 ) ( 0 58 3 )
0 4 ( 0 55 4 ) ( 0 93 4 )
0 5 ( 0 52 5 ) ( 0 32 5 )
0 6 ( 0 82 6 ) ( 0 30 6 )
0 7 ( 0 52 7 ) ( 0 15 7 )
0 8 ( 0 32 8 ) ( 0 55 8 )
0 9 ( 0 28 9 ) ( 0 10 9 )
0 10 ( 0 28 10 ) ( 0 55 10 )
0 11 ( 0 21 11 ) ( 0 15 11 )
0 12 ( 0 30 82 12 ) ( 0 26 12 )
0 13 ( 0 81 13 ) ( 0 14 74 13 )
0 14 ( 0 55 14 ) ( 0 32 30 14 )
0 15 ( 0 5 15 ) ( 0 70 41 15 )
0 16 ( 0 32 16 ) ( 0 55 16 )
0 17 ( 0 28 17 ) ( 0 70 17 )
0 18 ( 0 58 18 ) ( 0 72 18 )
0 19 ( 0 30 19 ) ( 0 82 19 )
0 20 ( 0 54 20 ) ( 0 51 20 )
0 21 ( 0 43 21 ) ( 0 52 21 )
0 22 ( 0 4 22 ) ( 0 30 22 )
0 23 ( 0 59 23 ) ( 0 86 23 )
0 24 ( 0 36 24 ) ( 0 92 24 )
0 25 ( 0 81 25 ) ( 0 13 25 )
0 26 ( 0 13 26 ) ( 0 14 26 )
0 28 ( 0 59 70 28 ) ( 0 30 28 )
0 29 ( 0 52 29 ) ( 0 5 29 )
0 30 ( 0 26 30 ) ( 0 81 30 )
0 31 ( 0 38 31 ) ( 0 59 31 )
0 32 ( 0 55 32 ) ( 0 74 32 )
0 33 ( 0 21 33 ) ( 0 41 33 )
0 34 ( 0 55 34 ) ( 0 32 34 )
0 36 ( 0 32 36 ) ( 0 70 36 )
0 37 ( 0 13 37 ) ( 0 55 82 37 )
0 38 ( 0 30 38 ) ( 0 34 38 )
0 40 ( 0 4 40 ) ( 0 93 62 40 )
0 41 ( 0 70 41 ) ( 0 52 41 )
0 54 ( 0 82 54 ) ( 0 55 54 )
0 55 ( 0 14 55 ) ( 0 30 55 )
0 56 ( 0 81 56 ) ( 0 55 56 )
0 58 ( 0 30 58 ) ( 0 55 28 58 )
0 59 ( 0 55 32 59 ) ( 0 28 59 )
0 68 ( 0 82 68 ) ( 0 26 68 )
0 70 ( 0 28 70 ) ( 0 32 70 )
0 74 ( 0 55 74 ) ( 0 26 74 )
0 76 ( 0 70 76 ) ( 0 28 76 )
0 81 ( 0 13 81 ) ( 0 26 81 )
0 82 ( 0 55 82 ) ( 0 13 82 )
0 85 ( 0 34 85 ) ( 0 13 85 )
1 2 ( 1 66 2 ) ( 1 70 12 2 )
1 3 ( 1 16 3 ) ( 1 77 3 )
1 4 ( 1 10 4 ) ( 1 62 4 )
1 5 ( 1 41 5 ) ( 1 17 5 )
1 6 ( 1 60 6 ) ( 1 94 6 )
1 7 ( 1 23 7 ) ( 1 45 7 )
1 8 ( 1 43 8 ) ( 1 88 8 )
1 9 ( 1 10 9 ) ( 1 49 9 )
1 10 ( 1 76 10 ) ( 1 70 10 )
1 11 ( 1 45 11 ) ( 1 61 11 )
1 12 ( 1 68 12 ) ( 1 37 12 )
1 13 ( 1 30 13 ) ( 1 28 13 )
1 14 ( 1 59 14 ) ( 1 28 14 )
1 15 ( 1 90 15 ) ( 1 23 15 )
1 16 ( 1 5 16 ) ( 1 77 16 )
1 17 ( 1 98 17 ) ( 1 10 17 )
1 21 ( 1 45 21 ) ( 1 23 21 )
1 23 ( 1 9 23 ) ( 1 98 23 )
1 28 ( 1 59 28 ) ( 1 76 28 )
1 30 ( 1 28 30 ) ( 1 59 70 30 )
1 31 ( 1 34 31 ) ( 1 85 31 )
1 32 ( 1 70 32 ) ( 1 85 32 )
1 34 ( 1 85 34 ) ( 1 95 34 )
1 38 ( 1 85 38 ) ( 1 31 38 )
1 45 ( 1 98 45 ) ( 1 17 45 )
1 49 ( 1 9 49 ) ( 1 96 49 )
1 59 ( 1 28 59 ) ( 1 34 59 )
1 64 ( 1 9 64 ) ( 1 49 64 )
1 70 ( 1 28 70 ) ( 1 34 70 )
1 76 ( 1 34 76 ) ( 1 9 76 )
1 85 ( 1 34 85 ) ( 1 31 85 )
1 95 ( 1 64 95 ) ( 1 49 95 )
2 3 ( 2 40 3 ) ( 2 62 3 )
2 4 ( 2 93 4 ) ( 2 54 4 )
2 6 ( 2 63 6 ) ( 2 94 6 )
2 12 ( 2 66 12 ) ( 2 25 12 )
2 13 ( 2 74 13 ) ( 2 81 13 )
2 14 ( 2 66 81 14 ) ( 2 68 14 )
2 25 ( 2 66 25 ) ( 2 56 25 )
2 56 ( 2 66 56 ) ( 2 12 56 )
2 66 ( 2 25 66 ) ( 2 56 66 )
3 4 ( 3 18 4 ) ( 3 71 4 )
3 5 ( 3 67 5 ) ( 3 16 5 )
3 6 ( 3 19 6 ) ( 3 71 6 )
3 7 ( 3 46 7 ) ( 3 44 7 )
3 8 ( 3 48 8 ) ( 3 88 8 )
3 9 ( 3 67 9 ) ( 3 45 9 )
3 11 ( 3 48 8 11 ) ( 3 33 11 )
3 15 ( 3 46 15 ) ( 3 48 15 )
3 16 ( 3 67 16 ) ( 3 48 75 16 )
3 17 ( 3 86 17 ) ( 3 48 17 )
3 18 ( 3 75 18 ) ( 3 67 18 )
3 21 ( 3 48 21 ) ( 3 92 21 )
3 22 ( 3 71 22 ) ( 3 18 22 )
3 23 ( 3 77 23 ) ( 3 67 23 )
3 24 ( 3 48 24 ) ( 3 8 24 )
3 27 ( 3 50 27 ) ( 3 24 27 )
3 29 ( 3 48 29 ) ( 3 11 29 )
3 33 ( 3 48 8 33 ) ( 3 7 33 )
3 36 ( 3 48 67 36 ) ( 3 46 36 )
3 41 ( 3 36 41 ) ( 3 5 41 )
3 43 ( 3 46 43 ) ( 3 15 43 )
3 44 ( 3 48 8 44 ) ( 3 92 44 )
3 46 ( 3 48 46 ) ( 3 75 46 )
3 48 ( 3 75 46 48 ) ( 3 16 48 )
3 50 ( 3 48 50 ) ( 3 46 50 )
4 5 ( 4 62 5 ) ( 4 77 5 )
4 6 ( 4 60 6 ) ( 4 51 94 6 )
4 19 ( 4 47 19 ) ( 4 51 19 )
4 22 ( 4 40 22 ) ( 4 62 22 )
5 7 ( 5 15 21 7 ) ( 5 77 57 7 )
5 8 ( 5 92 8 ) ( 5 77 8 )
5 11 ( 5 15 11 ) ( 5 7 33 11 )
5 15 ( 5 57 15 ) ( 5 90 15 )
5 16 ( 5 77 16 ) ( 5 36 16 )
5 18 ( 5 67 18 ) ( 5 77 18 )
6 19 ( 6 94 19 ) ( 6 60 19 )
6 20 ( 6 65 20 ) ( 6 97 20 )
7 8 ( 7 92 8 ) ( 7 11 44 8 )
7 11 ( 7 61 11 ) ( 7 92 11 )
7 15 ( 7 21 15 ) ( 7 92 15 )
7 16 ( 7 92 16 ) ( 7 15 16 )
7 18 ( 7 75 18 ) ( 7 46 67 18 )
8 11 ( 8 88 11 ) ( 8 44 11 )
8 15 ( 8 7 21 15 ) ( 8 44 15 )
8 16 ( 8 88 16 ) ( 8 92 16 )
8 18 ( 8 3 18 ) ( 8 75 18 )
9 10 ( 9 64 10 ) ( 9 70 10 )
11 15 ( 11 7 15 ) ( 11 33 15 )
11 16 ( 11 44 16 ) ( 11 46 16 )

EOF