DIMENSIONS
50 sommetsG2
45 sommetsG1
95 dem

SOMMETS
0  Berlin  C  52.52  13.38
1  Hamburg  C  53.55  10
2  Munchen  C  48.14  11.58
3  Koln  C  50.95  6.97
4  Frankfurt  C  50.12  8.68
5  Dortmund  C  51.51  7.48
6  Stuttgart  C  48.79  9.19
7  Essen  C  51.47  7
8  Dusseldorf  C  51.24  6.79
9  Bremen  T  53.08  8.81
10  Hannover  C  52.4  9.73
11  Duisburg  C  51.43  6.75
12  Nurnberg  C  49.45  11.05
13  Leipzig  C  51.35  12.4
14  Dresden  C  51.05  13.74
15  Bochum  C  51.48  7.2
16  Wuppertal  C  51.26  7.18
17  Bielefeld  C  52.03  8.53
18  Bonn  C  50.73  7.1
19  Mannheim  T  49.5  8.47
20  Karlsruhe  C  49  8.4
21  Gelsenkirchen  C  51.51  7.11
22  Wiesbaden  C  50.08  8.23
23  Munster  C  51.96  7.62
24  Monchengladbach  C  51.2  6.42
25  Augsburg  C  48.36  10.89
26  Chemnitz  C  50.83  12.92
27  Aachen  C  50.77  6.09
28  Braunschweig  C  52.27  10.51
29  Krefeld  C  51.33  6.55
30  Halle  C  51.48  11.96
31  Kiel  C  54.32  10.12
32  Magdeburg  C  52.13  11.62
33  Oberhausen  C  51.47  6.86
34  Lubeck  C  53.87  10.66
35  Freiburg  C  47.99  7.85
36  Hagen  C  51.37  7.46
37  Erfurt  C  50.99  11.03
38  Rostock  C  54.09  12.1
39  Kassel  T  51.32  9.48
40  Mainz  C  50  8.26
41  Hamm  C  51.67  7.8
42  Saarbrucken  T  49.25  6.97
43  Herne  C  51.54  7.21
44  Mulheim  C  51.43  6.86
45  Osnabruck  T  52.28  8.05
46  Solingen  C  51.18  7.06
47  Ludwigshafen  C  49.48  8.44
48  Leverkusen  C  51.04  6.99
49  Oldenburg  C  53.15  8.21

DEMANDES
0 1 ( 0 13 1 ) ( 0 37 1 )
0 2 ( 0 13 2 ) ( 0 14 2 )
0 3 ( 0 48 3 ) ( 0 28 3 )
0 4 ( 0 28 4 ) ( 0 40 4 )
0 5 ( 0 32 5 ) ( 0 17 5 )
0 6 ( 0 30 6 ) ( 0 37 6 )
0 7 ( 0 5 7 ) ( 0 21 7 )
0 8 ( 0 36 8 ) ( 0 32 8 )
0 10 ( 0 32 10 ) ( 0 30 28 10 )
0 11 ( 0 21 11 ) ( 0 44 11 )
0 12 ( 0 30 12 ) ( 0 14 12 )
0 13 ( 0 14 13 ) ( 0 37 13 )
0 14 ( 0 26 14 ) ( 0 30 14 )
0 15 ( 0 41 15 ) ( 0 28 15 )
0 16 ( 0 32 16 ) ( 0 5 16 )
0 17 ( 0 28 17 ) ( 0 32 17 )
0 18 ( 0 28 18 ) ( 0 30 18 )
0 20 ( 0 4 20 ) ( 0 22 20 )
0 21 ( 0 43 21 ) ( 0 15 21 )
0 22 ( 0 37 22 ) ( 0 30 4 22 )
0 23 ( 0 17 23 ) ( 0 32 23 )
0 24 ( 0 36 24 ) ( 0 32 24 )
0 25 ( 0 13 25 ) ( 0 26 25 )
0 26 ( 0 13 26 ) ( 0 30 26 )
0 28 ( 0 32 28 ) ( 0 37 28 )
0 30 ( 0 32 30 ) ( 0 26 30 )
0 31 ( 0 38 31 ) ( 0 1 31 )
0 32 ( 0 14 13 32 ) ( 0 28 32 )
0 34 ( 0 38 34 ) ( 0 30 34 )
0 37 ( 0 13 37 ) ( 0 32 37 )
0 38 ( 0 32 38 ) ( 0 30 38 )
1 2 ( 1 28 2 ) ( 1 25 2 )
1 3 ( 1 41 3 ) ( 1 16 3 )
1 4 ( 1 28 4 ) ( 1 22 4 )
1 5 ( 1 41 5 ) ( 1 17 5 )
1 6 ( 1 4 47 6 ) ( 1 22 6 )
1 7 ( 1 43 7 ) ( 1 15 7 )
1 8 ( 1 15 8 ) ( 1 23 8 )
1 10 ( 1 34 10 ) ( 1 37 10 )
1 11 ( 1 44 11 ) ( 1 7 11 )
1 12 ( 1 10 12 ) ( 1 32 30 12 )
1 13 ( 1 10 13 ) ( 1 26 13 )
1 14 ( 1 26 14 ) ( 1 28 13 14 )
1 15 ( 1 43 15 ) ( 1 23 15 )
1 16 ( 1 41 5 16 ) ( 1 36 16 )
1 17 ( 1 34 17 ) ( 1 31 17 )
1 23 ( 1 41 23 ) ( 1 43 15 23 )
1 28 ( 1 10 28 ) ( 1 34 28 )
1 30 ( 1 37 30 ) ( 1 28 32 13 30 )
1 31 ( 1 28 31 ) ( 1 38 31 )
1 32 ( 1 31 32 ) ( 1 30 32 )
1 34 ( 1 38 34 ) ( 1 28 10 34 )
1 38 ( 1 34 38 ) ( 1 31 38 )
1 49 ( 1 17 49 ) ( 1 23 49 )
2 3 ( 2 4 3 ) ( 2 18 3 )
2 4 ( 2 25 4 ) ( 2 12 4 )
2 6 ( 2 20 6 ) ( 2 35 6 )
2 12 ( 2 25 12 ) ( 2 26 12 )
2 13 ( 2 26 13 ) ( 2 12 13 )
2 25 ( 2 6 25 ) ( 2 47 25 )
3 4 ( 3 22 4 ) ( 3 46 16 4 )
3 5 ( 3 48 5 ) ( 3 46 5 )
3 7 ( 3 46 44 7 ) ( 3 15 7 )
3 8 ( 3 48 46 8 ) ( 3 44 8 )
3 11 ( 3 46 11 ) ( 3 33 44 11 )
3 15 ( 3 48 15 ) ( 3 16 15 )
3 16 ( 3 18 16 ) ( 3 7 16 )
3 18 ( 3 48 18 ) ( 3 16 18 )
3 21 ( 3 7 21 ) ( 3 15 21 )
3 22 ( 3 18 22 ) ( 3 48 22 )
3 23 ( 3 16 23 ) ( 3 46 23 )
3 24 ( 3 48 24 ) ( 3 11 24 )
3 27 ( 3 48 27 ) ( 3 8 27 )
3 29 ( 3 48 29 ) ( 3 11 29 )
3 33 ( 3 46 33 ) ( 3 11 33 )
3 36 ( 3 46 36 ) ( 3 5 36 )
3 41 ( 3 36 41 ) ( 3 5 41 )
3 43 ( 3 46 43 ) ( 3 7 43 )
3 44 ( 3 48 44 ) ( 3 33 44 )
3 46 ( 3 18 48 46 ) ( 3 44 46 )
3 48 ( 3 46 48 ) ( 3 18 48 )
4 5 ( 4 22 5 ) ( 4 16 5 )
4 6 ( 4 47 6 ) ( 4 20 6 )
5 7 ( 5 15 7 ) ( 5 43 7 )
5 8 ( 5 16 8 ) ( 5 43 8 )
5 11 ( 5 21 11 ) ( 5 43 7 11 )
5 15 ( 5 43 15 ) ( 5 21 15 )
5 16 ( 5 36 16 ) ( 5 7 16 )
7 8 ( 7 44 8 ) ( 7 33 8 )
7 11 ( 7 44 11 ) ( 7 33 11 )
7 15 ( 7 21 15 ) ( 7 43 15 )
7 16 ( 7 15 16 ) ( 7 46 16 )
8 11 ( 8 33 7 11 ) ( 8 48 11 )
8 15 ( 8 21 15 ) ( 8 33 15 )
8 16 ( 8 44 16 ) ( 8 7 16 )

EOF