DIMENSIONS
100 sommetsG2
95 sommetsG1
130 dem

SOMMETS
0  London  C  51.52  -0.1
1  Glasgow  C  55.87  -4.27
2  Birmingham  C  52.48  -1.91
3  Liverpool  C  53.42  -2.99
4  Edinburgh  C  55.95  -3.22
5  Sheffield  C  53.39  -1.48
6  Leeds  C  53.81  -1.55
7  Bristol  C  51.46  -2.6
8  Manchester  C  53.48  -2.25
9  Leicester  C  52.64  -1.13
10  Kingston-upon-hull  C  53.75  -0.36
11  Coventry  C  52.42  -1.5
12  Bradford  C  53.8  -1.75
13  Cardiff  C  51.48  -3.18
14  Nottingham  C  52.97  -1.18
15  Stoke-on-trent  C  53.01  -2.19
16  Wolverhampton  C  52.59  -2.15
17  Plymouth  C  50.38  -4.16
18  Belfast  C  54.6  -5.93
19  Derby  C  52.92  -1.5
20  Reading  C  51.45  -0.98
21  Southampton  C  50.91  -1.41
22  Dudley  C  52.5  -2.08
23  Aberdeen  C  57.15  -2.1
24  Newcastle-upon-tyne  C  55  -1.6
25  Preston  C  53.76  -2.73
26  Luton  C  51.9  -0.44
27  Sunderland  C  54.91  -1.39
28  Portsmouth  C  50.81  -1.09
29  Walsall  C  52.6  -1.97
30  Norwich  C  52.65  1.28
31  Swansea  C  51.63  -3.96
32  Bournemouth  C  50.73  -1.88
33  Southend-on-sea  C  51.55  0.71
34  Swindon  C  51.57  -1.78
35  Dundee  C  56.47  -3
36  Blackpool  C  53.82  -3.06
37  Poole  C  50.72  -1.98
38  Peterborough  C  52.59  -0.25
39  West-bromwich  T  52.53  -1.97
40  Middlesbrough  C  54.58  -1.23
41  Oldbury-smethwick  C  52.51  -2.03
42  Huddersfield  C  53.66  -1.8
43  Bolton  C  53.58  -2.43
44  Stockport  C  53.42  -2.17
45  Ipswich  C  52.07  1.14
46  Motherwell  C  55.79  -4
47  York  C  53.96  -1.11
48  Oxford  C  51.76  -1.26
49  Rotherham  C  53.44  -1.35
50  Brighton  C  50.83  -0.15
51  Gloucester  C  51.86  -2.24
52  Watford  C  51.66  -0.4
53  Newport  C  51.59  -3
54  Slough  C  51.52  -0.61
55  Basildon  C  51.57  0.46
56  Sutton-coldfield  C  52.56  -1.84
57  Blackburn  C  53.75  -2.49
58  Saint-helens  C  53.46  -2.75
59  Oldham  C  53.55  -2.12
60  Woking-byfleet  C  51.32  -0.57
61  Northampton  C  52.24  -0.9
62  Chelmsford  C  51.73  0.47
63  Colchester  C  51.88  0.9
64  Cambridge  C  52.21  0.13
65  Eastbourne  C  50.78  0.27
66  Worthing  C  50.82  -0.38
67  Exeter  C  50.73  -3.54
68  Gillingham  C  51.39  0.55
69  Solihull  C  52.42  -1.78
70  Halifax  C  53.73  -1.88
71  Cheltenham  C  51.9  -2.09
72  Maidstone  C  51.28  0.51
73  Rochdale  C  53.62  -2.16
74  Crawley  C  51.13  -0.2
75  Southport  C  53.66  -3.01
76  Falkirk  C  56.02  -3.79
77  Birkenhead  C  53.39  -3.04
78  Grimsby  T  53.57  -0.11
79  Darlington  T  54.52  -1.57
80  Worcester  C  52.2  -2.24
81  Bath  C  51.39  -2.38
82  Hartlepool  C  54.69  -1.22
83  Wigan  C  53.55  -2.64
84  Hastings  T  50.86  0.57
85  Warrington  C  53.39  -2.6
86  Londonderry  C  55  -7.33
87  South-shields  C  55  -1.43
88  Stockton-on-tees  C  54.57  -1.32
89  Saint-albans  C  51.75  -0.34
90  Lincoln  C  53.25  -0.55
91  Chester  T  53.2  -2.92
92  Basingstoke  C  51.27  -1.11
93  Gateshead  C  54.97  -1.62
94  Redditch  C  52.31  -1.94
95  Hemel-hempstead  C  51.76  -0.48
96  Stevenage  C  51.92  -0.21
97  Scunthorpe  C  53.59  -0.67
98  Barnsley  C  53.57  -1.49
99  Chatham  C  51.38  0.51

DEMANDES
0 1 ( 0 89 1 ) ( 0 26 1 )
0 2 ( 0 69 2 ) ( 0 52 2 )
0 3 ( 0 95 3 ) ( 0 69 3 )
0 4 ( 0 12 4 ) ( 0 98 4 )
0 5 ( 0 14 5 ) ( 0 9 5 )
0 6 ( 0 5 6 ) ( 0 52 6 )
0 7 ( 0 81 7 ) ( 0 54 48 7 )
0 8 ( 0 89 19 8 ) ( 0 9 8 )
0 9 ( 0 61 9 ) ( 0 95 9 )
0 10 ( 0 90 10 ) ( 0 26 10 )
0 11 ( 0 52 11 ) ( 0 54 11 )
0 12 ( 0 14 12 ) ( 0 5 12 )
0 13 ( 0 34 13 ) ( 0 81 13 )
0 14 ( 0 89 14 ) ( 0 96 14 )
0 15 ( 0 89 15 ) ( 0 11 15 )
0 16 ( 0 52 16 ) ( 0 2 16 )
0 17 ( 0 67 17 ) ( 0 21 17 )
0 18 ( 0 41 18 ) ( 0 2 16 18 )
0 19 ( 0 89 19 ) ( 0 26 19 )
0 20 ( 0 54 20 ) ( 0 60 20 )
0 21 ( 0 92 21 ) ( 0 52 60 21 )
0 22 ( 0 52 22 ) ( 0 69 22 )
0 23 ( 0 82 23 ) ( 0 96 23 )
0 24 ( 0 47 24 ) ( 0 88 24 )
0 25 ( 0 89 25 ) ( 0 95 25 )
0 26 ( 0 95 26 ) ( 0 96 26 )
0 27 ( 0 40 27 ) ( 0 96 47 27 )
0 28 ( 0 74 66 28 ) ( 0 92 28 )
0 29 ( 0 95 29 ) ( 0 52 29 )
0 30 ( 0 62 30 ) ( 0 55 30 )
0 31 ( 0 13 31 ) ( 0 81 31 )
0 32 ( 0 60 32 ) ( 0 28 32 )
0 33 ( 0 99 33 ) ( 0 68 33 )
0 34 ( 0 20 34 ) ( 0 52 34 )
0 35 ( 0 26 35 ) ( 0 96 35 )
0 36 ( 0 95 36 ) ( 0 26 36 )
0 37 ( 0 32 37 ) ( 0 92 37 )
0 38 ( 0 26 38 ) ( 0 64 38 )
0 40 ( 0 96 40 ) ( 0 14 40 )
0 41 ( 0 69 41 ) ( 0 52 95 41 )
0 42 ( 0 26 42 ) ( 0 89 42 )
0 43 ( 0 61 43 ) ( 0 44 43 )
0 44 ( 0 61 44 ) ( 0 89 44 )
0 45 ( 0 55 45 ) ( 0 33 45 )
0 46 ( 0 9 46 ) ( 0 26 46 )
0 47 ( 0 90 47 ) ( 0 96 38 47 )
0 48 ( 0 20 48 ) ( 0 60 48 )
0 49 ( 0 14 49 ) ( 0 52 49 )
0 50 ( 0 74 50 ) ( 0 89 50 )
0 51 ( 0 48 51 ) ( 0 52 71 51 )
0 52 ( 0 95 89 52 ) ( 0 26 52 )
0 53 ( 0 7 53 ) ( 0 52 53 )
0 54 ( 0 89 54 ) ( 0 60 54 )
0 55 ( 0 99 55 ) ( 0 33 55 )
0 56 ( 0 95 56 ) ( 0 89 56 )
0 57 ( 0 61 44 57 ) ( 0 8 57 )
0 58 ( 0 15 58 ) ( 0 89 58 )
0 59 ( 0 19 59 ) ( 0 9 59 )
0 60 ( 0 74 60 ) ( 0 26 60 )
0 61 ( 0 26 61 ) ( 0 96 61 )
0 62 ( 0 55 62 ) ( 0 68 62 )
0 63 ( 0 33 63 ) ( 0 99 63 )
0 64 ( 0 89 64 ) ( 0 52 64 )
0 65 ( 0 74 65 ) ( 0 99 65 )
0 66 ( 0 60 66 ) ( 0 89 66 )
0 67 ( 0 60 67 ) ( 0 54 67 )
0 68 ( 0 99 68 ) ( 0 62 68 )
0 69 ( 0 52 95 69 ) ( 0 89 69 )
0 70 ( 0 26 70 ) ( 0 42 70 )
0 71 ( 0 95 71 ) ( 0 54 20 71 )
0 72 ( 0 99 72 ) ( 0 68 99 33 72 )
0 73 ( 0 59 73 ) ( 0 61 73 )
0 74 ( 0 89 74 ) ( 0 54 74 )
0 75 ( 0 58 75 ) ( 0 85 75 )
0 76 ( 0 70 76 ) ( 0 26 76 )
0 77 ( 0 11 77 ) ( 0 56 77 )
0 80 ( 0 52 80 ) ( 0 95 80 )
0 81 ( 0 20 81 ) ( 0 48 81 )
0 82 ( 0 38 82 ) ( 0 47 88 82 )
0 83 ( 0 61 83 ) ( 0 26 83 )
0 85 ( 0 95 85 ) ( 0 89 85 )
0 86 ( 0 16 86 ) ( 0 2 86 )
0 87 ( 0 27 87 ) ( 0 40 87 )
0 88 ( 0 47 88 ) ( 0 96 88 )
0 89 ( 0 95 89 ) ( 0 54 52 89 )
0 90 ( 0 96 90 ) ( 0 89 26 90 )
0 92 ( 0 60 92 ) ( 0 20 92 )
0 93 ( 0 88 93 ) ( 0 89 93 )
0 94 ( 0 52 94 ) ( 0 89 94 )
0 95 ( 0 52 95 ) ( 0 26 95 )
0 96 ( 0 95 96 ) ( 0 74 96 )
0 97 ( 0 96 97 ) ( 0 38 97 )
0 98 ( 0 96 98 ) ( 0 9 98 )
0 99 ( 0 68 72 99 ) ( 0 33 99 )
1 2 ( 1 83 2 ) ( 1 85 2 )
1 3 ( 1 75 3 ) ( 1 36 3 )
1 4 ( 1 76 4 ) ( 1 46 4 )
1 35 ( 1 76 35 ) ( 1 24 35 )
1 46 ( 1 23 46 ) ( 1 75 46 )
2 3 ( 2 29 3 ) ( 2 41 3 )
2 5 ( 2 29 5 ) ( 2 69 5 )
2 6 ( 2 29 6 ) ( 2 56 98 6 )
2 7 ( 2 41 7 ) ( 2 69 71 7 )
2 8 ( 2 29 8 ) ( 2 44 8 )
2 9 ( 2 56 9 ) ( 2 69 9 )
2 10 ( 2 14 10 ) ( 2 90 10 )
2 11 ( 2 56 11 ) ( 2 94 11 )
2 12 ( 2 42 12 ) ( 2 56 12 )
2 13 ( 2 53 13 ) ( 2 41 13 )
2 14 ( 2 56 14 ) ( 2 19 14 )
2 15 ( 2 41 15 ) ( 2 16 15 )
2 16 ( 2 41 16 ) ( 2 29 22 16 )
2 19 ( 2 56 19 ) ( 2 69 19 )
2 20 ( 2 94 20 ) ( 2 11 48 20 )
2 21 ( 2 94 21 ) ( 2 34 21 )
2 22 ( 2 29 22 ) ( 2 56 22 )
2 25 ( 2 83 25 ) ( 2 15 43 25 )
2 29 ( 2 16 29 ) ( 2 94 29 )
2 34 ( 2 56 34 ) ( 2 29 41 34 )
2 41 ( 2 56 41 ) ( 2 94 41 )
2 42 ( 2 56 42 ) ( 2 41 42 )
2 43 ( 2 29 43 ) ( 2 16 43 )
2 44 ( 2 29 44 ) ( 2 15 44 )
2 48 ( 2 69 48 ) ( 2 56 48 )
2 51 ( 2 94 51 ) ( 2 41 51 )
2 56 ( 2 29 56 ) ( 2 41 56 )
3 8 ( 3 85 8 ) ( 3 83 8 )
5 6 ( 5 98 6 ) ( 5 49 6 )
5 8 ( 5 44 8 ) ( 5 73 8 )
6 8 ( 6 70 8 ) ( 6 12 8 )

EOF