DIMENSIONS
20 sommetsG2
18 sommetsG1
150 dem

SOMMETS
0  London  C  51.52  -0.1
1  Glasgow  C  55.87  -4.27
2  Birmingham  C  52.48  -1.91
3  Liverpool  C  53.42  -2.99
4  Edinburgh  C  55.95  -3.22
5  Sheffield  C  53.39  -1.48
6  Leeds  C  53.81  -1.55
7  Bristol  T  51.46  -2.6
8  Manchester  C  53.48  -2.25
9  Leicester  C  52.64  -1.13
10  Kingston-upon-hull  C  53.75  -0.36
11  Coventry  C  52.42  -1.5
12  Bradford  C  53.8  -1.75
13  Cardiff  C  51.48  -3.18
14  Nottingham  C  52.97  -1.18
15  Stoke-on-trent  C  53.01  -2.19
16  Wolverhampton  T  52.59  -2.15
17  Plymouth  C  50.38  -4.16
18  Belfast  C  54.6  -5.93
19  Derby  C  52.92  -1.5

DEMANDES
0 1 ( 0 9 1 ) ( 0 14 1 )
0 2 ( 0 9 2 ) ( 0 19 2 )
0 3 ( 0 19 3 ) ( 0 15 8 3 )
0 4 ( 0 9 4 ) ( 0 19 4 )
0 5 ( 0 9 5 ) ( 0 19 5 )
0 6 ( 0 5 6 ) ( 0 12 6 )
0 8 ( 0 11 8 ) ( 0 15 8 )
0 9 ( 0 11 9 ) ( 0 14 19 9 )
0 10 ( 0 19 10 ) ( 0 14 9 10 )
0 11 ( 0 2 11 ) ( 0 9 19 11 )
0 12 ( 0 14 12 ) ( 0 9 12 )
0 13 ( 0 2 13 ) ( 0 14 11 13 )
0 14 ( 0 9 14 ) ( 0 19 14 )
0 15 ( 0 11 15 ) ( 0 2 15 )
0 17 ( 0 19 17 ) ( 0 14 17 )
0 18 ( 0 2 18 ) ( 0 11 15 18 )
0 19 ( 0 11 19 ) ( 0 5 19 )
1 2 ( 1 8 2 ) ( 1 3 2 )
1 3 ( 1 15 3 ) ( 1 5 3 )
1 4 ( 1 18 4 ) ( 1 3 4 )
1 5 ( 1 6 5 ) ( 1 8 19 5 )
1 6 ( 1 12 6 ) ( 1 4 6 )
1 8 ( 1 3 8 ) ( 1 4 8 )
1 9 ( 1 8 9 ) ( 1 5 9 )
1 10 ( 1 6 10 ) ( 1 8 12 10 )
1 11 ( 1 8 11 ) ( 1 15 11 )
1 12 ( 1 6 12 ) ( 1 8 12 )
1 13 ( 1 3 13 ) ( 1 8 13 )
1 14 ( 1 12 14 ) ( 1 6 14 )
1 15 ( 1 6 15 ) ( 1 5 15 )
1 17 ( 1 8 15 17 ) ( 1 2 17 )
1 18 ( 1 6 18 ) ( 1 5 18 )
1 19 ( 1 8 19 ) ( 1 12 19 )
2 3 ( 2 15 3 ) ( 2 19 3 )
2 4 ( 2 15 4 ) ( 2 19 4 )
2 5 ( 2 11 5 ) ( 2 14 5 )
2 6 ( 2 15 6 ) ( 2 11 5 6 )
2 8 ( 2 19 8 ) ( 2 11 8 )
2 9 ( 2 15 9 ) ( 2 12 9 )
2 10 ( 2 19 10 ) ( 2 11 10 )
2 11 ( 2 19 11 ) ( 2 14 11 )
2 12 ( 2 5 12 ) ( 2 19 12 )
2 13 ( 2 19 13 ) ( 2 9 13 )
2 14 ( 2 9 14 ) ( 2 8 19 14 )
2 15 ( 2 8 15 ) ( 2 5 15 )
2 17 ( 2 11 17 ) ( 2 9 13 17 )
2 18 ( 2 3 18 ) ( 2 15 18 )
2 19 ( 2 11 19 ) ( 2 5 19 )
3 4 ( 3 8 4 ) ( 3 1 4 )
3 5 ( 3 12 5 ) ( 3 2 5 )
3 6 ( 3 8 6 ) ( 3 14 6 )
3 8 ( 3 15 8 ) ( 3 12 8 )
3 9 ( 3 15 9 ) ( 3 19 9 )
3 10 ( 3 8 10 ) ( 3 5 10 )
3 11 ( 3 19 14 11 ) ( 3 12 11 )
3 12 ( 3 8 5 12 ) ( 3 19 12 )
3 13 ( 3 8 13 ) ( 3 2 19 13 )
3 14 ( 3 19 14 ) ( 3 15 14 )
3 15 ( 3 2 15 ) ( 3 12 15 )
3 17 ( 3 13 17 ) ( 3 15 17 )
3 18 ( 3 8 18 ) ( 3 1 18 )
3 19 ( 3 15 19 ) ( 3 8 19 )
4 5 ( 4 6 5 ) ( 4 8 5 )
4 6 ( 4 12 6 ) ( 4 3 8 6 )
4 8 ( 4 3 8 ) ( 4 6 8 )
4 9 ( 4 5 9 ) ( 4 14 9 )
4 10 ( 4 6 10 ) ( 4 12 10 )
4 11 ( 4 8 11 ) ( 4 19 11 )
4 12 ( 4 6 12 ) ( 4 5 12 )
4 13 ( 4 3 13 ) ( 4 1 13 )
4 14 ( 4 8 12 14 ) ( 4 5 9 14 )
4 15 ( 4 3 15 ) ( 4 12 15 )
4 17 ( 4 3 17 ) ( 4 15 17 )
4 18 ( 4 1 18 ) ( 4 3 18 )
4 19 ( 4 8 19 ) ( 4 6 19 )
5 6 ( 5 19 6 ) ( 5 14 6 )
5 8 ( 5 6 8 ) ( 5 15 8 )
5 9 ( 5 19 9 ) ( 5 6 9 )
5 10 ( 5 14 10 ) ( 5 19 10 )
5 11 ( 5 2 11 ) ( 5 15 11 )
5 12 ( 5 14 12 ) ( 5 15 8 12 )
5 13 ( 5 2 13 ) ( 5 15 13 )
5 14 ( 5 19 9 14 ) ( 5 6 14 )
5 15 ( 5 19 15 ) ( 5 8 15 )
5 17 ( 5 2 17 ) ( 5 14 11 17 )
5 18 ( 5 8 18 ) ( 5 3 18 )
5 19 ( 5 12 19 ) ( 5 9 14 19 )
6 8 ( 6 5 8 ) ( 6 2 8 )
6 9 ( 6 14 9 ) ( 6 19 9 )
6 10 ( 6 5 14 10 ) ( 6 9 10 )
6 11 ( 6 19 11 ) ( 6 5 11 )
6 12 ( 6 14 12 ) ( 6 15 12 )
6 13 ( 6 15 13 ) ( 6 19 13 )
6 14 ( 6 12 5 14 ) ( 6 8 14 )
6 15 ( 6 8 15 ) ( 6 19 15 )
6 17 ( 6 2 17 ) ( 6 5 17 )
6 18 ( 6 12 18 ) ( 6 8 18 )
6 19 ( 6 5 19 ) ( 6 12 19 )
8 9 ( 8 19 9 ) ( 8 5 9 )
8 10 ( 8 5 10 ) ( 8 6 10 )
8 11 ( 8 15 11 ) ( 8 9 11 )
8 12 ( 8 6 12 ) ( 8 14 12 )
8 13 ( 8 2 13 ) ( 8 12 13 )
8 14 ( 8 19 14 ) ( 8 5 14 )
8 15 ( 8 3 15 ) ( 8 2 15 )
8 17 ( 8 19 17 ) ( 8 12 17 )
8 18 ( 8 6 18 ) ( 8 5 18 )
8 19 ( 8 2 19 ) ( 8 12 6 19 )
9 10 ( 9 19 5 10 ) ( 9 6 10 )
9 11 ( 9 19 11 ) ( 9 14 11 )
9 12 ( 9 5 12 ) ( 9 19 12 )
9 13 ( 9 2 13 ) ( 9 15 13 )
9 14 ( 9 19 14 ) ( 9 11 14 )
9 15 ( 9 11 15 ) ( 9 14 15 )
9 17 ( 9 19 17 ) ( 9 14 13 17 )
9 18 ( 9 15 18 ) ( 9 8 18 )
9 19 ( 9 11 19 ) ( 9 2 19 )
10 11 ( 10 5 14 11 ) ( 10 12 19 11 )
10 12 ( 10 6 12 ) ( 10 5 12 )
10 13 ( 10 14 13 ) ( 10 11 13 )
10 14 ( 10 9 14 ) ( 10 6 14 )
10 15 ( 10 19 15 ) ( 10 14 15 )
10 17 ( 10 2 17 ) ( 10 19 17 )
10 18 ( 10 6 18 ) ( 10 12 18 )
10 19 ( 10 6 19 ) ( 10 14 5 19 )
11 12 ( 11 19 12 ) ( 11 14 12 )
11 13 ( 11 2 13 ) ( 11 19 13 )
11 14 ( 11 9 14 ) ( 11 2 14 )
11 15 ( 11 2 15 ) ( 11 19 15 )
11 17 ( 11 13 17 ) ( 11 19 17 )
11 18 ( 11 3 18 ) ( 11 15 18 )
11 19 ( 11 2 19 ) ( 11 9 14 19 )
12 13 ( 12 8 13 ) ( 12 2 13 )
12 14 ( 12 6 14 ) ( 12 19 14 )
12 15 ( 12 5 15 ) ( 12 2 15 )
12 17 ( 12 6 17 ) ( 12 3 17 )
12 18 ( 12 6 18 ) ( 12 5 18 )
12 19 ( 12 5 19 ) ( 12 6 19 )
13 14 ( 13 2 14 ) ( 13 19 14 )
13 15 ( 13 8 15 ) ( 13 3 15 )
13 17 ( 13 3 17 ) ( 13 8 17 )
13 18 ( 13 3 18 ) ( 13 17 18 )
13 19 ( 13 11 19 ) ( 13 14 19 )
14 15 ( 14 5 15 ) ( 14 11 15 )
14 17 ( 14 2 17 ) ( 14 13 17 )
14 19 ( 14 9 19 ) ( 14 5 19 )
15 17 ( 15 8 17 ) ( 15 3 17 )
15 18 ( 15 12 18 ) ( 15 19 18 )
15 19 ( 15 2 19 ) ( 15 8 19 )
17 19 ( 17 11 19 ) ( 17 9 19 )

EOF