DIMENSIONS
25 sommetsG2
20 sommetsG1
70 dem

SOMMETS
0  London  C  51.52  -0.1
1  Glasgow  C  55.87  -4.27
2  Birmingham  C  52.48  -1.91
3  Liverpool  C  53.42  -2.99
4  Edinburgh  T  55.95  -3.22
5  Sheffield  C  53.39  -1.48
6  Leeds  C  53.81  -1.55
7  Bristol  C  51.46  -2.6
8  Manchester  C  53.48  -2.25
9  Leicester  T  52.64  -1.13
10  Kingston-upon-hull  C  53.75  -0.36
11  Coventry  C  52.42  -1.5
12  Bradford  C  53.8  -1.75
13  Cardiff  C  51.48  -3.18
14  Nottingham  C  52.97  -1.18
15  Stoke-on-trent  C  53.01  -2.19
16  Wolverhampton  C  52.59  -2.15
17  Plymouth  C  50.38  -4.16
18  Belfast  C  54.6  -5.93
19  Derby  T  52.92  -1.5
20  Reading  C  51.45  -0.98
21  Southampton  T  50.91  -1.41
22  Dudley  T  52.5  -2.08
23  Aberdeen  C  57.15  -2.1
24  Newcastle-upon-tyne  C  55  -1.6

DEMANDES
0 1 ( 0 14 1 ) ( 0 5 1 )
0 2 ( 0 11 2 ) ( 0 16 2 )
0 3 ( 0 11 3 ) ( 0 15 3 )
0 5 ( 0 2 5 ) ( 0 12 5 )
0 6 ( 0 14 6 ) ( 0 12 6 )
0 7 ( 0 2 7 ) ( 0 16 7 )
0 8 ( 0 14 8 ) ( 0 15 8 )
0 10 ( 0 6 10 ) ( 0 5 14 10 )
0 11 ( 0 20 11 ) ( 0 16 11 )
0 12 ( 0 14 5 12 ) ( 0 6 12 )
0 13 ( 0 7 13 ) ( 0 2 13 )
0 14 ( 0 11 14 ) ( 0 20 14 )
0 15 ( 0 11 15 ) ( 0 20 15 )
0 16 ( 0 2 16 ) ( 0 14 11 16 )
0 17 ( 0 11 17 ) ( 0 2 7 17 )
0 18 ( 0 2 18 ) ( 0 11 18 )
0 20 ( 0 2 20 ) ( 0 16 20 )
0 23 ( 0 24 23 ) ( 0 10 23 )
0 24 ( 0 6 24 ) ( 0 11 14 24 )
1 2 ( 1 15 2 ) ( 1 16 2 )
1 3 ( 1 15 3 ) ( 1 24 3 )
1 5 ( 1 12 5 ) ( 1 24 12 6 5 )
1 6 ( 1 12 6 ) ( 1 3 8 6 )
1 7 ( 1 3 7 ) ( 1 13 7 )
1 8 ( 1 3 8 ) ( 1 5 8 )
1 12 ( 1 6 12 ) ( 1 3 12 )
1 15 ( 1 12 15 ) ( 1 5 15 )
1 18 ( 1 8 18 ) ( 1 15 18 )
1 23 ( 1 12 23 ) ( 1 18 23 )
1 24 ( 1 12 24 ) ( 1 23 24 )
2 3 ( 2 15 3 ) ( 2 11 3 )
2 5 ( 2 6 5 ) ( 2 11 15 5 )
2 6 ( 2 5 6 ) ( 2 16 6 )
2 7 ( 2 14 7 ) ( 2 20 7 )
2 8 ( 2 16 8 ) ( 2 11 8 )
2 10 ( 2 14 10 ) ( 2 11 10 )
2 11 ( 2 16 11 ) ( 2 15 11 )
2 12 ( 2 5 12 ) ( 2 15 14 12 )
2 13 ( 2 16 13 ) ( 2 7 13 )
2 14 ( 2 5 14 ) ( 2 16 11 14 )
2 15 ( 2 16 15 ) ( 2 11 15 )
2 16 ( 2 5 16 ) ( 2 7 16 )
2 17 ( 2 13 17 ) ( 2 16 17 )
2 20 ( 2 8 20 ) ( 2 13 20 )
2 24 ( 2 12 24 ) ( 2 6 24 )
3 5 ( 3 8 5 ) ( 3 15 12 5 )
3 6 ( 3 12 6 ) ( 3 8 6 )
3 7 ( 3 16 7 ) ( 3 15 7 )
3 8 ( 3 16 15 8 ) ( 3 6 8 )
3 12 ( 3 16 12 ) ( 3 14 12 )
3 15 ( 3 8 15 ) ( 3 16 15 )
3 16 ( 3 15 16 ) ( 3 2 16 )
5 6 ( 5 14 12 6 ) ( 5 16 2 6 )
5 8 ( 5 12 8 ) ( 5 15 8 )
5 10 ( 5 12 10 ) ( 5 8 10 )
5 11 ( 5 2 11 ) ( 5 12 11 )
5 12 ( 5 8 12 ) ( 5 14 12 )
5 14 ( 5 6 14 ) ( 5 11 14 )
5 15 ( 5 8 15 ) ( 5 16 15 )
5 16 ( 5 15 16 ) ( 5 2 16 )
6 8 ( 6 12 8 ) ( 6 5 8 )
6 10 ( 6 5 10 ) ( 6 14 10 )
6 12 ( 6 8 12 ) ( 6 14 12 )
6 14 ( 6 5 14 ) ( 6 2 14 )
6 15 ( 6 12 15 ) ( 6 5 15 )
7 13 ( 7 16 13 ) ( 7 15 13 )
8 12 ( 8 6 12 ) ( 8 5 12 )
8 14 ( 8 15 14 ) ( 8 12 14 )
8 15 ( 8 5 15 ) ( 8 2 15 )
8 16 ( 8 15 16 ) ( 8 11 16 )

EOF