DIMENSIONS
30 sommetsG2
25 sommetsG1
80 dem

SOMMETS
0  London  C  51.52  -0.1
1  Glasgow  C  55.87  -4.27
2  Birmingham  C  52.48  -1.91
3  Liverpool  C  53.42  -2.99
4  Edinburgh  C  55.95  -3.22
5  Sheffield  T  53.39  -1.48
6  Leeds  C  53.81  -1.55
7  Bristol  C  51.46  -2.6
8  Manchester  C  53.48  -2.25
9  Leicester  C  52.64  -1.13
10  Kingston-upon-hull  C  53.75  -0.36
11  Coventry  T  52.42  -1.5
12  Bradford  C  53.8  -1.75
13  Cardiff  C  51.48  -3.18
14  Nottingham  C  52.97  -1.18
15  Stoke-on-trent  C  53.01  -2.19
16  Wolverhampton  C  52.59  -2.15
17  Plymouth  C  50.38  -4.16
18  Belfast  C  54.6  -5.93
19  Derby  C  52.92  -1.5
20  Reading  C  51.45  -0.98
21  Southampton  C  50.91  -1.41
22  Dudley  C  52.5  -2.08
23  Aberdeen  T  57.15  -2.1
24  Newcastle-upon-tyne  C  55  -1.6
25  Preston  T  53.76  -2.73
26  Luton  C  51.9  -0.44
27  Sunderland  T  54.91  -1.39
28  Portsmouth  C  50.81  -1.09
29  Walsall  C  52.6  -1.97

DEMANDES
0 1 ( 0 26 1 ) ( 0 9 19 1 )
0 2 ( 0 16 2 ) ( 0 14 2 )
0 3 ( 0 15 3 ) ( 0 16 3 )
0 4 ( 0 9 4 ) ( 0 14 6 4 )
0 6 ( 0 9 6 ) ( 0 19 6 )
0 7 ( 0 20 7 ) ( 0 26 7 )
0 8 ( 0 26 8 ) ( 0 9 8 )
0 9 ( 0 26 9 ) ( 0 14 9 )
0 10 ( 0 26 10 ) ( 0 14 10 )
0 12 ( 0 14 12 ) ( 0 26 12 )
0 13 ( 0 7 13 ) ( 0 26 13 )
0 14 ( 0 9 14 ) ( 0 26 20 14 )
0 15 ( 0 29 15 ) ( 0 9 15 )
0 16 ( 0 2 16 ) ( 0 29 16 )
0 17 ( 0 7 17 ) ( 0 2 17 )
0 18 ( 0 2 18 ) ( 0 16 18 )
0 19 ( 0 14 19 ) ( 0 29 2 19 )
0 20 ( 0 28 21 20 ) ( 0 14 20 )
0 21 ( 0 20 28 21 ) ( 0 26 21 )
0 22 ( 0 26 2 22 ) ( 0 29 22 )
0 24 ( 0 6 24 ) ( 0 10 24 )
0 26 ( 0 28 26 ) ( 0 21 28 20 26 )
0 28 ( 0 21 28 ) ( 0 20 26 28 )
0 29 ( 0 9 29 ) ( 0 2 22 29 )
1 2 ( 1 15 2 ) ( 1 8 2 )
1 3 ( 1 4 3 ) ( 1 8 3 )
1 4 ( 1 24 4 ) ( 1 18 4 )
1 6 ( 1 4 6 ) ( 1 24 6 )
1 7 ( 1 15 7 ) ( 1 3 16 7 )
1 8 ( 1 15 8 ) ( 1 24 8 )
1 9 ( 1 8 9 ) ( 1 14 9 )
1 10 ( 1 8 10 ) ( 1 15 10 )
1 12 ( 1 14 12 ) ( 1 16 8 12 )
1 15 ( 1 3 15 ) ( 1 12 8 15 )
1 16 ( 1 3 16 ) ( 1 22 16 )
1 18 ( 1 24 18 ) ( 1 12 18 )
1 24 ( 1 4 12 24 ) ( 1 3 24 )
2 3 ( 2 29 3 ) ( 2 22 3 )
2 4 ( 2 15 4 ) ( 2 16 4 )
2 6 ( 2 29 6 ) ( 2 19 6 )
2 7 ( 2 29 7 ) ( 2 19 7 )
2 8 ( 2 29 8 ) ( 2 16 8 )
2 9 ( 2 19 9 ) ( 2 8 9 )
2 10 ( 2 29 10 ) ( 2 22 10 )
2 12 ( 2 29 12 ) ( 2 22 12 )
2 13 ( 2 22 13 ) ( 2 16 13 )
2 14 ( 2 9 14 ) ( 2 22 14 )
2 15 ( 2 22 15 ) ( 2 9 15 )
2 16 ( 2 22 16 ) ( 2 15 16 )
2 17 ( 2 13 17 ) ( 2 29 17 )
2 19 ( 2 29 19 ) ( 2 16 19 )
2 20 ( 2 29 20 ) ( 2 16 20 )
2 21 ( 2 22 21 ) ( 2 7 21 )
2 22 ( 2 15 16 22 ) ( 2 9 22 )
2 24 ( 2 12 24 ) ( 2 15 24 )
2 26 ( 2 29 26 ) ( 2 22 26 )
2 28 ( 2 21 28 ) ( 2 29 28 )
2 29 ( 2 22 29 ) ( 2 15 29 )
3 6 ( 3 8 6 ) ( 3 19 6 )
3 7 ( 3 22 7 ) ( 3 15 7 )
3 8 ( 3 12 8 ) ( 3 15 16 8 )
3 12 ( 3 15 12 ) ( 3 19 12 )
3 15 ( 3 8 15 ) ( 3 16 15 )
3 16 ( 3 8 15 16 ) ( 3 2 16 )
6 8 ( 6 15 8 ) ( 6 14 8 )
6 9 ( 6 12 9 ) ( 6 19 14 9 )
6 10 ( 6 14 10 ) ( 6 19 10 )
6 12 ( 6 14 12 ) ( 6 15 12 )
6 14 ( 6 9 14 ) ( 6 8 14 )
6 15 ( 6 29 16 15 ) ( 6 14 15 )
6 19 ( 6 12 19 ) ( 6 29 19 )
7 13 ( 7 16 13 ) ( 7 2 13 )
7 16 ( 7 22 16 ) ( 7 29 16 )
8 9 ( 8 19 9 ) ( 8 14 9 )
8 12 ( 8 6 12 ) ( 8 3 12 )
8 14 ( 8 19 14 ) ( 8 12 14 )
8 15 ( 8 29 15 ) ( 8 22 15 )
8 16 ( 8 15 16 ) ( 8 22 16 )
8 19 ( 8 15 19 ) ( 8 29 19 )
9 14 ( 9 2 14 ) ( 9 22 14 )

EOF