DIMENSIONS
45 sommetsG2
40 sommetsG1
150 dem

SOMMETS
0  London  C  51.52  -0.1
1  Glasgow  C  55.87  -4.27
2  Birmingham  C  52.48  -1.91
3  Liverpool  C  53.42  -2.99
4  Edinburgh  C  55.95  -3.22
5  Sheffield  C  53.39  -1.48
6  Leeds  C  53.81  -1.55
7  Bristol  C  51.46  -2.6
8  Manchester  T  53.48  -2.25
9  Leicester  C  52.64  -1.13
10  Kingston-upon-hull  C  53.75  -0.36
11  Coventry  C  52.42  -1.5
12  Bradford  C  53.8  -1.75
13  Cardiff  C  51.48  -3.18
14  Nottingham  C  52.97  -1.18
15  Stoke-on-trent  C  53.01  -2.19
16  Wolverhampton  C  52.59  -2.15
17  Plymouth  T  50.38  -4.16
18  Belfast  C  54.6  -5.93
19  Derby  C  52.92  -1.5
20  Reading  C  51.45  -0.98
21  Southampton  C  50.91  -1.41
22  Dudley  C  52.5  -2.08
23  Aberdeen  C  57.15  -2.1
24  Newcastle-upon-tyne  C  55  -1.6
25  Preston  C  53.76  -2.73
26  Luton  C  51.9  -0.44
27  Sunderland  C  54.91  -1.39
28  Portsmouth  C  50.81  -1.09
29  Walsall  C  52.6  -1.97
30  Norwich  C  52.65  1.28
31  Swansea  C  51.63  -3.96
32  Bournemouth  C  50.73  -1.88
33  Southend-on-sea  C  51.55  0.71
34  Swindon  C  51.57  -1.78
35  Dundee  T  56.47  -3
36  Blackpool  C  53.82  -3.06
37  Poole  T  50.72  -1.98
38  Peterborough  C  52.59  -0.25
39  West-bromwich  C  52.53  -1.97
40  Middlesbrough  C  54.58  -1.23
41  Oldbury-smethwick  T  52.51  -2.03
42  Huddersfield  C  53.66  -1.8
43  Bolton  C  53.58  -2.43
44  Stockport  C  53.42  -2.17

DEMANDES
0 1 ( 0 19 1 ) ( 0 42 1 )
0 2 ( 0 9 29 2 ) ( 0 20 34 2 )
0 3 ( 0 26 3 ) ( 0 2 3 )
0 4 ( 0 5 4 ) ( 0 42 4 )
0 5 ( 0 14 5 ) ( 0 26 5 )
0 6 ( 0 5 6 ) ( 0 38 6 )
0 7 ( 0 21 7 ) ( 0 26 20 7 )
0 9 ( 0 38 9 ) ( 0 20 9 )
0 10 ( 0 20 10 ) ( 0 33 38 10 )
0 11 ( 0 26 11 ) ( 0 38 11 )
0 12 ( 0 5 12 ) ( 0 26 12 )
0 13 ( 0 34 13 ) ( 0 26 13 )
0 14 ( 0 9 14 ) ( 0 20 14 )
0 15 ( 0 11 15 ) ( 0 9 15 )
0 16 ( 0 39 16 ) ( 0 2 22 16 )
0 18 ( 0 16 18 ) ( 0 29 18 )
0 19 ( 0 9 19 ) ( 0 26 14 19 )
0 20 ( 0 26 20 ) ( 0 21 20 )
0 21 ( 0 28 21 ) ( 0 20 21 )
0 22 ( 0 39 22 ) ( 0 26 22 )
0 23 ( 0 24 23 ) ( 0 10 23 )
0 24 ( 0 26 24 ) ( 0 38 24 )
0 25 ( 0 26 25 ) ( 0 19 25 )
0 26 ( 0 20 26 ) ( 0 33 26 )
0 27 ( 0 38 27 ) ( 0 10 27 )
0 28 ( 0 26 28 ) ( 0 34 28 )
0 29 ( 0 11 29 ) ( 0 39 2 29 )
0 30 ( 0 33 30 ) ( 0 26 30 )
0 31 ( 0 26 31 ) ( 0 21 13 31 )
0 32 ( 0 28 21 32 ) ( 0 26 32 )
0 33 ( 0 26 33 ) ( 0 20 33 )
0 34 ( 0 26 34 ) ( 0 21 34 )
0 36 ( 0 26 36 ) ( 0 43 36 )
0 38 ( 0 26 38 ) ( 0 9 38 )
0 39 ( 0 20 39 ) ( 0 29 22 39 )
0 40 ( 0 38 40 ) ( 0 26 40 )
0 42 ( 0 9 5 42 ) ( 0 19 42 )
0 43 ( 0 44 43 ) ( 0 19 43 )
0 44 ( 0 26 44 ) ( 0 19 44 )
1 2 ( 1 25 2 ) ( 1 15 2 )
1 3 ( 1 25 3 ) ( 1 43 3 )
1 4 ( 1 23 4 ) ( 1 36 4 )
1 5 ( 1 42 5 ) ( 1 12 5 )
1 6 ( 1 12 6 ) ( 1 4 6 )
1 7 ( 1 36 7 ) ( 1 25 7 )
1 9 ( 1 19 9 ) ( 1 42 9 )
1 10 ( 1 24 10 ) ( 1 27 10 )
1 11 ( 1 43 11 ) ( 1 44 11 )
1 12 ( 1 25 12 ) ( 1 6 12 )
1 13 ( 1 25 13 ) ( 1 31 13 )
1 14 ( 1 42 14 ) ( 1 12 14 )
1 15 ( 1 25 15 ) ( 1 43 15 )
1 16 ( 1 25 16 ) ( 1 15 16 )
1 18 ( 1 36 18 ) ( 1 43 18 )
1 19 ( 1 42 19 ) ( 1 12 19 )
1 23 ( 1 4 23 ) ( 1 24 23 )
1 24 ( 1 4 24 ) ( 1 40 24 )
1 25 ( 1 36 25 ) ( 1 44 25 )
1 27 ( 1 24 40 27 ) ( 1 25 27 )
1 36 ( 1 25 36 ) ( 1 3 36 )
2 3 ( 2 39 3 ) ( 2 16 3 )
2 4 ( 2 43 4 ) ( 2 25 4 )
2 5 ( 2 39 29 5 ) ( 2 11 5 )
2 6 ( 2 29 5 6 ) ( 2 19 6 )
2 7 ( 2 29 7 ) ( 2 16 7 )
2 9 ( 2 29 9 ) ( 2 19 9 )
2 10 ( 2 14 10 ) ( 2 39 10 )
2 11 ( 2 39 11 ) ( 2 29 11 )
2 12 ( 2 42 12 ) ( 2 29 12 )
2 13 ( 2 29 13 ) ( 2 16 39 22 13 )
2 14 ( 2 19 14 ) ( 2 11 14 )
2 15 ( 2 29 15 ) ( 2 16 15 )
2 16 ( 2 39 16 ) ( 2 22 16 )
2 19 ( 2 39 19 ) ( 2 29 19 )
2 20 ( 2 11 20 ) ( 2 22 20 )
2 21 ( 2 29 21 ) ( 2 11 21 )
2 22 ( 2 39 22 ) ( 2 16 22 )
2 24 ( 2 12 24 ) ( 2 42 24 )
2 25 ( 2 29 15 25 ) ( 2 39 25 )
2 26 ( 2 39 11 26 ) ( 2 29 26 )
2 27 ( 2 12 27 ) ( 2 42 27 )
2 28 ( 2 34 28 ) ( 2 21 28 )
2 29 ( 2 9 29 ) ( 2 22 14 29 )
2 30 ( 2 39 9 30 ) ( 2 19 30 )
2 31 ( 2 22 31 ) ( 2 13 31 )
2 32 ( 2 39 32 ) ( 2 22 32 )
2 33 ( 2 11 33 ) ( 2 0 33 )
2 34 ( 2 39 34 ) ( 2 22 34 )
2 36 ( 2 29 36 ) ( 2 22 36 )
2 38 ( 2 11 38 ) ( 2 9 38 )
2 39 ( 2 22 39 ) ( 2 16 39 )
2 40 ( 2 6 40 ) ( 2 29 40 )
2 42 ( 2 39 42 ) ( 2 15 42 )
2 43 ( 2 29 43 ) ( 2 15 43 )
2 44 ( 2 29 44 ) ( 2 39 44 )
3 4 ( 3 36 4 ) ( 3 25 4 )
3 5 ( 3 44 5 ) ( 3 42 5 )
3 6 ( 3 43 6 ) ( 3 12 6 )
3 7 ( 3 22 7 ) ( 3 15 16 7 )
3 9 ( 3 15 9 ) ( 3 14 9 )
3 11 ( 3 29 11 ) ( 3 39 11 )
3 12 ( 3 42 12 ) ( 3 44 12 )
3 15 ( 3 43 15 ) ( 3 44 15 )
3 16 ( 3 15 16 ) ( 3 29 16 )
3 19 ( 3 15 19 ) ( 3 44 19 )
3 22 ( 3 16 22 ) ( 3 2 22 )
3 25 ( 3 43 25 ) ( 3 44 25 )
3 36 ( 3 25 36 ) ( 3 42 36 )
3 43 ( 3 25 43 ) ( 3 44 43 )
3 44 ( 3 43 44 ) ( 3 25 44 )
5 6 ( 5 12 6 ) ( 5 42 6 )
5 7 ( 5 2 7 ) ( 5 16 7 )
5 9 ( 5 19 9 ) ( 5 29 9 )
5 10 ( 5 6 10 ) ( 5 42 10 )
5 11 ( 5 29 11 ) ( 5 39 11 )
5 12 ( 5 42 12 ) ( 5 6 12 )
5 14 ( 5 6 14 ) ( 5 42 14 )
5 15 ( 5 42 15 ) ( 5 12 15 )
5 16 ( 5 29 16 ) ( 5 39 16 )
5 19 ( 5 12 19 ) ( 5 15 19 )
5 22 ( 5 39 22 ) ( 5 16 22 )
5 29 ( 5 19 29 ) ( 5 14 29 )
6 9 ( 6 42 12 9 ) ( 6 44 9 )
6 10 ( 6 5 10 ) ( 6 40 10 )
6 11 ( 6 19 11 ) ( 6 14 11 )
6 12 ( 6 44 12 ) ( 6 40 12 )
6 14 ( 6 5 14 ) ( 6 12 14 )
6 15 ( 6 44 15 ) ( 6 5 15 )
6 16 ( 6 12 16 ) ( 6 44 16 )
6 19 ( 6 14 19 ) ( 6 42 12 19 )
6 24 ( 6 27 24 ) ( 6 5 24 )
6 25 ( 6 42 25 ) ( 6 43 25 )
6 27 ( 6 12 27 ) ( 6 24 27 )
7 11 ( 7 39 2 11 ) ( 7 22 11 )
7 13 ( 7 31 13 ) ( 7 34 13 )
7 16 ( 7 22 16 ) ( 7 2 16 )
7 22 ( 7 16 22 ) ( 7 39 22 )
7 32 ( 7 22 32 ) ( 7 16 32 )
7 34 ( 7 32 34 ) ( 7 13 34 )
9 11 ( 9 14 11 ) ( 9 39 11 )
9 14 ( 9 2 14 ) ( 9 39 14 )
9 15 ( 9 19 15 ) ( 9 11 15 )
9 16 ( 9 29 16 ) ( 9 39 16 )
9 19 ( 9 11 14 19 ) ( 9 29 19 )
10 14 ( 10 5 14 ) ( 10 9 19 14 )
11 14 ( 11 9 19 14 ) ( 11 15 14 )
11 15 ( 11 29 15 ) ( 11 2 15 )
11 16 ( 11 22 16 ) ( 11 15 16 )
12 14 ( 12 42 14 ) ( 12 6 14 )
12 15 ( 12 44 15 ) ( 12 6 15 )

EOF