DIMENSIONS
75 sommetsG2
70 sommetsG1
140 dem

SOMMETS
0  London  C  51.52  -0.1
1  Glasgow  C  55.87  -4.27
2  Birmingham  C  52.48  -1.91
3  Liverpool  C  53.42  -2.99
4  Edinburgh  C  55.95  -3.22
5  Sheffield  C  53.39  -1.48
6  Leeds  C  53.81  -1.55
7  Bristol  C  51.46  -2.6
8  Manchester  C  53.48  -2.25
9  Leicester  C  52.64  -1.13
10  Kingston-upon-hull  C  53.75  -0.36
11  Coventry  C  52.42  -1.5
12  Bradford  C  53.8  -1.75
13  Cardiff  C  51.48  -3.18
14  Nottingham  C  52.97  -1.18
15  Stoke-on-trent  C  53.01  -2.19
16  Wolverhampton  C  52.59  -2.15
17  Plymouth  C  50.38  -4.16
18  Belfast  C  54.6  -5.93
19  Derby  C  52.92  -1.5
20  Reading  C  51.45  -0.98
21  Southampton  C  50.91  -1.41
22  Dudley  C  52.5  -2.08
23  Aberdeen  C  57.15  -2.1
24  Newcastle-upon-tyne  C  55  -1.6
25  Preston  C  53.76  -2.73
26  Luton  C  51.9  -0.44
27  Sunderland  C  54.91  -1.39
28  Portsmouth  C  50.81  -1.09
29  Walsall  T  52.6  -1.97
30  Norwich  C  52.65  1.28
31  Swansea  C  51.63  -3.96
32  Bournemouth  C  50.73  -1.88
33  Southend-on-sea  C  51.55  0.71
34  Swindon  C  51.57  -1.78
35  Dundee  C  56.47  -3
36  Blackpool  C  53.82  -3.06
37  Poole  C  50.72  -1.98
38  Peterborough  C  52.59  -0.25
39  West-bromwich  C  52.53  -1.97
40  Middlesbrough  C  54.58  -1.23
41  Oldbury-smethwick  C  52.51  -2.03
42  Huddersfield  C  53.66  -1.8
43  Bolton  C  53.58  -2.43
44  Stockport  C  53.42  -2.17
45  Ipswich  C  52.07  1.14
46  Motherwell  C  55.79  -4
47  York  C  53.96  -1.11
48  Oxford  C  51.76  -1.26
49  Rotherham  C  53.44  -1.35
50  Brighton  C  50.83  -0.15
51  Gloucester  C  51.86  -2.24
52  Watford  C  51.66  -0.4
53  Newport  C  51.59  -3
54  Slough  C  51.52  -0.61
55  Basildon  C  51.57  0.46
56  Sutton-coldfield  C  52.56  -1.84
57  Blackburn  C  53.75  -2.49
58  Saint-helens  T  53.46  -2.75
59  Oldham  T  53.55  -2.12
60  Woking-byfleet  C  51.32  -0.57
61  Northampton  C  52.24  -0.9
62  Chelmsford  C  51.73  0.47
63  Colchester  T  51.88  0.9
64  Cambridge  C  52.21  0.13
65  Eastbourne  C  50.78  0.27
66  Worthing  C  50.82  -0.38
67  Exeter  C  50.73  -3.54
68  Gillingham  T  51.39  0.55
69  Solihull  C  52.42  -1.78
70  Halifax  C  53.73  -1.88
71  Cheltenham  C  51.9  -2.09
72  Maidstone  C  51.28  0.51
73  Rochdale  C  53.62  -2.16
74  Crawley  C  51.13  -0.2

DEMANDES
0 1 ( 0 26 1 ) ( 0 9 1 )
0 2 ( 0 69 2 ) ( 0 52 2 )
0 3 ( 0 56 3 ) ( 0 15 3 )
0 4 ( 0 12 4 ) ( 0 14 4 )
0 5 ( 0 26 14 5 ) ( 0 9 5 )
0 6 ( 0 26 6 ) ( 0 14 6 )
0 7 ( 0 54 7 ) ( 0 20 7 )
0 8 ( 0 44 8 ) ( 0 26 19 8 )
0 9 ( 0 54 9 ) ( 0 26 52 9 )
0 10 ( 0 38 10 ) ( 0 64 10 )
0 11 ( 0 52 11 ) ( 0 26 11 )
0 12 ( 0 14 5 12 ) ( 0 26 12 )
0 13 ( 0 54 13 ) ( 0 53 13 )
0 14 ( 0 26 14 ) ( 0 64 14 )
0 15 ( 0 11 15 ) ( 0 52 15 )
0 16 ( 0 2 16 ) ( 0 69 16 )
0 17 ( 0 60 17 ) ( 0 54 17 )
0 18 ( 0 41 18 ) ( 0 69 2 18 )
0 19 ( 0 26 19 ) ( 0 11 19 )
0 20 ( 0 54 20 ) ( 0 52 20 )
0 21 ( 0 28 21 ) ( 0 20 21 )
0 22 ( 0 52 22 ) ( 0 69 22 )
0 23 ( 0 27 23 ) ( 0 24 23 )
0 24 ( 0 47 24 ) ( 0 40 24 )
0 25 ( 0 61 43 25 ) ( 0 26 25 )
0 26 ( 0 52 26 ) ( 0 60 26 )
0 27 ( 0 52 47 27 ) ( 0 14 27 )
0 28 ( 0 54 28 ) ( 0 66 28 )
0 30 ( 0 62 30 ) ( 0 45 30 )
0 31 ( 0 53 31 ) ( 0 54 31 )
0 32 ( 0 52 32 ) ( 0 37 32 )
0 33 ( 0 55 33 ) ( 0 72 33 )
0 34 ( 0 54 34 ) ( 0 20 34 )
0 35 ( 0 49 35 ) ( 0 14 35 )
0 36 ( 0 15 36 ) ( 0 52 36 )
0 37 ( 0 60 37 ) ( 0 21 37 )
0 38 ( 0 26 38 ) ( 0 64 38 )
0 39 ( 0 11 39 ) ( 0 52 56 39 )
0 40 ( 0 26 40 ) ( 0 14 40 )
0 41 ( 0 69 41 ) ( 0 52 69 2 41 )
0 42 ( 0 26 9 42 ) ( 0 5 42 )
0 43 ( 0 44 43 ) ( 0 9 43 )
0 44 ( 0 19 44 ) ( 0 9 44 )
0 45 ( 0 72 55 45 ) ( 0 52 45 )
0 46 ( 0 9 46 ) ( 0 26 46 )
0 47 ( 0 38 47 ) ( 0 26 14 47 )
0 48 ( 0 52 48 ) ( 0 54 48 )
0 49 ( 0 52 49 ) ( 0 5 49 )
0 50 ( 0 66 50 ) ( 0 60 74 50 )
0 51 ( 0 71 51 ) ( 0 52 51 )
0 52 ( 0 60 52 ) ( 0 74 52 )
0 53 ( 0 54 34 53 ) ( 0 7 53 )
0 54 ( 0 52 54 ) ( 0 26 54 )
0 55 ( 0 52 55 ) ( 0 33 62 55 )
0 56 ( 0 11 56 ) ( 0 61 56 )
0 57 ( 0 61 57 ) ( 0 26 57 )
0 60 ( 0 52 60 ) ( 0 54 60 )
0 61 ( 0 54 26 61 ) ( 0 48 61 )
0 62 ( 0 72 62 ) ( 0 52 62 )
0 64 ( 0 26 64 ) ( 0 62 64 )
0 65 ( 0 74 65 ) ( 0 50 65 )
0 66 ( 0 50 66 ) ( 0 52 66 )
0 67 ( 0 54 67 ) ( 0 37 67 )
0 69 ( 0 11 69 ) ( 0 26 69 )
0 70 ( 0 5 70 ) ( 0 19 70 )
0 71 ( 0 48 71 ) ( 0 54 71 )
0 72 ( 0 55 72 ) ( 0 62 33 72 )
0 73 ( 0 26 9 73 ) ( 0 61 73 )
0 74 ( 0 52 74 ) ( 0 60 74 )
1 2 ( 1 41 2 ) ( 1 57 43 2 )
1 3 ( 1 46 3 ) ( 1 36 57 3 )
1 4 ( 1 46 4 ) ( 1 35 4 )
1 5 ( 1 42 5 ) ( 1 46 70 5 )
1 6 ( 1 46 6 ) ( 1 70 6 )
1 8 ( 1 57 8 ) ( 1 43 8 )
1 12 ( 1 70 12 ) ( 1 73 12 )
1 18 ( 1 4 35 18 ) ( 1 3 18 )
1 35 ( 1 46 35 ) ( 1 4 35 )
1 46 ( 1 35 4 46 ) ( 1 18 46 )
2 3 ( 2 41 3 ) ( 2 39 15 3 )
2 4 ( 2 8 4 ) ( 2 44 4 )
2 5 ( 2 56 5 ) ( 2 39 5 )
2 6 ( 2 42 6 ) ( 2 41 6 )
2 7 ( 2 51 7 ) ( 2 71 7 )
2 8 ( 2 39 8 ) ( 2 15 8 )
2 9 ( 2 56 9 ) ( 2 11 9 )
2 10 ( 2 69 11 10 ) ( 2 41 10 )
2 11 ( 2 69 11 ) ( 2 56 11 )
2 12 ( 2 39 12 ) ( 2 70 12 )
2 13 ( 2 53 13 ) ( 2 41 13 )
2 14 ( 2 56 19 14 ) ( 2 11 14 )
2 15 ( 2 41 15 ) ( 2 56 15 )
2 16 ( 2 39 16 ) ( 2 51 41 16 )
2 19 ( 2 39 19 ) ( 2 41 39 56 19 )
2 20 ( 2 69 20 ) ( 2 39 20 )
2 21 ( 2 34 21 ) ( 2 71 21 )
2 22 ( 2 41 22 ) ( 2 56 22 )
2 25 ( 2 15 25 ) ( 2 41 25 )
2 26 ( 2 69 26 ) ( 2 11 26 )
2 28 ( 2 39 28 ) ( 2 69 34 28 )
2 32 ( 2 71 32 ) ( 2 69 32 )
2 34 ( 2 69 34 ) ( 2 71 34 )
2 36 ( 2 41 36 ) ( 2 22 36 )
2 37 ( 2 51 37 ) ( 2 39 37 )
2 38 ( 2 11 38 ) ( 2 56 38 )
2 39 ( 2 56 39 ) ( 2 22 39 )
2 41 ( 2 22 41 ) ( 2 56 41 )
2 42 ( 2 56 42 ) ( 2 39 42 )
2 43 ( 2 41 15 43 ) ( 2 44 8 43 )
2 44 ( 2 41 44 ) ( 2 22 44 )
2 48 ( 2 56 48 ) ( 2 11 48 )
2 49 ( 2 39 56 49 ) ( 2 22 49 )
2 51 ( 2 71 51 ) ( 2 69 51 )
2 53 ( 2 41 53 ) ( 2 22 53 )
2 56 ( 2 41 56 ) ( 2 16 56 )
2 57 ( 2 15 57 ) ( 2 39 57 )
2 61 ( 2 11 61 ) ( 2 56 41 61 )
2 69 ( 2 41 69 ) ( 2 22 69 )
2 70 ( 2 41 70 ) ( 2 15 70 )
2 71 ( 2 69 71 ) ( 2 56 71 )
2 73 ( 2 22 73 ) ( 2 69 73 )
3 5 ( 3 43 5 ) ( 3 73 5 )
3 6 ( 3 73 6 ) ( 3 12 6 )
3 8 ( 3 44 8 ) ( 3 36 8 )
3 15 ( 3 43 15 ) ( 3 8 15 )
5 6 ( 5 49 6 ) ( 5 12 6 )
5 8 ( 5 44 8 ) ( 5 70 8 )
5 9 ( 5 14 9 ) ( 5 19 9 )
5 10 ( 5 6 10 ) ( 5 14 10 )
5 11 ( 5 14 11 ) ( 5 9 11 )
5 12 ( 5 49 12 ) ( 5 44 12 )
5 14 ( 5 19 14 ) ( 5 42 14 )
5 15 ( 5 42 15 ) ( 5 8 15 )
6 8 ( 6 70 8 ) ( 6 44 8 )
6 10 ( 6 5 10 ) ( 6 70 42 10 )
6 12 ( 6 70 42 12 ) ( 6 47 12 )
6 14 ( 6 49 14 ) ( 6 12 14 )
6 15 ( 6 42 15 ) ( 6 70 15 )
7 13 ( 7 53 13 ) ( 7 34 13 )
8 12 ( 8 70 12 ) ( 8 44 12 )

EOF