DIMENSIONS
16 sommetsG2
14 sommetsG1
65 dem

SOMMETS
0  New-york  C  40.67  -73.94
1  Los-angeles  C  34.11  -118.41
2  Chicago  C  41.84  -87.68
3  Houston  C  29.77  -95.39
4  Philadelphia  C  40.01  -75.13
5  Phoenix  C  33.54  -112.07
6  San-diego  T  32.81  -117.14
7  San-antonio  C  29.46  -98.51
8  Dallas  C  32.79  -96.77
9  Detroit  C  42.38  -83.1
10  San-jose  C  37.3  -121.85
11  Jacksonville  C  30.33  -81.66
12  Indianapolis  C  39.78  -86.15
13  San-francisco  T  37.77  -122.45
14  Columbus  C  39.99  -82.99
15  Austin  C  30.31  -97.75

DEMANDES
0 1 ( 0 14 1 ) ( 0 5 1 )
0 2 ( 0 9 2 ) ( 0 12 2 )
0 3 ( 0 4 3 ) ( 0 12 3 )
0 4 ( 0 14 4 ) ( 0 9 4 )
0 5 ( 0 9 5 ) ( 0 15 5 )
0 7 ( 0 4 7 ) ( 0 14 7 )
0 8 ( 0 4 8 ) ( 0 14 8 )
0 9 ( 0 4 9 ) ( 0 12 9 )
0 10 ( 0 12 10 ) ( 0 14 10 )
0 11 ( 0 9 11 ) ( 0 12 11 )
0 12 ( 0 14 12 ) ( 0 4 12 )
0 14 ( 0 4 14 ) ( 0 9 14 )
0 15 ( 0 14 15 ) ( 0 8 15 )
1 2 ( 1 5 2 ) ( 1 8 2 )
1 3 ( 1 15 3 ) ( 1 7 3 )
1 4 ( 1 14 4 ) ( 1 8 4 )
1 5 ( 1 7 5 ) ( 1 15 5 )
1 7 ( 1 5 7 ) ( 1 3 7 )
1 8 ( 1 5 15 8 ) ( 1 3 8 )
1 9 ( 1 2 9 ) ( 1 5 9 )
1 10 ( 1 5 7 10 ) ( 1 15 10 )
1 11 ( 1 5 11 ) ( 1 3 11 )
1 12 ( 1 5 12 ) ( 1 8 12 )
1 14 ( 1 12 14 ) ( 1 8 14 )
1 15 ( 1 8 15 ) ( 1 10 15 )
2 3 ( 2 8 3 ) ( 2 7 15 3 )
2 4 ( 2 14 4 ) ( 2 0 4 )
2 5 ( 2 12 5 ) ( 2 7 5 )
2 7 ( 2 15 7 ) ( 2 8 7 )
2 8 ( 2 12 8 ) ( 2 3 8 )
2 9 ( 2 12 9 ) ( 2 4 9 )
2 10 ( 2 5 10 ) ( 2 1 10 )
2 11 ( 2 12 11 ) ( 2 14 11 )
2 12 ( 2 9 12 ) ( 2 14 4 12 )
2 14 ( 2 12 14 ) ( 2 4 14 )
2 15 ( 2 8 15 ) ( 2 3 15 )
3 4 ( 3 12 14 4 ) ( 3 8 4 )
3 5 ( 3 8 5 ) ( 3 1 5 )
3 7 ( 3 15 7 ) ( 3 11 7 )
3 8 ( 3 15 8 ) ( 3 7 8 )
3 9 ( 3 12 9 ) ( 3 14 9 )
3 10 ( 3 1 10 ) ( 3 8 10 )
3 11 ( 3 2 11 ) ( 3 4 11 )
3 12 ( 3 8 2 12 ) ( 3 14 12 )
3 14 ( 3 12 14 ) ( 3 7 14 )
3 15 ( 3 12 15 ) ( 3 14 15 )
4 7 ( 4 3 7 ) ( 4 12 7 )
4 8 ( 4 14 8 ) ( 4 12 8 )
4 9 ( 4 14 9 ) ( 4 2 9 )
4 11 ( 4 0 11 ) ( 4 14 11 )
4 12 ( 4 9 12 ) ( 4 11 2 12 )
4 14 ( 4 12 9 14 ) ( 4 8 14 )
5 7 ( 5 8 7 ) ( 5 3 7 )
5 8 ( 5 7 8 ) ( 5 10 8 )
5 10 ( 5 8 10 ) ( 5 12 10 )
5 15 ( 5 7 15 ) ( 5 11 15 )
7 8 ( 7 15 8 ) ( 7 3 8 )
7 15 ( 7 5 15 ) ( 7 12 8 15 )
8 9 ( 8 2 9 ) ( 8 14 9 )
8 11 ( 8 7 11 ) ( 8 14 11 )
8 12 ( 8 15 12 ) ( 8 7 12 )
8 15 ( 8 7 15 ) ( 8 3 15 )
9 12 ( 9 14 2 12 ) ( 9 8 11 12 )
9 14 ( 9 0 14 ) ( 9 11 14 )
12 14 ( 12 2 14 ) ( 12 9 0 14 )

EOF