DIMENSIONS
14 sommetsG2
12 sommetsG1
30 dem

SOMMETS
0  New-york  C  40.67  -73.94
1  Los-angeles  C  34.11  -118.41
2  Chicago  C  41.84  -87.68
3  Houston  C  29.77  -95.39
4  Philadelphia  C  40.01  -75.13
5  Phoenix  T  33.54  -112.07
6  San-diego  C  32.81  -117.14
7  San-antonio  C  29.46  -98.51
8  Dallas  C  32.79  -96.77
9  Detroit  C  42.38  -83.1
10  San-jose  C  37.3  -121.85
11  Jacksonville  T  30.33  -81.66
12  Indianapolis  C  39.78  -86.15
13  San-francisco  C  37.77  -122.45

DEMANDES
0 1 ( 0 2 1 ) ( 0 9 1 )
0 2 ( 0 9 2 ) ( 0 4 2 )
0 3 ( 0 9 3 ) ( 0 2 3 )
0 4 ( 0 12 4 ) ( 0 2 4 )
0 6 ( 0 2 6 ) ( 0 9 6 )
0 7 ( 0 12 7 ) ( 0 9 7 )
0 8 ( 0 12 8 ) ( 0 9 8 )
0 9 ( 0 4 9 ) ( 0 2 9 )
0 10 ( 0 4 12 10 ) ( 0 9 10 )
0 12 ( 0 4 12 ) ( 0 9 12 )
0 13 ( 0 9 13 ) ( 0 4 2 13 )
1 2 ( 1 6 2 ) ( 1 8 2 )
1 3 ( 1 7 3 ) ( 1 8 3 )
1 6 ( 1 10 6 ) ( 1 7 6 )
1 7 ( 1 6 7 ) ( 1 8 7 )
1 8 ( 1 7 8 ) ( 1 3 8 )
1 10 ( 1 3 7 10 ) ( 1 13 7 8 10 )
1 13 ( 1 7 13 ) ( 1 8 13 )
2 3 ( 2 12 3 ) ( 2 7 3 )
2 4 ( 2 9 4 ) ( 2 12 4 )
2 7 ( 2 12 9 7 ) ( 2 4 7 )
2 8 ( 2 12 8 ) ( 2 4 8 )
2 9 ( 2 12 9 ) ( 2 4 9 )
2 12 ( 2 3 12 ) ( 2 7 8 12 )
3 7 ( 3 12 7 ) ( 3 2 7 )
3 8 ( 3 7 8 ) ( 3 1 8 )
6 10 ( 6 13 10 ) ( 6 8 10 )
7 8 ( 7 9 8 ) ( 7 1 8 )
9 12 ( 9 4 12 ) ( 9 0 12 )
10 13 ( 10 7 6 13 ) ( 10 8 13 )

EOF