DIMENSIONS
12 sommetsG2
10 sommetsG1
20 dem

SOMMETS
0  New-york  C  40.67  -73.94
1  Los-angeles  C  34.11  -118.41
2  Chicago  C  41.84  -87.68
3  Houston  C  29.77  -95.39
4  Philadelphia  T  40.01  -75.13
5  Phoenix  C  33.54  -112.07
6  San-diego  C  32.81  -117.14
7  San-antonio  C  29.46  -98.51
8  Dallas  C  32.79  -96.77
9  Detroit  C  42.38  -83.1
10  San-jose  T  37.3  -121.85
11  Jacksonville  C  30.33  -81.66

DEMANDES
0 1 ( 0 9 1 ) ( 0 6 1 )
0 2 ( 0 11 2 ) ( 0 8 2 )
0 3 ( 0 8 7 3 ) ( 0 2 11 3 )
0 5 ( 0 11 5 ) ( 0 9 3 5 )
0 6 ( 0 5 6 ) ( 0 8 6 )
0 7 ( 0 3 7 ) ( 0 8 7 )
0 8 ( 0 2 8 ) ( 0 11 8 )
0 9 ( 0 11 9 ) ( 0 7 9 )
0 11 ( 0 9 11 ) ( 0 3 11 )
1 2 ( 1 3 2 ) ( 1 11 2 )
1 3 ( 1 8 3 ) ( 1 11 3 )
1 5 ( 1 7 5 ) ( 1 2 5 )
1 6 ( 1 7 6 ) ( 1 8 6 )
2 3 ( 2 8 3 ) ( 2 7 3 )
2 8 ( 2 3 8 ) ( 2 6 8 )
2 9 ( 2 11 9 ) ( 2 3 8 9 )
3 7 ( 3 11 7 ) ( 3 2 7 )
3 8 ( 3 7 8 ) ( 3 11 8 )
5 6 ( 5 8 1 6 ) ( 5 3 6 )
7 8 ( 7 3 9 8 ) ( 7 1 8 )

EOF