DIMENSIONS
18 sommetsG2
16 sommetsG1
120 dem

SOMMETS
0  New-york  C  40.67  -73.94
1  Los-angeles  C  34.11  -118.41
2  Chicago  C  41.84  -87.68
3  Houston  C  29.77  -95.39
4  Philadelphia  C  40.01  -75.13
5  Phoenix  C  33.54  -112.07
6  San-diego  C  32.81  -117.14
7  San-antonio  T  29.46  -98.51
8  Dallas  C  32.79  -96.77
9  Detroit  C  42.38  -83.1
10  San-jose  C  37.3  -121.85
11  Jacksonville  C  30.33  -81.66
12  Indianapolis  C  39.78  -86.15
13  San-francisco  C  37.77  -122.45
14  Columbus  C  39.99  -82.99
15  Austin  T  30.31  -97.75
16  Memphis  C  35.11  -90.01
17  Baltimore  C  39.3  -76.61

DEMANDES
0 1 ( 0 12 1 ) ( 0 5 1 )
0 2 ( 0 17 2 ) ( 0 14 12 2 )
0 3 ( 0 16 3 ) ( 0 14 3 )
0 4 ( 0 17 4 ) ( 0 14 4 )
0 5 ( 0 4 5 ) ( 0 16 5 )
0 6 ( 0 14 6 ) ( 0 4 6 )
0 8 ( 0 4 14 8 ) ( 0 2 8 )
0 9 ( 0 4 17 9 ) ( 0 14 9 )
0 10 ( 0 14 10 ) ( 0 9 10 )
0 11 ( 0 9 11 ) ( 0 12 11 )
0 12 ( 0 4 12 ) ( 0 17 14 12 )
0 13 ( 0 14 13 ) ( 0 12 13 )
0 14 ( 0 9 14 ) ( 0 12 14 )
0 16 ( 0 4 16 ) ( 0 9 16 )
0 17 ( 0 4 17 ) ( 0 9 17 )
1 2 ( 1 5 2 ) ( 1 12 2 )
1 3 ( 1 5 3 ) ( 1 8 3 )
1 4 ( 1 14 4 ) ( 1 12 17 4 )
1 5 ( 1 8 5 ) ( 1 3 5 )
1 6 ( 1 10 6 ) ( 1 13 6 )
1 8 ( 1 3 8 ) ( 1 13 8 )
1 9 ( 1 6 9 ) ( 1 14 9 )
1 10 ( 1 16 10 ) ( 1 12 10 )
1 11 ( 1 5 11 ) ( 1 3 11 )
1 12 ( 1 5 12 ) ( 1 2 12 )
1 13 ( 1 10 13 ) ( 1 6 13 )
1 14 ( 1 12 14 ) ( 1 8 16 14 )
1 16 ( 1 8 16 ) ( 1 6 16 )
1 17 ( 1 5 17 ) ( 1 12 17 )
2 3 ( 2 9 3 ) ( 2 12 9 16 3 )
2 4 ( 2 9 4 ) ( 2 12 4 )
2 5 ( 2 3 5 ) ( 2 14 12 5 )
2 6 ( 2 8 6 ) ( 2 16 6 )
2 8 ( 2 14 8 ) ( 2 9 8 )
2 9 ( 2 14 9 ) ( 2 4 9 )
2 10 ( 2 5 10 ) ( 2 6 10 )
2 11 ( 2 12 11 ) ( 2 14 11 )
2 12 ( 2 14 12 ) ( 2 17 9 12 )
2 13 ( 2 10 13 ) ( 2 5 13 )
2 14 ( 2 12 14 ) ( 2 9 14 )
2 16 ( 2 14 16 ) ( 2 9 12 16 )
2 17 ( 2 9 17 ) ( 2 12 17 )
3 4 ( 3 14 4 ) ( 3 11 4 )
3 5 ( 3 6 5 ) ( 3 16 5 )
3 6 ( 3 5 6 ) ( 3 10 6 )
3 8 ( 3 12 16 8 ) ( 3 2 8 )
3 9 ( 3 12 9 ) ( 3 8 2 9 )
3 10 ( 3 1 10 ) ( 3 8 6 10 )
3 11 ( 3 8 11 ) ( 3 14 9 11 )
3 12 ( 3 2 12 ) ( 3 16 2 14 12 )
3 13 ( 3 1 13 ) ( 3 6 13 )
3 14 ( 3 16 14 ) ( 3 2 14 )
3 16 ( 3 8 16 ) ( 3 12 16 )
3 17 ( 3 14 17 ) ( 3 12 17 )
4 5 ( 4 17 5 ) ( 4 14 5 )
4 6 ( 4 17 6 ) ( 4 14 5 6 )
4 8 ( 4 14 8 ) ( 4 12 8 )
4 9 ( 4 2 9 ) ( 4 11 9 )
4 10 ( 4 12 10 ) ( 4 14 10 )
4 11 ( 4 17 11 ) ( 4 14 11 )
4 12 ( 4 14 12 ) ( 4 2 12 )
4 13 ( 4 17 13 ) ( 4 10 13 )
4 14 ( 4 12 14 ) ( 4 2 14 )
4 16 ( 4 17 16 ) ( 4 14 16 )
4 17 ( 4 9 17 ) ( 4 0 9 14 17 )
5 6 ( 5 1 6 ) ( 5 10 6 )
5 8 ( 5 3 8 ) ( 5 10 8 )
5 9 ( 5 14 9 ) ( 5 8 16 9 )
5 10 ( 5 1 10 ) ( 5 6 10 )
5 11 ( 5 8 11 ) ( 5 16 11 )
5 12 ( 5 8 12 ) ( 5 9 12 )
5 13 ( 5 1 13 ) ( 5 10 1 6 13 )
5 14 ( 5 12 14 ) ( 5 2 14 )
5 16 ( 5 12 16 ) ( 5 11 16 )
5 17 ( 5 16 17 ) ( 5 8 17 )
6 8 ( 6 10 8 ) ( 6 13 8 )
6 9 ( 6 5 9 ) ( 6 14 9 )
6 10 ( 6 13 10 ) ( 6 5 10 )
6 11 ( 6 8 11 ) ( 6 2 11 )
6 12 ( 6 5 12 ) ( 6 2 12 )
6 13 ( 6 1 13 ) ( 6 10 13 )
6 14 ( 6 12 14 ) ( 6 5 16 14 )
6 16 ( 6 5 16 ) ( 6 8 16 )
6 17 ( 6 14 17 ) ( 6 2 17 )
8 9 ( 8 12 9 ) ( 8 16 9 )
8 10 ( 8 6 10 ) ( 8 13 10 )
8 11 ( 8 16 12 11 ) ( 8 2 14 11 )
8 12 ( 8 16 12 ) ( 8 3 12 )
8 13 ( 8 10 13 ) ( 8 5 13 )
8 14 ( 8 16 14 ) ( 8 12 14 )
8 16 ( 8 12 16 ) ( 8 14 16 )
8 17 ( 8 16 17 ) ( 8 14 17 )
9 10 ( 9 13 10 ) ( 9 2 5 10 )
9 11 ( 9 14 11 ) ( 9 4 11 )
9 12 ( 9 16 12 ) ( 9 4 12 )
9 13 ( 9 5 13 ) ( 9 1 13 )
9 14 ( 9 17 14 ) ( 9 16 14 )
9 16 ( 9 2 16 ) ( 9 17 16 )
9 17 ( 9 4 17 ) ( 9 0 17 )
10 11 ( 10 5 11 ) ( 10 3 11 )
10 12 ( 10 16 12 ) ( 10 8 12 )
10 13 ( 10 8 13 ) ( 10 2 13 )
10 14 ( 10 5 14 ) ( 10 1 6 14 )
10 16 ( 10 5 16 ) ( 10 8 16 )
10 17 ( 10 12 17 ) ( 10 2 17 )
11 12 ( 11 16 12 ) ( 11 17 12 )
11 13 ( 11 8 13 ) ( 11 5 10 13 )
11 14 ( 11 9 14 ) ( 11 2 14 )
11 16 ( 11 12 16 ) ( 11 2 16 )
11 17 ( 11 0 17 ) ( 11 12 17 )
12 13 ( 12 2 13 ) ( 12 5 13 )
12 14 ( 12 9 14 ) ( 12 2 14 )
12 16 ( 12 14 16 ) ( 12 9 16 )
12 17 ( 12 14 17 ) ( 12 9 4 17 )
13 14 ( 13 10 14 ) ( 13 5 14 )
13 16 ( 13 10 8 16 ) ( 13 1 16 )
13 17 ( 13 12 17 ) ( 13 2 17 )
14 16 ( 14 12 16 ) ( 14 8 16 )
14 17 ( 14 4 17 ) ( 14 9 17 )
16 17 ( 16 14 17 ) ( 16 12 17 )

EOF