DIMENSIONS
18 sommetsG2
16 sommetsG1
20 dem

SOMMETS
0  New-york  C  40.67  -73.94
1  Los-angeles  C  34.11  -118.41
2  Chicago  C  41.84  -87.68
3  Houston  C  29.77  -95.39
4  Philadelphia  C  40.01  -75.13
5  Phoenix  C  33.54  -112.07
6  San-diego  C  32.81  -117.14
7  San-antonio  T  29.46  -98.51
8  Dallas  C  32.79  -96.77
9  Detroit  C  42.38  -83.1
10  San-jose  C  37.3  -121.85
11  Jacksonville  C  30.33  -81.66
12  Indianapolis  C  39.78  -86.15
13  San-francisco  C  37.77  -122.45
14  Columbus  C  39.99  -82.99
15  Austin  T  30.31  -97.75
16  Memphis  C  35.11  -90.01
17  Baltimore  C  39.3  -76.61

DEMANDES
0 1 ( 0 12 1 ) ( 0 5 1 )
0 2 ( 0 9 2 ) ( 0 17 14 2 )
0 3 ( 0 17 3 ) ( 0 16 3 )
0 4 ( 0 14 4 ) ( 0 9 4 )
0 8 ( 0 16 8 ) ( 0 14 8 )
0 9 ( 0 4 9 ) ( 0 17 9 )
0 11 ( 0 14 11 ) ( 0 9 11 )
0 12 ( 0 9 14 12 ) ( 0 16 12 )
0 14 ( 0 17 14 ) ( 0 9 14 )
0 17 ( 0 12 17 ) ( 0 11 17 )
1 5 ( 1 6 5 ) ( 1 8 5 )
1 6 ( 1 10 6 ) ( 1 5 6 )
1 10 ( 1 13 10 ) ( 1 5 10 )
1 13 ( 1 10 13 ) ( 1 6 13 )
2 9 ( 2 12 9 ) ( 2 17 9 )
2 12 ( 2 14 12 ) ( 2 9 12 )
2 14 ( 2 12 14 ) ( 2 16 14 )
3 8 ( 3 11 8 ) ( 3 5 8 )
4 17 ( 4 9 17 ) ( 4 2 17 )
10 13 ( 10 16 13 ) ( 10 2 13 )

EOF