DIMENSIONS
30 sommetsG2
25 sommetsG1
60 dem

SOMMETS
0  New-york  C  40.67  -73.94
1  Los-angeles  C  34.11  -118.41
2  Chicago  C  41.84  -87.68
3  Houston  C  29.77  -95.39
4  Philadelphia  C  40.01  -75.13
5  Phoenix  T  33.54  -112.07
6  San-diego  C  32.81  -117.14
7  San-antonio  C  29.46  -98.51
8  Dallas  C  32.79  -96.77
9  Detroit  C  42.38  -83.1
10  San-jose  C  37.3  -121.85
11  Jacksonville  T  30.33  -81.66
12  Indianapolis  C  39.78  -86.15
13  San-francisco  C  37.77  -122.45
14  Columbus  C  39.99  -82.99
15  Austin  C  30.31  -97.75
16  Memphis  C  35.11  -90.01
17  Baltimore  C  39.3  -76.61
18  Fort-worth  C  32.75  -97.34
19  El-paso  C  31.85  -106.44
20  Charlotte  C  35.2  -80.83
21  Milwaukee  C  43.06  -87.97
22  Boston  C  42.34  -71.02
23  Seattle  T  47.62  -122.35
24  Denver  C  39.77  -104.87
25  Washington  T  38.91  -77.02
26  Nashville  C  36.17  -86.78
27  Portland  T  45.54  -122.66
28  Las-vegas  C  36.21  -115.22
29  Oklahoma-city  C  35.47  -97.51

DEMANDES
0 1 ( 0 14 1 ) ( 0 26 1 )
0 2 ( 0 12 2 ) ( 0 9 21 2 )
0 3 ( 0 17 3 ) ( 0 14 3 )
0 4 ( 0 22 4 ) ( 0 20 4 )
0 6 ( 0 4 6 ) ( 0 12 6 )
0 7 ( 0 17 7 ) ( 0 4 7 )
0 8 ( 0 16 8 ) ( 0 26 8 )
0 9 ( 0 4 14 9 ) ( 0 12 9 )
0 10 ( 0 14 10 ) ( 0 12 28 10 )
0 12 ( 0 17 12 ) ( 0 2 12 )
0 14 ( 0 4 14 ) ( 0 9 14 )
0 15 ( 0 4 15 ) ( 0 26 15 )
0 16 ( 0 4 16 ) ( 0 17 26 16 )
0 17 ( 0 20 17 ) ( 0 14 17 )
0 18 ( 0 8 18 ) ( 0 4 18 )
0 19 ( 0 26 19 ) ( 0 17 19 )
0 20 ( 0 4 20 ) ( 0 22 20 )
0 21 ( 0 14 21 ) ( 0 2 21 )
0 22 ( 0 17 22 ) ( 0 20 22 )
0 24 ( 0 12 24 ) ( 0 9 24 )
0 26 ( 0 4 26 ) ( 0 14 26 )
0 29 ( 0 4 17 29 ) ( 0 14 29 )
1 2 ( 1 24 2 ) ( 1 6 2 )
1 3 ( 1 19 3 ) ( 1 15 3 )
1 6 ( 1 28 6 ) ( 1 19 6 )
1 7 ( 1 28 7 ) ( 1 18 7 )
1 8 ( 1 18 8 ) ( 1 28 8 )
1 10 ( 1 13 10 ) ( 1 6 10 )
1 13 ( 1 10 13 ) ( 1 6 13 )
1 19 ( 1 6 19 ) ( 1 10 19 )
1 24 ( 1 28 24 ) ( 1 6 24 )
1 28 ( 1 19 28 ) ( 1 24 28 )
2 3 ( 2 12 3 ) ( 2 21 3 )
2 4 ( 2 17 4 ) ( 2 0 4 )
2 7 ( 2 15 7 ) ( 2 8 7 )
2 8 ( 2 16 8 ) ( 2 29 8 )
2 9 ( 2 21 9 ) ( 2 12 9 )
2 12 ( 2 14 12 ) ( 2 26 12 )
2 14 ( 2 26 9 14 ) ( 2 12 16 14 )
2 16 ( 2 12 16 ) ( 2 26 16 )
2 17 ( 2 14 17 ) ( 2 9 17 )
2 20 ( 2 12 20 ) ( 2 9 20 )
2 21 ( 2 12 21 ) ( 2 26 21 )
2 26 ( 2 21 26 ) ( 2 12 14 26 )
3 7 ( 3 8 7 ) ( 3 18 15 7 )
3 8 ( 3 7 8 ) ( 3 29 15 8 )
3 15 ( 3 18 15 ) ( 3 16 15 )
3 16 ( 3 29 16 ) ( 3 7 8 16 )
3 18 ( 3 8 18 ) ( 3 15 18 )
3 29 ( 3 8 29 ) ( 3 15 7 29 )
4 17 ( 4 0 17 ) ( 4 22 17 )
4 22 ( 4 0 22 ) ( 4 17 22 )
7 8 ( 7 15 8 ) ( 7 18 8 )
7 15 ( 7 3 15 ) ( 7 8 15 )
7 18 ( 7 15 18 ) ( 7 8 18 )
8 15 ( 8 7 15 ) ( 8 18 3 15 )
8 18 ( 8 15 18 ) ( 8 29 18 )
8 29 ( 8 3 29 ) ( 8 7 18 29 )
9 14 ( 9 2 14 ) ( 9 21 14 )
10 13 ( 10 6 1 13 ) ( 10 28 13 )

EOF