DIMENSIONS
50 sommetsG2
45 sommetsG1
40 dem

SOMMETS
0  New-york  C  40.67  -73.94
1  Los-angeles  C  34.11  -118.41
2  Chicago  C  41.84  -87.68
3  Houston  C  29.77  -95.39
4  Philadelphia  C  40.01  -75.13
5  Phoenix  C  33.54  -112.07
6  San-diego  C  32.81  -117.14
7  San-antonio  C  29.46  -98.51
8  Dallas  C  32.79  -96.77
9  Detroit  T  42.38  -83.1
10  San-jose  C  37.3  -121.85
11  Jacksonville  C  30.33  -81.66
12  Indianapolis  C  39.78  -86.15
13  San-francisco  C  37.77  -122.45
14  Columbus  C  39.99  -82.99
15  Austin  C  30.31  -97.75
16  Memphis  C  35.11  -90.01
17  Baltimore  C  39.3  -76.61
18  Fort-worth  C  32.75  -97.34
19  El-paso  T  31.85  -106.44
20  Charlotte  C  35.2  -80.83
21  Milwaukee  C  43.06  -87.97
22  Boston  C  42.34  -71.02
23  Seattle  C  47.62  -122.35
24  Denver  C  39.77  -104.87
25  Washington  C  38.91  -77.02
26  Nashville  C  36.17  -86.78
27  Portland  C  45.54  -122.66
28  Las-vegas  C  36.21  -115.22
29  Oklahoma-city  C  35.47  -97.51
30  Tucson  C  32.2  -110.89
31  Long-beach  C  33.79  -118.16
32  Albuquerque  C  35.12  -106.62
33  New-orleans  C  30.07  -89.93
34  Cleveland  C  41.48  -81.68
35  Fresno  C  36.78  -119.79
36  Sacramento  C  38.57  -121.47
37  Virginia-beach  C  36.74  -76.04
38  Kansas-city  C  39.12  -94.55
39  Mesa  T  33.42  -111.74
40  Atlanta  C  33.76  -84.42
41  Omaha  C  41.26  -96.01
42  Oakland  T  37.77  -122.22
43  Tulsa  C  36.13  -95.92
44  Honolulu  C  21.32  -157.8
45  Miami  T  25.78  -80.21
46  Minneapolis  C  44.96  -93.27
47  Colorado-springs  C  38.86  -104.76
48  Arlington  C  32.69  -97.13
49  Wichita  C  37.69  -97.34

DEMANDES
0 1 ( 0 49 1 ) ( 0 38 1 )
0 2 ( 0 4 2 ) ( 0 21 2 )
0 3 ( 0 4 25 3 ) ( 0 20 40 3 )
0 4 ( 0 17 4 ) ( 0 22 4 )
0 7 ( 0 4 7 ) ( 0 25 3 7 )
0 8 ( 0 16 8 ) ( 0 17 8 )
0 11 ( 0 37 11 ) ( 0 17 11 )
0 12 ( 0 17 12 ) ( 0 25 12 )
0 14 ( 0 4 14 ) ( 0 34 14 )
0 16 ( 0 4 16 ) ( 0 17 16 )
0 17 ( 0 4 17 ) ( 0 25 17 )
0 20 ( 0 4 25 20 ) ( 0 37 20 )
0 21 ( 0 17 21 ) ( 0 2 21 )
0 22 ( 0 17 22 ) ( 0 37 22 )
0 25 ( 0 4 37 25 ) ( 0 22 25 )
0 26 ( 0 4 26 ) ( 0 17 14 26 )
0 34 ( 0 4 34 ) ( 0 17 34 )
0 37 ( 0 22 37 ) ( 0 20 37 )
0 40 ( 0 25 40 ) ( 0 17 40 )
1 5 ( 1 31 5 ) ( 1 28 5 )
1 6 ( 1 35 6 ) ( 1 13 6 )
1 10 ( 1 35 10 ) ( 1 31 10 )
1 13 ( 1 35 13 ) ( 1 31 13 )
1 28 ( 1 35 28 ) ( 1 5 28 )
1 31 ( 1 6 31 ) ( 1 35 31 )
1 35 ( 1 6 31 35 ) ( 1 10 35 )
1 36 ( 1 10 36 ) ( 1 35 13 36 )
2 12 ( 2 21 12 ) ( 2 26 12 )
2 14 ( 2 12 14 ) ( 2 34 14 )
2 21 ( 2 14 21 ) ( 2 34 21 )
3 7 ( 3 48 7 ) ( 3 8 7 )
3 8 ( 3 48 8 ) ( 3 18 8 )
3 15 ( 3 18 15 ) ( 3 7 8 15 )
4 17 ( 4 37 17 ) ( 4 14 17 )
5 30 ( 5 31 30 ) ( 5 28 6 30 )
6 31 ( 6 28 1 31 ) ( 6 35 31 )
7 15 ( 7 18 15 ) ( 7 8 15 )
8 18 ( 8 15 18 ) ( 8 3 48 18 )
8 48 ( 8 3 48 ) ( 8 43 48 )
10 13 ( 10 36 13 ) ( 10 35 13 )

EOF