DIMENSIONS
60 sommetsG2
55 sommetsG1
55 dem

SOMMETS
0  New-york  C  40.67  -73.94
1  Los-angeles  C  34.11  -118.41
2  Chicago  C  41.84  -87.68
3  Houston  C  29.77  -95.39
4  Philadelphia  C  40.01  -75.13
5  Phoenix  C  33.54  -112.07
6  San-diego  C  32.81  -117.14
7  San-antonio  C  29.46  -98.51
8  Dallas  C  32.79  -96.77
9  Detroit  C  42.38  -83.1
10  San-jose  C  37.3  -121.85
11  Jacksonville  C  30.33  -81.66
12  Indianapolis  C  39.78  -86.15
13  San-francisco  C  37.77  -122.45
14  Columbus  C  39.99  -82.99
15  Austin  C  30.31  -97.75
16  Memphis  C  35.11  -90.01
17  Baltimore  C  39.3  -76.61
18  Fort-worth  C  32.75  -97.34
19  El-paso  C  31.85  -106.44
20  Charlotte  C  35.2  -80.83
21  Milwaukee  C  43.06  -87.97
22  Boston  C  42.34  -71.02
23  Seattle  T  47.62  -122.35
24  Denver  C  39.77  -104.87
25  Washington  C  38.91  -77.02
26  Nashville  C  36.17  -86.78
27  Portland  C  45.54  -122.66
28  Las-vegas  C  36.21  -115.22
29  Oklahoma-city  C  35.47  -97.51
30  Tucson  C  32.2  -110.89
31  Long-beach  C  33.79  -118.16
32  Albuquerque  C  35.12  -106.62
33  New-orleans  C  30.07  -89.93
34  Cleveland  C  41.48  -81.68
35  Fresno  C  36.78  -119.79
36  Sacramento  C  38.57  -121.47
37  Virginia-beach  C  36.74  -76.04
38  Kansas-city  C  39.12  -94.55
39  Mesa  C  33.42  -111.74
40  Atlanta  C  33.76  -84.42
41  Omaha  C  41.26  -96.01
42  Oakland  C  37.77  -122.22
43  Tulsa  C  36.13  -95.92
44  Honolulu  C  21.32  -157.8
45  Miami  C  25.78  -80.21
46  Minneapolis  T  44.96  -93.27
47  Colorado-springs  T  38.86  -104.76
48  Arlington  C  32.69  -97.13
49  Wichita  C  37.69  -97.34
50  Santa-ana  T  33.74  -117.88
51  Anaheim  C  33.84  -117.87
52  Saint-louis  C  38.64  -90.24
53  Raleigh  C  35.82  -78.66
54  Pittsburgh  T  40.44  -79.98
55  Tampa  C  27.96  -82.48
56  Cincinnati  C  39.14  -84.51
57  Toledo  C  41.66  -83.58
58  Aurora  C  39.71  -104.73
59  Riverside  C  33.94  -117.4

DEMANDES
0 1 ( 0 56 1 ) ( 0 52 1 )
0 2 ( 0 34 2 ) ( 0 4 2 )
0 3 ( 0 4 3 ) ( 0 40 3 )
0 4 ( 0 17 25 4 ) ( 0 53 4 )
0 7 ( 0 25 16 7 ) ( 0 20 7 )
0 8 ( 0 26 8 ) ( 0 4 8 )
0 9 ( 0 4 9 ) ( 0 25 9 )
0 11 ( 0 20 11 ) ( 0 40 11 )
0 12 ( 0 56 12 ) ( 0 17 12 )
0 14 ( 0 17 14 ) ( 0 25 14 )
0 16 ( 0 26 16 ) ( 0 25 16 )
0 17 ( 0 25 17 ) ( 0 22 4 17 )
0 20 ( 0 4 20 ) ( 0 17 20 )
0 21 ( 0 57 21 ) ( 0 4 34 21 )
0 22 ( 0 17 22 ) ( 0 37 22 )
0 25 ( 0 4 25 ) ( 0 17 25 )
0 26 ( 0 17 26 ) ( 0 14 26 )
0 34 ( 0 4 34 ) ( 0 17 34 )
0 37 ( 0 25 37 ) ( 0 22 17 37 )
0 40 ( 0 4 25 40 ) ( 0 17 40 )
0 53 ( 0 4 53 ) ( 0 25 53 )
0 56 ( 0 14 56 ) ( 0 17 56 )
0 57 ( 0 4 57 ) ( 0 9 57 )
1 5 ( 1 59 5 ) ( 1 31 5 )
1 6 ( 1 31 6 ) ( 1 59 6 )
1 10 ( 1 35 10 ) ( 1 42 13 10 )
1 13 ( 1 42 13 ) ( 1 59 13 )
1 28 ( 1 51 28 ) ( 1 59 28 )
1 31 ( 1 51 31 ) ( 1 6 31 )
1 35 ( 1 31 35 ) ( 1 51 59 35 )
1 36 ( 1 35 36 ) ( 1 10 42 36 )
1 42 ( 1 10 42 ) ( 1 35 13 42 )
1 51 ( 1 6 51 ) ( 1 28 51 )
1 59 ( 1 51 59 ) ( 1 31 59 )
2 3 ( 2 12 3 ) ( 2 43 3 )
2 9 ( 2 57 9 ) ( 2 21 9 )
2 12 ( 2 14 12 ) ( 2 52 12 )
2 14 ( 2 12 14 ) ( 2 57 14 )
2 21 ( 2 12 21 ) ( 2 26 21 )
3 7 ( 3 15 7 ) ( 3 48 7 )
3 8 ( 3 48 8 ) ( 3 18 43 8 )
3 15 ( 3 48 15 ) ( 3 18 15 )
3 18 ( 3 48 18 ) ( 3 15 8 18 )
4 17 ( 4 53 17 ) ( 4 22 17 )
4 25 ( 4 0 25 ) ( 4 37 25 )
5 30 ( 5 28 30 ) ( 5 39 19 30 )
5 39 ( 5 30 39 ) ( 5 28 39 )
6 31 ( 6 1 51 31 ) ( 6 28 31 )
6 51 ( 6 31 51 ) ( 6 28 51 )
6 59 ( 6 31 59 ) ( 6 1 59 )
7 15 ( 7 48 15 ) ( 7 29 15 )
8 18 ( 8 48 18 ) ( 8 43 18 )
8 48 ( 8 18 48 ) ( 8 29 48 )
10 13 ( 10 42 13 ) ( 10 35 13 )
10 42 ( 10 35 42 ) ( 10 1 51 42 )

EOF