DIMENSIONS
75 sommetsG2
70 sommetsG1
50 dem

SOMMETS
0  New-york  C  40.67  -73.94
1  Los-angeles  C  34.11  -118.41
2  Chicago  C  41.84  -87.68
3  Houston  C  29.77  -95.39
4  Philadelphia  C  40.01  -75.13
5  Phoenix  C  33.54  -112.07
6  San-diego  C  32.81  -117.14
7  San-antonio  C  29.46  -98.51
8  Dallas  C  32.79  -96.77
9  Detroit  C  42.38  -83.1
10  San-jose  C  37.3  -121.85
11  Jacksonville  C  30.33  -81.66
12  Indianapolis  C  39.78  -86.15
13  San-francisco  C  37.77  -122.45
14  Columbus  C  39.99  -82.99
15  Austin  C  30.31  -97.75
16  Memphis  C  35.11  -90.01
17  Baltimore  C  39.3  -76.61
18  Fort-worth  C  32.75  -97.34
19  El-paso  C  31.85  -106.44
20  Charlotte  C  35.2  -80.83
21  Milwaukee  C  43.06  -87.97
22  Boston  C  42.34  -71.02
23  Seattle  C  47.62  -122.35
24  Denver  C  39.77  -104.87
25  Washington  C  38.91  -77.02
26  Nashville  C  36.17  -86.78
27  Portland  C  45.54  -122.66
28  Las-vegas  C  36.21  -115.22
29  Oklahoma-city  T  35.47  -97.51
30  Tucson  C  32.2  -110.89
31  Long-beach  C  33.79  -118.16
32  Albuquerque  C  35.12  -106.62
33  New-orleans  C  30.07  -89.93
34  Cleveland  C  41.48  -81.68
35  Fresno  C  36.78  -119.79
36  Sacramento  C  38.57  -121.47
37  Virginia-beach  C  36.74  -76.04
38  Kansas-city  C  39.12  -94.55
39  Mesa  C  33.42  -111.74
40  Atlanta  C  33.76  -84.42
41  Omaha  C  41.26  -96.01
42  Oakland  C  37.77  -122.22
43  Tulsa  C  36.13  -95.92
44  Honolulu  C  21.32  -157.8
45  Miami  C  25.78  -80.21
46  Minneapolis  C  44.96  -93.27
47  Colorado-springs  C  38.86  -104.76
48  Arlington  C  32.69  -97.13
49  Wichita  C  37.69  -97.34
50  Santa-ana  C  33.74  -117.88
51  Anaheim  C  33.84  -117.87
52  Saint-louis  C  38.64  -90.24
53  Raleigh  C  35.82  -78.66
54  Pittsburgh  C  40.44  -79.98
55  Tampa  C  27.96  -82.48
56  Cincinnati  C  39.14  -84.51
57  Toledo  C  41.66  -83.58
58  Aurora  T  39.71  -104.73
59  Riverside  T  33.94  -117.4
60  Buffalo  C  42.89  -78.86
61  Corpus-christi  C  27.71  -97.29
62  Newark  C  40.72  -74.17
63  Saint-paul  T  44.95  -93.1
64  Bakersfield  C  35.36  -119
65  Stockton  C  37.97  -121.31
66  Anchorage  C  61.18  -149.19
67  Lexington-fayette  C  38.04  -84.46
68  Saint-petersburg  T  27.76  -82.64
69  Louisville  C  38.22  -85.74
70  Plano  C  33.05  -96.75
71  Norfolk  C  36.92  -76.24
72  Jersey-city  C  40.71  -74.06
73  Lincoln  C  40.82  -96.69
74  Glendale  C  33.58  -112.2

DEMANDES
0 1 ( 0 49 1 ) ( 0 72 1 )
0 2 ( 0 57 2 ) ( 0 54 2 )
0 3 ( 0 4 3 ) ( 0 72 4 17 3 )
0 4 ( 0 72 4 ) ( 0 17 4 )
0 7 ( 0 4 7 ) ( 0 62 7 )
0 8 ( 0 16 8 ) ( 0 17 8 )
0 9 ( 0 62 9 ) ( 0 72 9 )
0 11 ( 0 37 11 ) ( 0 53 11 )
0 12 ( 0 14 12 ) ( 0 54 12 )
0 14 ( 0 4 14 ) ( 0 17 14 )
0 16 ( 0 4 16 ) ( 0 62 16 )
0 17 ( 0 72 17 ) ( 0 62 17 )
0 20 ( 0 4 20 ) ( 0 25 20 )
0 21 ( 0 9 21 ) ( 0 57 21 )
0 22 ( 0 62 72 4 22 ) ( 0 25 22 )
0 25 ( 0 72 4 25 ) ( 0 71 25 )
0 26 ( 0 72 26 ) ( 0 62 26 )
0 34 ( 0 72 34 ) ( 0 54 34 )
0 37 ( 0 72 37 ) ( 0 71 37 )
0 53 ( 0 62 53 ) ( 0 17 53 )
0 54 ( 0 17 54 ) ( 0 60 54 )
0 60 ( 0 72 60 ) ( 0 4 60 )
0 62 ( 0 4 72 62 ) ( 0 25 62 )
0 71 ( 0 62 71 ) ( 0 4 71 )
0 72 ( 0 17 72 ) ( 0 22 72 )
1 5 ( 1 74 5 ) ( 1 50 5 )
1 6 ( 1 51 6 ) ( 1 64 6 )
1 10 ( 1 64 10 ) ( 1 31 10 )
1 13 ( 1 64 13 ) ( 1 65 13 )
1 28 ( 1 31 28 ) ( 1 50 6 51 28 )
1 31 ( 1 51 31 ) ( 1 64 31 )
1 35 ( 1 64 35 ) ( 1 50 35 )
1 50 ( 1 51 31 50 ) ( 1 6 50 )
1 51 ( 1 50 51 ) ( 1 6 51 )
1 64 ( 1 31 50 64 ) ( 1 6 64 )
2 9 ( 2 14 9 ) ( 2 56 9 )
2 12 ( 2 56 12 ) ( 2 67 12 )
2 14 ( 2 12 14 ) ( 2 56 14 )
2 21 ( 2 69 21 ) ( 2 9 21 )
3 7 ( 3 15 7 ) ( 3 61 7 )
3 8 ( 3 70 8 ) ( 3 15 8 )
3 15 ( 3 7 15 ) ( 3 61 15 )
4 17 ( 4 72 62 17 ) ( 4 71 17 )
5 30 ( 5 39 30 ) ( 5 74 30 )
5 39 ( 5 74 30 39 ) ( 5 28 39 )
6 31 ( 6 1 31 ) ( 6 28 31 )
7 15 ( 7 3 15 ) ( 7 48 15 )
8 18 ( 8 48 18 ) ( 8 70 18 )
8 48 ( 8 18 48 ) ( 8 70 7 48 )
10 13 ( 10 42 13 ) ( 10 36 13 )

EOF