110

25 10 3
2 10 3
13 16 3
15 7 3
1 22 3
11 3 3
9 22 3
12 19 3
22 1 3
14 12 3
22 9 3
20 22 3
21 3 3
22 21 3
5 4 3
11 12 3
20 11 3
17 14 3
11 18 3
19 16 3
21 12 3
20 13 3
8 16 3
6 2 3
2 24 3
7 6 3
17 15 3
24 8 3
1 25 3
23 11 3
13 3 3
19 25 3
3 24 3
11 14 3
23 18 3
1 19 3
20 7 3
21 17 3
21 10 3
15 11 3
5 25 3
8 12 3
20 1 3
19 11 3
17 9 3
14 25 3
15 3 3
21 13 3
24 3 3
24 2 3
4 6 3
17 18 3
13 6 3
7 21 3
19 23 3
20 21 3
14 22 3
21 24 3
13 25 3
25 18 3
7 17 3
5 23 3
7 19 3
1 18 3
8 4 3
23 25 3
3 2 3
24 4 3
3 14 3
1 20 3
1 15 3
22 16 3
16 17 3
7 24 3
23 2 3
8 2 3
11 8 3
3 10 3
4 2 3
16 24 3
25 5 3
11 25 3
24 6 3
24 9 3
17 10 3
24 7 3
5 9 3
17 23 3
11 13 3
15 19 3
20 5 3
24 10 3
8 17 3
24 23 3
4 11 3
10 19 3
18 16 3
20 14 3
5 2 3
13 17 3
19 10 3
21 23 3
13 4 3
1 10 3
15 20 3
18 21 3
12 22 3
15 12 3
22 19 3
17 25 3
