DIMENSIONS
65 sommetsG2
60 sommetsG1
75 dem

SOMMETS
0  N0  C  9860  14152
1  N1  C  9396  14616
2  N2  C  11252  14848
3  N3  C  11020  13456
4  N4  C  9512  15776
5  N5  C  10788  13804
6  N6  C  10208  14384
7  N7  C  11600  13456
8  N8  C  11252  14036
9  N9  C  10672  15080
10  N10  C  11136  14152
11  N11  C  9860  13108
12  N12  C  10092  14964
13  N13  C  9512  13340
14  N14  C  10556  13688
15  N15  C  9628  14036
16  N16  C  10904  13108
17  N17  C  11368  12644
18  N18  C  11252  13340
19  N19  C  10672  13340
20  N20  C  11020  13108
21  N21  C  11020  13340
22  N22  C  11136  13572
23  N23  C  11020  13688
24  N24  C  8468  11136
25  N25  T  8932  12064
26  N26  C  9512  12412
27  N27  C  7772  11020
28  N28  C  8352  10672
29  N29  C  9164  12876
30  N30  C  9744  12528
31  N31  C  8352  10324
32  N32  C  8236  11020
33  N33  C  8468  12876
34  N34  C  8700  14036
35  N35  C  8932  13688
36  N36  C  9048  13804
37  N37  C  8468  12296
38  N38  C  8352  12644
39  N39  C  8236  13572
40  N40  C  9164  13340
41  N41  C  8004  12760
42  N42  C  8584  13108
43  N43  C  7772  14732
44  N44  C  7540  15080
45  N45  C  7424  17516
46  N46  C  8352  17052
47  N47  C  7540  16820
48  N48  C  7888  17168
49  N49  C  9744  15196
50  N50  T  9164  14964
51  N51  T  9744  16240
52  N52  C  7888  16936
53  N53  C  8236  15428
54  N54  T  9512  17400
55  N55  C  9164  16008
56  N56  C  8700  15312
57  N57  C  11716  16008
58  N58  C  12992  14964
59  N59  T  12412  14964
60  N60  C  12296  15312
61  N61  C  12528  15196
62  N62  C  15312  6612
63  N63  C  11716  16124
64  N64  C  11600  19720

DEMANDES
12 21 ( 12 36 31 40 21 ) ( 12 23 21 )
33 61 ( 33 46 9 39 61 ) ( 33 1 15 61 )
8 52 ( 8 52 ) ( 8 7 64 52 )
14 33 ( 14 19 41 34 33 ) ( 14 32 63 33 )
19 34 ( 19 57 18 22 34 ) ( 19 52 4 34 )
61 34 ( 61 34 ) ( 61 43 34 )
57 22 ( 57 22 ) ( 57 29 22 )
4 15 ( 4 55 17 35 15 ) ( 4 24 49 33 15 )
43 34 ( 43 34 ) ( 43 60 46 34 )
18 48 ( 18 44 10 48 ) ( 18 28 57 48 )
53 21 ( 53 21 ) ( 53 22 44 62 21 )
38 42 ( 38 60 52 44 42 ) ( 38 31 14 42 )
61 9 ( 61 28 40 18 9 ) ( 61 19 29 9 )
14 12 ( 14 27 12 ) ( 14 11 58 12 )
6 8 ( 6 64 8 ) ( 6 60 44 24 8 )
48 23 ( 48 37 23 ) ( 48 15 23 )
9 47 ( 9 47 ) ( 9 10 48 4 47 )
61 3 ( 61 15 47 3 ) ( 61 42 3 )
62 41 ( 62 8 33 5 41 ) ( 62 4 41 )
13 29 ( 13 49 3 10 29 ) ( 13 64 57 29 )
8 64 ( 8 64 ) ( 8 4 0 38 64 )
11 10 ( 11 53 10 ) ( 11 23 35 37 10 )
29 44 ( 29 44 ) ( 29 49 19 44 )
64 37 ( 64 40 2 48 37 ) ( 64 60 56 63 37 )
48 58 ( 48 32 10 53 58 ) ( 48 57 5 42 58 )
16 40 ( 16 40 ) ( 16 20 21 15 40 )
4 41 ( 4 41 ) ( 4 33 63 41 )
18 35 ( 18 30 38 35 ) ( 18 61 35 )
29 21 ( 29 0 22 38 21 ) ( 29 15 43 21 )
31 19 ( 31 40 2 19 ) ( 31 26 19 )
45 43 ( 45 12 39 43 ) ( 45 40 47 43 )
21 48 ( 21 48 ) ( 21 44 42 16 48 )
34 5 ( 34 44 5 ) ( 34 6 7 23 5 )
37 38 ( 37 18 21 38 ) ( 37 12 38 )
63 0 ( 63 12 28 62 0 ) ( 63 49 0 )
45 7 ( 45 61 56 7 ) ( 45 13 35 7 )
19 58 ( 19 32 37 10 58 ) ( 19 17 56 30 58 )
55 32 ( 55 44 32 ) ( 55 47 32 )
9 39 ( 9 47 39 ) ( 9 11 14 32 39 )
7 8 ( 7 60 8 ) ( 7 40 8 )
53 32 ( 53 42 32 ) ( 53 39 16 32 )
9 4 ( 9 4 ) ( 9 23 18 4 )
21 5 ( 21 37 5 ) ( 21 17 42 49 5 )
31 10 ( 31 33 13 36 10 ) ( 31 27 53 10 )
15 21 ( 15 64 58 21 ) ( 15 8 26 21 )
0 19 ( 0 19 ) ( 0 46 3 29 19 )
64 46 ( 64 46 ) ( 64 56 6 46 )
6 24 ( 6 52 24 ) ( 6 8 3 24 )
3 29 ( 3 28 7 38 29 ) ( 3 37 34 23 29 )
19 57 ( 19 39 57 ) ( 19 34 57 )
40 38 ( 40 38 ) ( 40 4 6 60 38 )
11 31 ( 11 31 ) ( 11 18 23 57 31 )
22 52 ( 22 16 40 52 ) ( 22 20 52 )
39 7 ( 39 46 13 7 ) ( 39 26 20 28 7 )
15 34 ( 15 34 ) ( 15 0 24 34 )
24 19 ( 24 42 35 19 ) ( 24 44 19 )
52 45 ( 52 0 45 ) ( 52 34 40 45 )
41 33 ( 41 46 33 ) ( 41 52 44 33 )
9 2 ( 9 2 ) ( 9 12 40 45 2 )
36 0 ( 36 0 ) ( 36 17 0 )
42 55 ( 42 55 ) ( 42 43 57 55 )
42 20 ( 42 10 32 53 20 ) ( 42 43 20 )
58 12 ( 58 56 12 ) ( 58 35 48 60 12 )
15 60 ( 15 32 35 60 ) ( 15 61 52 38 60 )
42 64 ( 42 56 38 41 64 ) ( 42 49 64 )
17 39 ( 17 56 39 ) ( 17 43 39 )
26 39 ( 26 35 9 39 ) ( 26 37 2 39 )
45 33 ( 45 7 31 3 33 ) ( 45 52 41 33 )
29 9 ( 29 26 9 ) ( 29 1 9 )
46 37 ( 46 29 31 64 37 ) ( 46 3 4 37 )
41 38 ( 41 38 ) ( 41 40 38 )
60 47 ( 60 55 47 ) ( 60 61 58 47 )
49 21 ( 49 31 61 21 ) ( 49 30 21 )
57 62 ( 57 62 ) ( 57 49 58 62 )
16 49 ( 16 26 36 40 49 ) ( 16 12 49 )

EOF