DIMENSIONS
40 sommetsG2
35 sommetsG1
20 dem

SOMMETS
0  N0  C  9860  14152
1  N1  C  9396  14616
2  N2  C  11252  14848
3  N3  C  11020  13456
4  N4  C  9512  15776
5  N5  C  10788  13804
6  N6  C  10208  14384
7  N7  T  11600  13456
8  N8  C  11252  14036
9  N9  C  10672  15080
10  N10  C  11136  14152
11  N11  C  9860  13108
12  N12  C  10092  14964
13  N13  C  9512  13340
14  N14  C  10556  13688
15  N15  T  9628  14036
16  N16  C  10904  13108
17  N17  C  11368  12644
18  N18  C  11252  13340
19  N19  C  10672  13340
20  N20  C  11020  13108
21  N21  C  11020  13340
22  N22  C  11136  13572
23  N23  C  11020  13688
24  N24  C  8468  11136
25  N25  C  8932  12064
26  N26  C  9512  12412
27  N27  C  7772  11020
28  N28  C  8352  10672
29  N29  C  9164  12876
30  N30  C  9744  12528
31  N31  T  8352  10324
32  N32  C  8236  11020
33  N33  T  8468  12876
34  N34  C  8700  14036
35  N35  C  8932  13688
36  N36  T  9048  13804
37  N37  C  8468  12296
38  N38  C  8352  12644
39  N39  C  8236  13572

DEMANDES
13 30 ( 13 19 30 ) ( 13 25 14 30 )
20 38 ( 20 28 5 24 38 ) ( 20 0 9 38 )
5 32 ( 5 32 ) ( 5 4 39 32 )
8 20 ( 8 11 25 19 20 ) ( 8 38 30 20 )
21 30 ( 21 11 30 ) ( 21 14 32 2 30 )
37 21 ( 37 21 ) ( 37 26 21 )
35 13 ( 35 13 ) ( 35 18 13 )
2 9 ( 2 34 10 21 9 ) ( 2 30 20 26 9 )
21 1 ( 21 37 1 ) ( 21 28 11 29 1 )
25 14 ( 25 17 35 14 ) ( 25 13 14 )
9 35 ( 9 38 35 ) ( 9 23 26 34 35 )
17 32 ( 17 19 8 32 ) ( 17 38 5 35 32 )
25 17 ( 25 12 9 17 ) ( 25 11 17 )
22 16 ( 22 16 ) ( 22 4 5 19 16 )
30 39 ( 30 29 14 11 39 ) ( 30 9 23 6 39 )
29 5 ( 29 2 38 20 5 ) ( 29 9 5 )
29 26 ( 29 30 3 5 26 ) ( 29 20 2 26 )
8 18 ( 8 30 2 6 18 ) ( 8 39 35 18 )
5 39 ( 5 39 ) ( 5 2 0 23 39 )
6 32 ( 6 23 32 ) ( 6 18 27 32 )

EOF