DIMENSIONS
25 sommetsG2
20 sommetsG1
6 dem

SOMMETS
0  N0  C  9860  14152
1  N1  C  9396  14616
2  N2  C  11252  14848
3  N3  C  11020  13456
4  N4  T  9512  15776
5  N5  C  10788  13804
6  N6  C  10208  14384
7  N7  C  11600  13456
8  N8  C  11252  14036
9  N9  T  10672  15080
10  N10  C  11136  14152
11  N11  C  9860  13108
12  N12  C  10092  14964
13  N13  C  9512  13340
14  N14  C  10556  13688
15  N15  C  9628  14036
16  N16  C  10904  13108
17  N17  C  11368  12644
18  N18  C  11252  13340
19  N19  T  10672  13340
20  N20  C  11020  13108
21  N21  T  11020  13340
22  N22  T  11136  13572
23  N23  C  11020  13688
24  N24  C  8468  11136

DEMANDES
8 6 ( 8 15 12 6 ) ( 8 23 17 6 )
3 15 ( 3 15 ) ( 3 20 15 )
3 10 ( 3 10 ) ( 3 24 10 )
5 12 ( 5 7 15 13 12 ) ( 5 24 10 12 )
7 8 ( 7 1 23 13 8 ) ( 7 2 16 0 8 )
11 1 ( 11 1 ) ( 11 6 13 12 1 )

EOF