DIMENSIONS
45 sommetsG2
40 sommetsG1
20 dem

SOMMETS
0  N0  C  9860  14152
1  N1  C  9396  14616
2  N2  C  11252  14848
3  N3  C  11020  13456
4  N4  C  9512  15776
5  N5  C  10788  13804
6  N6  C  10208  14384
7  N7  C  11600  13456
8  N8  T  11252  14036
9  N9  C  10672  15080
10  N10  C  11136  14152
11  N11  C  9860  13108
12  N12  C  10092  14964
13  N13  C  9512  13340
14  N14  C  10556  13688
15  N15  C  9628  14036
16  N16  C  10904  13108
17  N17  T  11368  12644
18  N18  C  11252  13340
19  N19  C  10672  13340
20  N20  C  11020  13108
21  N21  C  11020  13340
22  N22  C  11136  13572
23  N23  C  11020  13688
24  N24  C  8468  11136
25  N25  C  8932  12064
26  N26  C  9512  12412
27  N27  C  7772  11020
28  N28  C  8352  10672
29  N29  C  9164  12876
30  N30  C  9744  12528
31  N31  C  8352  10324
32  N32  C  8236  11020
33  N33  C  8468  12876
34  N34  C  8700  14036
35  N35  T  8932  13688
36  N36  C  9048  13804
37  N37  T  8468  12296
38  N38  C  8352  12644
39  N39  C  8236  13572
40  N40  C  9164  13340
41  N41  T  8004  12760
42  N42  C  8584  13108
43  N43  C  7772  14732
44  N44  C  7540  15080

DEMANDES
15 34 ( 15 21 34 ) ( 15 28 16 34 )
23 42 ( 23 32 6 27 42 ) ( 23 0 10 42 )
6 36 ( 6 36 ) ( 6 5 4 36 )
44 9 ( 44 27 13 9 ) ( 44 28 23 22 9 )
43 13 ( 43 34 18 40 13 ) ( 43 12 15 13 )
36 3 ( 36 29 40 15 3 ) ( 36 2 0 3 )
20 2 ( 20 2 ) ( 20 40 38 11 2 )
24 16 ( 24 30 23 1 16 ) ( 24 19 32 16 )
12 33 ( 12 30 7 33 ) ( 12 19 39 33 )
14 10 ( 14 30 43 26 10 ) ( 14 29 38 10 )
19 36 ( 19 21 9 36 ) ( 19 42 6 39 36 )
28 19 ( 28 13 20 19 ) ( 28 10 19 )
12 25 ( 12 40 25 ) ( 12 4 25 )
5 22 ( 5 42 30 33 22 ) ( 5 16 13 10 22 )
26 10 ( 26 10 ) ( 26 5 7 33 10 )
3 42 ( 3 42 ) ( 3 7 10 42 )
32 29 ( 32 34 4 6 29 ) ( 32 23 3 29 )
3 9 ( 3 25 9 ) ( 3 34 2 7 9 )
40 5 ( 40 39 3 0 5 ) ( 40 26 5 )
7 36 ( 7 26 36 ) ( 7 20 30 36 )

EOF