DIMENSIONS
14 sommetsG2
12 sommetsG1
18 dem

SOMMETS
0  N0  C  41  49
1  N1  C  35  17
2  N2  C  55  45
3  N3  C  55  20
4  N4  C  15  30
5  N5  T  25  30
6  N6  C  20  50
7  N7  C  10  43
8  N8  C  55  60
9  N9  C  30  60
10  N10  C  20  65
11  N11  T  50  35
12  N12  C  30  25
13  N13  C  15  10

DEMANDES
10 12 ( 10 12 ) ( 10 3 7 12 )
6 8 ( 6 13 8 ) ( 6 12 10 8 )
1 8 ( 1 8 ) ( 1 2 8 )
1 13 ( 1 13 ) ( 1 8 4 13 )
8 7 ( 8 4 7 ) ( 8 10 12 3 7 )
4 12 ( 4 12 ) ( 4 7 1 2 12 )
9 12 ( 9 0 12 ) ( 9 6 12 )
0 3 ( 0 7 10 9 3 ) ( 0 6 13 8 3 )
4 9 ( 4 9 ) ( 4 12 3 9 )
9 13 ( 9 12 6 13 ) ( 9 3 2 13 )
12 8 ( 12 3 8 ) ( 12 4 6 8 )
3 2 ( 3 12 2 ) ( 3 1 6 2 )
10 13 ( 10 4 3 8 13 ) ( 10 2 1 0 13 )
7 2 ( 7 2 ) ( 7 10 9 13 2 )
8 10 ( 8 10 ) ( 8 7 10 )
1 0 ( 1 0 ) ( 1 8 10 0 )
0 2 ( 0 12 1 13 2 ) ( 0 8 2 )
2 12 ( 2 7 8 6 12 ) ( 2 9 1 12 )

EOF