DIMENSIONS
50 sommetsG2
45 sommetsG1
120 dem

SOMMETS
0  N0  C  41  49
1  N1  C  35  17
2  N2  C  55  45
3  N3  C  55  20
4  N4  C  15  30
5  N5  C  25  30
6  N6  C  20  50
7  N7  C  10  43
8  N8  C  55  60
9  N9  T  30  60
10  N10  C  20  65
11  N11  C  50  35
12  N12  C  30  25
13  N13  C  15  10
14  N14  C  30  5
15  N15  C  10  20
16  N16  C  5  30
17  N17  C  20  40
18  N18  C  15  60
19  N19  T  45  65
20  N20  C  45  20
21  N21  C  45  10
22  N22  C  55  5
23  N23  C  65  35
24  N24  C  65  20
25  N25  C  45  30
26  N26  C  35  40
27  N27  C  41  37
28  N28  C  64  42
29  N29  C  40  60
30  N30  C  31  52
31  N31  C  35  69
32  N32  C  53  52
33  N33  C  65  55
34  N34  C  63  65
35  N35  C  2  60
36  N36  C  20  20
37  N37  C  5  5
38  N38  C  60  12
39  N39  T  40  25
40  N40  C  42  7
41  N41  C  24  12
42  N42  T  23  3
43  N43  C  11  14
44  N44  C  6  38
45  N45  T  2  48
46  N46  C  8  56
47  N47  C  13  52
48  N48  C  6  68
49  N49  C  47  47

DEMANDES
16 38 ( 16 23 38 ) ( 16 31 18 38 )
25 47 ( 25 35 7 30 47 ) ( 25 0 12 47 )
6 40 ( 6 40 ) ( 6 5 49 40 )
10 25 ( 10 14 31 26 25 ) ( 10 24 48 25 )
14 38 ( 14 20 44 38 ) ( 14 17 40 3 38 )
47 26 ( 47 26 ) ( 47 33 26 )
44 17 ( 44 17 ) ( 44 22 17 )
3 11 ( 3 13 26 18 11 ) ( 3 38 25 33 11 )
26 1 ( 26 46 1 ) ( 26 36 14 31 1 )
17 34 ( 17 34 ) ( 17 44 41 34 )
16 11 ( 16 34 47 29 11 ) ( 16 32 21 11 )
46 40 ( 46 24 10 40 ) ( 46 47 7 44 40 )
32 21 ( 32 15 22 21 ) ( 32 11 21 )
13 27 ( 13 5 27 ) ( 13 6 27 )
24 38 ( 24 34 37 18 38 ) ( 24 14 11 29 38 )
12 7 ( 12 8 37 7 ) ( 12 3 7 )
47 2 ( 47 12 36 2 ) ( 47 32 2 )
48 31 ( 48 6 26 3 31 ) ( 48 10 31 )
23 40 ( 23 2 7 40 ) ( 23 49 10 44 40 )
6 49 ( 6 49 ) ( 6 3 0 46 49 )
29 8 ( 29 40 8 ) ( 29 17 27 28 8 )
22 34 ( 22 34 ) ( 22 37 15 34 )
49 28 ( 49 31 1 37 28 ) ( 49 41 46 43 28 )
41 48 ( 41 49 33 48 ) ( 41 24 8 44 48 )
3 32 ( 3 32 ) ( 3 11 35 32 )
15 16 ( 15 16 ) ( 15 31 16 )
11 32 ( 11 14 27 32 ) ( 11 35 5 23 32 )
29 47 ( 29 21 47 ) ( 29 0 17 47 )
29 41 ( 29 41 ) ( 29 24 15 35 41 )
31 2 ( 31 33 2 ) ( 31 17 30 36 2 )
16 37 ( 16 37 ) ( 16 34 32 12 37 )
26 4 ( 26 34 4 ) ( 26 5 18 28 4 )
29 33 ( 29 14 33 ) ( 29 16 49 0 33 )
41 16 ( 41 16 ) ( 41 47 38 16 )
34 6 ( 34 38 47 6 ) ( 34 43 10 6 )
27 14 ( 27 43 24 28 14 ) ( 27 8 13 23 14 )
24 14 ( 24 14 ) ( 24 36 6 30 14 )
24 41 ( 24 11 6 41 ) ( 24 18 41 )
16 46 ( 16 41 40 24 46 ) ( 16 32 30 46 )
3 5 ( 3 14 16 5 ) ( 3 4 21 5 )
46 29 ( 46 38 29 ) ( 46 24 7 29 )
44 31 ( 44 27 21 31 ) ( 44 41 31 )
12 16 ( 12 49 44 16 ) ( 12 6 20 16 )
0 38 ( 0 43 38 ) ( 0 36 38 )
2 22 ( 2 10 23 43 22 ) ( 2 4 15 32 22 )
5 29 ( 5 18 15 29 ) ( 5 44 23 29 )
8 30 ( 8 29 11 30 ) ( 8 41 3 30 )
4 46 ( 4 46 ) ( 4 11 41 46 )
14 17 ( 14 40 32 1 17 ) ( 14 12 38 17 )
31 41 ( 31 30 41 ) ( 31 5 41 )
33 35 ( 33 35 ) ( 33 15 21 35 )
11 26 ( 11 26 ) ( 11 0 15 26 )
36 13 ( 36 34 40 13 ) ( 36 15 32 13 )
0 26 ( 0 32 25 20 26 ) ( 0 18 35 26 )
40 33 ( 40 33 ) ( 40 3 33 )
34 30 ( 34 0 15 30 ) ( 34 13 32 30 )
17 33 ( 17 15 44 7 33 ) ( 17 25 41 33 )
43 27 ( 43 11 46 27 ) ( 43 24 40 29 27 )
32 49 ( 32 43 29 31 49 ) ( 32 37 49 )
38 13 ( 38 8 43 13 ) ( 38 33 20 13 )
30 29 ( 30 7 28 29 ) ( 30 1 35 29 )
25 41 ( 25 24 2 41 ) ( 25 40 41 )
31 22 ( 31 22 ) ( 31 12 20 22 )
0 35 ( 0 29 22 35 ) ( 0 23 49 2 35 )
29 11 ( 29 11 ) ( 29 46 36 11 )
23 21 ( 23 47 44 38 21 ) ( 23 16 26 10 21 )
23 47 ( 23 48 47 ) ( 23 22 38 12 47 )
38 48 ( 38 28 48 ) ( 38 27 31 48 )
23 18 ( 23 10 30 18 ) ( 23 43 5 32 18 )
29 2 ( 29 12 0 2 ) ( 29 17 46 2 )
30 38 ( 30 8 22 24 38 ) ( 30 31 48 7 38 )
14 44 ( 14 37 44 ) ( 14 23 13 47 44 )
6 43 ( 6 46 14 43 ) ( 6 8 10 31 43 )
8 6 ( 8 6 ) ( 8 0 5 23 6 )
32 5 ( 32 24 21 5 ) ( 32 14 5 )
12 28 ( 12 28 ) ( 12 21 28 )
40 37 ( 40 1 37 ) ( 40 26 10 33 37 )
34 16 ( 34 17 2 38 16 ) ( 34 40 15 16 )
37 14 ( 37 29 2 5 14 ) ( 37 7 14 )
12 6 ( 12 44 47 6 ) ( 12 2 6 )
46 23 ( 46 8 23 ) ( 46 29 40 23 )
46 26 ( 46 11 13 26 ) ( 46 31 0 17 26 )
10 26 ( 10 33 26 ) ( 10 32 26 )
22 13 ( 22 10 37 13 ) ( 22 12 13 )
34 0 ( 34 30 16 33 0 ) ( 34 26 12 3 0 )
25 44 ( 25 41 47 44 ) ( 25 36 17 44 )
17 2 ( 17 2 ) ( 17 24 2 )
14 35 ( 14 23 3 24 35 ) ( 14 46 2 35 )
4 12 ( 4 48 43 12 ) ( 4 8 23 12 )
37 38 ( 37 38 ) ( 37 36 46 38 )
4 47 ( 4 47 ) ( 4 11 47 )
40 4 ( 40 8 46 4 ) ( 40 38 4 )
4 49 ( 4 34 22 21 49 ) ( 4 32 16 49 )
30 6 ( 30 6 ) ( 30 32 5 6 )
44 29 ( 44 29 ) ( 44 26 15 47 29 )
38 6 ( 38 6 ) ( 38 10 22 6 )
8 15 ( 8 32 15 ) ( 8 6 15 )
23 4 ( 23 34 43 3 4 ) ( 23 2 26 8 4 )
46 5 ( 46 31 5 ) ( 46 35 26 5 )
20 41 ( 20 11 18 41 ) ( 20 4 40 37 41 )
46 41 ( 46 25 31 41 ) ( 46 28 33 41 )
1 37 ( 1 7 38 37 ) ( 1 36 37 )
33 15 ( 33 15 ) ( 33 5 23 13 15 )
14 32 ( 14 25 38 46 32 ) ( 14 7 32 )
14 28 ( 14 11 33 28 ) ( 14 31 41 40 28 )
38 1 ( 38 14 3 1 ) ( 38 44 8 1 )
8 17 ( 8 32 17 ) ( 8 5 16 17 )
43 30 ( 43 30 ) ( 43 37 18 13 30 )
29 3 ( 29 44 33 23 3 ) ( 29 14 11 3 )
15 6 ( 15 24 14 6 ) ( 15 0 40 6 )
32 34 ( 32 34 ) ( 32 47 34 )
38 5 ( 38 49 26 33 5 ) ( 38 23 5 )
41 44 ( 41 7 33 44 ) ( 41 16 17 44 )
26 22 ( 26 23 27 22 ) ( 26 0 13 34 22 )
22 11 ( 22 17 25 11 ) ( 22 21 11 )
43 49 ( 43 17 21 49 ) ( 43 34 49 )
7 21 ( 7 21 ) ( 7 48 5 21 )
43 7 ( 43 22 26 37 7 ) ( 43 48 7 )
1 2 ( 1 20 10 38 2 ) ( 1 31 3 23 2 )
20 22 ( 20 28 10 22 ) ( 20 40 33 3 22 )

EOF