DIMENSIONS
95 sommetsG2
90 sommetsG1
140 dem

SOMMETS
0  N0  C  41  49
1  N1  C  35  17
2  N2  C  55  45
3  N3  C  55  20
4  N4  C  15  30
5  N5  C  25  30
6  N6  C  20  50
7  N7  C  10  43
8  N8  C  55  60
9  N9  C  30  60
10  N10  C  20  65
11  N11  C  50  35
12  N12  C  30  25
13  N13  C  15  10
14  N14  C  30  5
15  N15  C  10  20
16  N16  C  5  30
17  N17  C  20  40
18  N18  C  15  60
19  N19  C  45  65
20  N20  C  45  20
21  N21  C  45  10
22  N22  C  55  5
23  N23  C  65  35
24  N24  C  65  20
25  N25  C  45  30
26  N26  C  35  40
27  N27  C  41  37
28  N28  C  64  42
29  N29  C  40  60
30  N30  C  31  52
31  N31  C  35  69
32  N32  C  53  52
33  N33  C  65  55
34  N34  C  63  65
35  N35  C  2  60
36  N36  C  20  20
37  N37  T  5  5
38  N38  C  60  12
39  N39  C  40  25
40  N40  C  42  7
41  N41  C  24  12
42  N42  C  23  3
43  N43  C  11  14
44  N44  C  6  38
45  N45  C  2  48
46  N46  C  8  56
47  N47  C  13  52
48  N48  C  6  68
49  N49  C  47  47
50  N50  C  49  58
51  N51  C  27  43
52  N52  C  37  31
53  N53  C  57  29
54  N54  C  63  23
55  N55  C  53  12
56  N56  C  32  12
57  N57  C  36  26
58  N58  C  21  24
59  N59  C  17  34
60  N60  C  12  24
61  N61  C  24  58
62  N62  C  27  69
63  N63  C  15  77
64  N64  C  62  77
65  N65  C  49  73
66  N66  C  67  5
67  N67  C  56  39
68  N68  C  37  47
69  N69  C  37  56
70  N70  C  57  68
71  N71  C  47  16
72  N72  C  44  17
73  N73  C  46  13
74  N74  T  49  11
75  N75  T  49  42
76  N76  C  53  43
77  N77  C  61  52
78  N78  C  57  48
79  N79  T  56  37
80  N80  C  55  54
81  N81  C  15  47
82  N82  C  14  37
83  N83  C  11  31
84  N84  C  16  22
85  N85  C  4  18
86  N86  T  28  18
87  N87  C  26  52
88  N88  C  26  35
89  N89  C  31  67
90  N90  C  15  19
91  N91  C  22  22
92  N92  C  18  24
93  N93  C  26  27
94  N94  C  25  24

DEMANDES
18 31 ( 18 52 45 59 31 ) ( 18 34 31 )
48 90 ( 48 68 13 57 90 ) ( 48 1 23 90 )
13 76 ( 13 76 ) ( 13 12 10 76 )
94 20 ( 94 58 28 20 ) ( 94 60 49 46 20 )
92 27 ( 92 73 38 84 27 ) ( 92 26 33 27 )
76 87 ( 76 87 ) ( 76 49 8 18 87 )
63 84 ( 63 1 84 ) ( 63 43 84 )
5 22 ( 5 80 25 51 22 ) ( 5 35 72 48 22 )
63 50 ( 63 50 ) ( 63 88 68 50 )
27 70 ( 27 65 15 70 ) ( 27 41 83 70 )
78 31 ( 78 31 ) ( 78 33 65 90 31 )
55 62 ( 55 87 77 65 62 ) ( 55 45 20 62 )
90 87 ( 90 87 ) ( 90 60 41 58 87 )
26 29 ( 26 17 29 ) ( 26 52 29 )
39 16 ( 39 11 47 72 16 ) ( 39 93 16 )
88 65 ( 88 35 65 ) ( 88 27 22 55 65 )
23 14 ( 23 15 70 14 ) ( 23 7 14 )
90 4 ( 90 22 69 4 ) ( 90 62 4 )
91 60 ( 91 12 49 7 60 ) ( 91 6 60 )
19 43 ( 19 71 4 14 43 ) ( 19 94 84 43 )
11 94 ( 11 94 ) ( 11 6 0 87 94 )
56 17 ( 56 17 ) ( 56 77 34 17 )
52 55 ( 52 9 55 ) ( 52 50 71 28 55 )
94 54 ( 94 59 3 71 54 ) ( 94 87 82 78 54 )
93 70 ( 93 63 47 15 70 ) ( 93 78 84 7 70 )
61 23 ( 61 66 30 23 ) ( 61 31 23 )
21 7 ( 21 61 48 7 ) ( 21 92 7 )
26 51 ( 26 44 56 51 ) ( 26 89 51 )
42 31 ( 42 0 32 56 31 ) ( 42 22 64 31 )
45 28 ( 45 59 3 28 ) ( 45 39 28 )
66 64 ( 66 17 57 64 ) ( 66 59 69 64 )
31 70 ( 31 70 ) ( 31 65 62 24 70 )
50 8 ( 50 65 8 ) ( 50 10 34 54 8 )
56 63 ( 56 27 63 ) ( 56 31 18 93 63 )
0 78 ( 0 41 78 ) ( 0 91 78 )
87 72 ( 87 65 36 72 ) ( 87 73 72 )
89 87 ( 89 52 28 85 87 ) ( 89 83 87 )
47 54 ( 47 54 ) ( 47 82 54 )
46 44 ( 46 27 17 64 44 ) ( 46 69 13 44 )
57 46 ( 57 16 21 47 46 ) ( 57 11 13 34 46 )
30 88 ( 30 77 47 31 88 ) ( 30 62 57 88 )
24 14 ( 24 14 ) ( 24 61 14 )
34 27 ( 34 40 27 ) ( 34 88 27 )
55 25 ( 55 46 14 25 ) ( 55 83 59 49 25 )
19 52 ( 19 23 52 ) ( 19 30 69 60 52 )
93 32 ( 93 39 0 73 32 ) ( 93 27 32 )
10 82 ( 10 42 93 82 ) ( 10 67 82 )
20 45 ( 20 9 36 28 45 ) ( 20 62 45 )
76 12 ( 76 12 ) ( 76 43 12 )
65 42 ( 65 42 ) ( 65 54 50 42 )
56 34 ( 56 45 34 ) ( 56 16 57 49 34 )
58 56 ( 58 56 ) ( 58 6 9 87 56 )
16 45 ( 16 45 ) ( 16 27 33 83 45 )
32 77 ( 32 24 73 77 ) ( 32 59 77 )
29 20 ( 29 20 ) ( 29 10 64 20 )
68 19 ( 68 41 19 ) ( 68 21 19 )
36 50 ( 36 50 ) ( 36 1 29 50 )
70 24 ( 70 87 65 24 ) ( 70 76 66 24 )
29 61 ( 29 61 ) ( 29 80 58 61 )
61 49 ( 61 68 49 ) ( 61 76 64 49 )
14 3 ( 14 3 ) ( 14 17 58 66 3 )
53 0 ( 53 0 ) ( 53 24 0 )
62 81 ( 62 81 ) ( 62 63 83 81 )
62 29 ( 62 14 47 78 29 ) ( 62 64 29 )
85 18 ( 85 82 18 ) ( 85 52 70 88 18 )
22 88 ( 22 46 52 88 ) ( 22 89 77 56 88 )
62 94 ( 62 83 55 60 94 ) ( 62 72 94 )
73 24 ( 73 15 82 24 ) ( 73 63 39 24 )
61 51 ( 61 51 ) ( 61 3 66 51 )
49 48 ( 49 48 ) ( 49 4 77 48 )
36 60 ( 36 39 60 ) ( 36 23 60 )
38 1 ( 38 77 55 1 ) ( 38 42 45 1 )
94 5 ( 94 5 ) ( 94 56 21 5 )
20 59 ( 20 43 41 80 59 ) ( 20 90 85 72 59 )
31 50 ( 31 50 ) ( 31 90 44 50 )
84 91 ( 84 91 ) ( 84 72 85 91 )
24 72 ( 24 38 53 52 72 ) ( 24 59 72 )
18 45 ( 18 87 45 ) ( 18 20 57 45 )
35 18 ( 35 64 56 18 ) ( 35 5 53 18 )
53 23 ( 53 23 ) ( 53 0 87 23 )
57 73 ( 57 16 42 46 73 ) ( 57 60 91 14 73 )
27 83 ( 27 71 83 ) ( 27 45 25 89 83 )
11 82 ( 11 87 17 82 ) ( 11 26 15 19 82 )
59 16 ( 59 16 ) ( 59 89 16 )
1 15 ( 1 15 ) ( 1 61 9 15 )
58 6 ( 58 41 6 ) ( 58 27 23 6 )
53 18 ( 53 18 ) ( 53 77 71 18 )
33 94 ( 33 94 ) ( 33 19 62 94 )
66 31 ( 66 32 4 72 31 ) ( 66 76 64 31 )
85 29 ( 85 76 17 56 29 ) ( 85 5 29 )
9 14 ( 9 14 ) ( 9 55 14 )
5 84 ( 5 87 44 24 84 ) ( 5 55 84 )
16 55 ( 16 87 55 ) ( 16 50 69 21 55 )
25 60 ( 25 88 33 60 ) ( 25 19 60 )
49 38 ( 49 61 38 ) ( 49 42 25 66 38 )
31 20 ( 31 64 1 80 20 ) ( 31 57 20 )
30 63 ( 30 23 24 63 ) ( 30 6 48 84 63 )
58 50 ( 58 69 32 34 50 ) ( 58 4 2 0 50 )
46 27 ( 46 48 44 27 ) ( 46 7 18 45 27 )
87 4 ( 87 4 ) ( 87 67 4 )
58 8 ( 58 15 45 71 8 ) ( 58 73 0 54 8 )
69 70 ( 69 89 9 26 70 ) ( 69 22 70 )
76 9 ( 76 16 89 9 ) ( 76 72 9 )
9 93 ( 9 65 43 41 93 ) ( 9 62 30 93 )
57 12 ( 57 12 ) ( 57 13 62 12 )
10 83 ( 10 63 50 83 ) ( 10 29 83 )
89 72 ( 89 72 ) ( 89 48 72 )
20 43 ( 20 43 ) ( 20 41 43 )
0 61 ( 0 61 ) ( 0 7 65 61 )
82 5 ( 82 5 ) ( 82 16 88 5 )
10 36 ( 10 66 51 36 ) ( 10 38 78 36 )
54 87 ( 54 87 ) ( 54 35 36 9 87 )
76 36 ( 76 80 78 36 ) ( 76 67 60 49 36 )
59 47 ( 59 2 71 47 ) ( 59 56 13 18 47 )
73 80 ( 73 63 29 80 ) ( 73 10 80 )
84 9 ( 84 18 9 ) ( 84 27 9 )
62 89 ( 62 89 ) ( 62 73 88 89 )
13 27 ( 13 82 22 27 ) ( 13 64 59 27 )
77 73 ( 77 73 ) ( 77 58 72 73 )
73 27 ( 73 27 ) ( 73 16 17 34 27 )
42 35 ( 42 30 82 35 ) ( 42 57 35 )
71 34 ( 71 56 34 ) ( 71 6 34 )
85 41 ( 85 43 44 27 41 ) ( 85 21 23 54 41 )
28 11 ( 28 46 18 11 ) ( 28 81 12 11 )
27 17 ( 27 17 ) ( 27 76 61 65 17 )
16 4 ( 16 10 81 19 4 ) ( 16 94 50 63 4 )
44 78 ( 44 38 18 14 78 ) ( 44 63 30 32 78 )
50 43 ( 50 51 0 43 ) ( 50 25 18 65 43 )
42 22 ( 42 33 48 22 ) ( 42 40 22 )
32 4 ( 32 4 ) ( 32 83 93 49 4 )
34 41 ( 34 36 13 40 41 ) ( 34 9 57 91 41 )
15 76 ( 15 43 76 ) ( 15 50 70 76 )
92 91 ( 92 91 ) ( 92 5 91 )
85 3 ( 85 20 3 ) ( 85 73 3 )
59 6 ( 59 43 6 ) ( 59 57 53 6 )
19 76 ( 19 91 45 76 ) ( 19 36 76 )
34 88 ( 34 85 83 18 88 ) ( 34 87 88 )
88 8 ( 88 48 0 17 8 ) ( 88 27 59 24 8 )
71 3 ( 71 82 27 3 ) ( 71 52 64 3 )
90 59 ( 90 0 94 59 ) ( 90 34 87 59 )

EOF