DIMENSIONS
35 sommetsG2
30 sommetsG1
14 dem

SOMMETS
0  N0  C  63  71
1  N1  C  94  71
2  N2  C  142  370
3  N3  C  173  1276
4  N4  C  205  1213
5  N5  C  213  69
6  N6  T  244  69
7  N7  C  276  630
8  N8  C  283  732
9  N9  C  362  69
10  N10  C  394  69
11  N11  C  449  370
12  N12  C  480  1276
13  N13  T  512  1213
14  N14  C  528  157
15  N15  C  583  630
16  N16  C  591  732
17  N17  C  638  654
18  N18  C  638  496
19  N19  C  638  314
20  N20  C  638  142
21  N21  C  669  142
22  N22  C  677  315
23  N23  C  677  496
24  N24  C  677  654
25  N25  C  709  654
26  N26  C  709  496
27  N27  T  709  315
28  N28  C  701  142
29  N29  T  764  220
30  N30  C  811  189
31  N31  T  843  173
32  N32  C  858  370
33  N33  C  890  1276
34  N34  C  921  1213

DEMANDES
11 26 ( 11 16 26 ) ( 11 22 12 26 )
17 33 ( 17 25 4 21 33 ) ( 17 0 8 33 )
4 28 ( 4 28 ) ( 4 3 34 28 )
7 17 ( 7 10 22 18 17 ) ( 7 34 26 17 )
18 26 ( 18 9 26 ) ( 18 12 28 32 26 )
2 33 ( 2 23 12 33 ) ( 2 0 33 )
16 2 ( 16 2 ) ( 16 9 18 26 2 )
17 23 ( 17 15 32 23 ) ( 17 25 23 )
9 25 ( 9 24 5 25 ) ( 9 15 30 25 )
11 8 ( 11 24 33 20 8 ) ( 11 23 30 8 )
15 32 ( 15 23 32 ) ( 15 16 7 33 32 )
32 5 ( 32 15 21 9 5 ) ( 32 10 7 5 )
9 19 ( 9 3 19 ) ( 9 4 19 )
17 26 ( 17 23 12 10 26 ) ( 17 8 20 5 26 )

EOF