DIMENSIONS
30 sommetsG2
25 sommetsG1
30 dem

SOMMETS
0  N0  C  63  71
1  N1  C  94  71
2  N2  C  142  370
3  N3  C  173  1276
4  N4  C  205  1213
5  N5  T  213  69
6  N6  C  244  69
7  N7  C  276  630
8  N8  C  283  732
9  N9  C  362  69
10  N10  C  394  69
11  N11  T  449  370
12  N12  C  480  1276
13  N13  C  512  1213
14  N14  C  528  157
15  N15  C  583  630
16  N16  C  591  732
17  N17  C  638  654
18  N18  C  638  496
19  N19  C  638  314
20  N20  C  638  142
21  N21  C  669  142
22  N22  C  677  315
23  N23  T  677  496
24  N24  C  677  654
25  N25  T  709  654
26  N26  C  709  496
27  N27  T  709  315
28  N28  C  701  142
29  N29  C  764  220

DEMANDES
10 8 ( 10 18 15 8 ) ( 10 28 19 8 )
21 4 ( 21 7 24 4 ) ( 21 12 4 )
3 29 ( 3 29 ) ( 3 18 8 29 )
19 15 ( 19 8 15 ) ( 19 12 26 10 15 )
24 2 ( 24 19 26 10 2 ) ( 24 1 0 2 )
13 1 ( 13 1 ) ( 13 7 16 22 1 )
15 20 ( 15 13 21 20 ) ( 15 8 20 )
22 19 ( 22 4 19 ) ( 22 13 26 24 19 )
9 6 ( 9 20 28 17 6 ) ( 9 19 13 6 )
24 20 ( 24 6 28 4 20 ) ( 24 26 19 20 )
12 18 ( 12 9 18 ) ( 12 13 6 8 18 )
16 12 ( 16 12 ) ( 16 3 14 22 12 )
29 28 ( 29 22 8 28 ) ( 29 6 17 28 )
7 4 ( 7 22 2 4 ) ( 7 28 4 )
1 15 ( 1 15 ) ( 1 21 15 )
19 29 ( 19 2 4 29 ) ( 19 15 6 13 29 )
24 17 ( 24 4 29 6 17 ) ( 24 26 17 )
1 26 ( 1 26 ) ( 1 17 26 )
4 24 ( 4 17 24 ) ( 4 13 20 24 )
2 15 ( 2 29 17 26 15 ) ( 2 22 15 )
18 1 ( 18 26 24 1 ) ( 18 29 22 20 1 )
14 4 ( 14 2 19 7 4 ) ( 14 18 6 21 4 )
2 18 ( 2 18 ) ( 2 15 29 18 )
8 16 ( 8 14 17 16 ) ( 8 28 16 )
13 10 ( 13 0 17 24 10 ) ( 13 7 20 10 )
14 9 ( 14 18 1 9 ) ( 14 12 9 )
20 19 ( 20 18 19 ) ( 20 21 19 )
9 22 ( 9 22 ) ( 9 20 19 7 22 )
7 26 ( 7 3 10 26 ) ( 7 17 26 )
17 19 ( 17 8 19 ) ( 17 9 29 0 19 )

EOF