DIMENSIONS
18 sommetsG2
16 sommetsG1
18 dem

SOMMETS
0  N0  C  155.42  150.65
1  N1  C  375.92  164.65
2  N2  C  183.92  150.65
3  N3  C  205.42  150.65
4  N4  C  205.42  171.65
5  N5  C  226.42  171.65
6  N6  C  226.42  186.15
7  N7  T  226.42  207.15
8  N8  C  226.42  235.65
9  N9  C  226.42  264.15
10  N10  C  226.42  292.65
11  N11  C  226.42  314.15
12  N12  C  226.42  335.65
13  N13  C  205.42  335.65
14  N14  C  190.92  335.65
15  N15  T  190.92  328.15
16  N16  C  176.92  328.15
17  N17  C  176.92  299.65

DEMANDES
14 16 ( 14 16 ) ( 14 13 4 16 )
9 8 ( 9 17 16 8 ) ( 9 11 12 8 )
2 10 ( 2 10 ) ( 2 14 10 )
2 1 ( 2 9 11 5 1 ) ( 2 8 1 )
17 5 ( 17 13 16 6 5 ) ( 17 14 1 5 )
17 9 ( 17 9 ) ( 17 11 9 )
16 6 ( 16 6 ) ( 16 8 6 )
1 4 ( 1 9 6 13 4 ) ( 1 12 0 16 4 )
16 12 ( 16 11 12 ) ( 16 6 2 14 12 )
5 4 ( 5 12 17 10 4 ) ( 5 11 16 4 )
14 12 ( 14 3 17 16 12 ) ( 14 2 11 12 )
11 5 ( 11 8 4 3 5 ) ( 11 10 5 )
3 16 ( 3 16 ) ( 3 8 16 )
13 17 ( 13 6 5 4 17 ) ( 13 10 2 14 17 )
2 13 ( 2 13 ) ( 2 0 9 3 13 )
4 14 ( 4 17 11 14 ) ( 4 13 1 14 )
2 9 ( 2 9 ) ( 2 3 9 )
8 14 ( 8 0 2 14 ) ( 8 17 3 16 14 )

EOF