DIMENSIONS
12 sommetsG2
10 sommetsG1
25 dem

SOMMETS
0  N0  C  155.42  150.65
1  N1  C  375.92  164.65
2  N2  C  183.92  150.65
3  N3  C  205.42  150.65
4  N4  T  205.42  171.65
5  N5  C  226.42  171.65
6  N6  C  226.42  186.15
7  N7  C  226.42  207.15
8  N8  C  226.42  235.65
9  N9  C  226.42  264.15
10  N10  T  226.42  292.65
11  N11  C  226.42  314.15

DEMANDES
9 2 ( 9 3 2 ) ( 9 6 5 7 2 )
6 11 ( 6 8 1 7 11 ) ( 6 0 2 11 )
1 9 ( 1 9 ) ( 1 11 2 9 )
6 7 ( 6 5 7 ) ( 6 11 3 7 )
9 6 ( 9 3 11 0 6 ) ( 9 1 2 6 )
7 0 ( 7 0 ) ( 7 2 11 0 )
3 6 ( 3 8 6 ) ( 3 0 5 11 6 )
11 8 ( 11 7 8 ) ( 11 1 5 9 8 )
3 2 ( 3 8 11 7 2 ) ( 3 5 9 2 )
8 5 ( 8 5 ) ( 8 11 1 7 5 )
5 7 ( 5 3 7 ) ( 5 2 6 1 7 )
1 5 ( 1 11 8 3 5 ) ( 1 2 7 9 5 )
1 8 ( 1 8 ) ( 1 0 6 2 8 )
8 7 ( 8 9 1 6 7 ) ( 8 0 2 7 )
5 9 ( 5 0 1 9 ) ( 5 11 2 7 9 )
2 1 ( 2 9 1 ) ( 2 6 5 8 1 )
1 6 ( 1 11 8 7 6 ) ( 1 0 6 )
8 9 ( 8 11 5 1 9 ) ( 8 0 7 2 9 )
7 2 ( 7 3 0 2 ) ( 7 6 2 )
11 3 ( 11 1 5 3 ) ( 11 7 0 9 3 )
2 8 ( 2 3 8 ) ( 2 7 0 8 )
3 8 ( 3 8 ) ( 3 7 6 1 8 )
7 3 ( 7 2 11 0 3 ) ( 7 9 3 )
5 11 ( 5 8 1 9 11 ) ( 5 2 6 3 11 )
5 6 ( 5 6 ) ( 5 3 6 )

EOF