DIMENSIONS
100 sommetsG2
95 sommetsG1
35 dem

SOMMETS
0  N0  C  155.42  150.65
1  N1  C  375.92  164.65
2  N2  C  183.92  150.65
3  N3  C  205.42  150.65
4  N4  C  205.42  171.65
5  N5  C  226.42  171.65
6  N6  C  226.42  186.15
7  N7  C  226.42  207.15
8  N8  C  226.42  235.65
9  N9  C  226.42  264.15
10  N10  C  226.42  292.65
11  N11  C  226.42  314.15
12  N12  C  226.42  335.65
13  N13  C  205.42  335.65
14  N14  C  190.92  335.65
15  N15  C  190.92  328.15
16  N16  C  176.92  328.15
17  N17  C  176.92  299.65
18  N18  C  155.42  299.65
19  N19  C  155.42  328.15
20  N20  C  155.42  356.65
21  N21  C  183.92  356.65
22  N22  C  219.42  356.65
23  N23  C  240.92  356.65
24  N24  C  269.42  356.65
25  N25  C  290.42  356.65
26  N26  C  387.42  136.15
27  N27  C  318.92  356.65
28  N28  C  318.92  335.65
29  N29  C  318.92  328.15
30  N30  C  318.92  299.65
31  N31  C  297.92  299.65
32  N32  C  290.42  328.15
33  N33  C  290.42  335.65
34  N34  C  297.92  328.15
35  N35  C  254.92  335.65
36  N36  C  254.92  314.15
37  N37  C  254.92  292.65
38  N38  C  254.92  271.65
39  N39  T  254.92  243.15
40  N40  C  254.92  221.65
41  N41  C  254.92  193.15
42  N42  C  254.92  171.65
43  N43  C  276.42  171.65
44  N44  C  296.42  150.65
45  N45  C  276.42  150.65
46  N46  C  375.92  150.65
47  N47  C  308.92  150.65
48  N48  C  354.92  164.65
49  N49  C  338.42  174.65
50  N50  C  354.92  174.65
51  N51  C  338.42  200.15
52  N52  C  338.42  221.65
53  N53  C  354.92  221.65
54  N54  C  354.92  200.15
55  N55  C  361.92  200.15
56  N56  C  361.92  186.15
57  N57  C  383.42  186.15
58  N58  C  383.42  179.15
59  N59  C  404.42  179.15
60  N60  C  404.42  186.15
61  N61  C  418.92  186.15
62  N62  C  418.92  200.15
63  N63  C  432.92  200.15
64  N64  C  432.92  221.65
65  N65  C  418.92  221.65
66  N66  C  418.92  235.65
67  N67  C  397.42  235.65
68  N68  C  397.42  243.15
69  N69  C  375.92  243.15
70  N70  C  375.92  257.15
71  N71  C  368.92  257.15
72  N72  C  368.92  264.15
73  N73  C  347.42  264.15
74  N74  C  347.42  278.65
75  N75  C  336.42  278.65
76  N76  C  336.42  328.15
77  N77  C  347.42  328.15
78  N78  T  347.42  342.65
79  N79  T  368.92  342.65
80  N80  C  368.92  353.65
81  N81  C  418.92  353.65
82  N82  C  418.92  342.65
83  N83  C  432.92  342.65
84  N84  T  432.92  356.65
85  N85  C  447.42  356.65
86  N86  C  447.42  321.15
87  N87  C  447.42  292.65
88  N88  C  432.92  292.65
89  N89  C  432.92  314.15
90  N90  C  418.92  314.15
91  N91  T  418.92  321.15
92  N92  C  397.42  321.15
93  N93  C  397.42  333.65
94  N94  C  375.92  333.65
95  N95  C  375.92  321.15
96  N96  C  361.92  321.15
97  N97  C  361.92  299.65
98  N98  C  375.92  299.65
99  N99  C  375.92  285.65

DEMANDES
19 33 ( 19 55 47 62 33 ) ( 19 36 33 )
51 95 ( 51 71 14 60 95 ) ( 51 1 24 95 )
13 80 ( 13 80 ) ( 13 12 10 80 )
99 21 ( 99 61 29 21 ) ( 99 63 52 49 21 )
97 29 ( 97 76 40 89 29 ) ( 97 28 35 29 )
80 6 ( 80 8 19 66 6 ) ( 80 89 34 6 )
6 2 ( 6 23 2 ) ( 6 97 2 )
90 85 ( 90 37 85 ) ( 90 76 51 85 )
66 53 ( 66 53 ) ( 66 93 72 53 )
28 73 ( 28 68 16 73 ) ( 28 44 88 73 )
82 33 ( 82 33 ) ( 82 35 68 95 33 )
58 65 ( 58 92 81 68 65 ) ( 58 48 21 65 )
95 92 ( 95 92 ) ( 95 64 43 61 92 )
28 30 ( 28 18 30 ) ( 28 27 30 )
55 41 ( 55 41 ) ( 55 10 12 49 41 )
76 98 ( 76 38 74 36 98 ) ( 76 29 23 58 98 )
24 15 ( 24 16 74 15 ) ( 24 7 15 )
95 5 ( 95 24 73 5 ) ( 95 65 5 )
96 63 ( 96 13 52 7 63 ) ( 96 6 63 )
20 46 ( 20 75 5 15 46 ) ( 20 99 88 46 )
12 99 ( 12 99 ) ( 12 7 0 92 99 )
59 18 ( 59 18 ) ( 59 81 35 18 )
55 57 ( 55 9 57 ) ( 55 53 75 30 57 )
99 57 ( 99 62 3 74 57 ) ( 99 83 92 87 57 )
83 97 ( 83 98 66 97 ) ( 83 49 16 88 97 )
7 64 ( 7 64 ) ( 7 22 70 64 )
31 32 ( 31 32 ) ( 31 63 32 )
22 65 ( 22 28 54 65 ) ( 22 71 11 47 65 )
59 94 ( 59 43 94 ) ( 59 0 34 94 )
59 83 ( 59 83 ) ( 59 48 30 71 83 )
18 62 ( 18 62 ) ( 18 69 67 62 )
63 34 ( 63 34 ) ( 63 62 73 34 )
32 74 ( 32 74 ) ( 32 68 65 25 74 )
53 8 ( 53 68 8 ) ( 53 9 11 36 8 )
57 59 ( 57 77 28 59 ) ( 57 32 59 )

EOF