DIMENSIONS
80 sommetsG2
75 sommetsG1
150 dem

SOMMETS
0  N0  C  155.42  150.65
1  N1  C  375.92  164.65
2  N2  C  183.92  150.65
3  N3  C  205.42  150.65
4  N4  C  205.42  171.65
5  N5  C  226.42  171.65
6  N6  C  226.42  186.15
7  N7  C  226.42  207.15
8  N8  C  226.42  235.65
9  N9  C  226.42  264.15
10  N10  C  226.42  292.65
11  N11  C  226.42  314.15
12  N12  C  226.42  335.65
13  N13  C  205.42  335.65
14  N14  C  190.92  335.65
15  N15  C  190.92  328.15
16  N16  C  176.92  328.15
17  N17  C  176.92  299.65
18  N18  C  155.42  299.65
19  N19  C  155.42  328.15
20  N20  C  155.42  356.65
21  N21  C  183.92  356.65
22  N22  C  219.42  356.65
23  N23  C  240.92  356.65
24  N24  C  269.42  356.65
25  N25  C  290.42  356.65
26  N26  C  387.42  136.15
27  N27  C  318.92  356.65
28  N28  C  318.92  335.65
29  N29  C  318.92  328.15
30  N30  C  318.92  299.65
31  N31  T  297.92  299.65
32  N32  C  290.42  328.15
33  N33  C  290.42  335.65
34  N34  C  297.92  328.15
35  N35  C  254.92  335.65
36  N36  C  254.92  314.15
37  N37  C  254.92  292.65
38  N38  C  254.92  271.65
39  N39  C  254.92  243.15
40  N40  C  254.92  221.65
41  N41  C  254.92  193.15
42  N42  C  254.92  171.65
43  N43  C  276.42  171.65
44  N44  C  296.42  150.65
45  N45  C  276.42  150.65
46  N46  C  375.92  150.65
47  N47  C  308.92  150.65
48  N48  C  354.92  164.65
49  N49  C  338.42  174.65
50  N50  C  354.92  174.65
51  N51  C  338.42  200.15
52  N52  C  338.42  221.65
53  N53  C  354.92  221.65
54  N54  C  354.92  200.15
55  N55  C  361.92  200.15
56  N56  C  361.92  186.15
57  N57  C  383.42  186.15
58  N58  C  383.42  179.15
59  N59  C  404.42  179.15
60  N60  C  404.42  186.15
61  N61  C  418.92  186.15
62  N62  T  418.92  200.15
63  N63  T  432.92  200.15
64  N64  C  432.92  221.65
65  N65  C  418.92  221.65
66  N66  C  418.92  235.65
67  N67  T  397.42  235.65
68  N68  C  397.42  243.15
69  N69  C  375.92  243.15
70  N70  C  375.92  257.15
71  N71  C  368.92  257.15
72  N72  T  368.92  264.15
73  N73  C  347.42  264.15
74  N74  C  347.42  278.65
75  N75  C  336.42  278.65
76  N76  C  336.42  328.15
77  N77  C  347.42  328.15
78  N78  C  347.42  342.65
79  N79  C  368.92  342.65

DEMANDES
15 26 ( 15 44 38 50 26 ) ( 15 29 26 )
41 76 ( 41 57 11 48 76 ) ( 41 1 19 76 )
10 64 ( 10 64 ) ( 10 8 79 64 )
17 41 ( 17 23 51 39 41 ) ( 17 77 61 41 )
42 61 ( 42 22 61 ) ( 42 28 64 73 61 )
5 75 ( 5 15 53 75 ) ( 5 71 75 )
27 5 ( 27 5 ) ( 27 19 77 5 )
68 21 ( 68 60 41 21 ) ( 68 53 42 21 )
3 35 ( 3 57 22 59 35 ) ( 3 51 28 55 35 )
13 35 ( 13 26 18 71 35 ) ( 13 28 54 76 35 )
47 52 ( 47 73 65 54 52 ) ( 47 38 17 52 )
76 73 ( 76 73 ) ( 76 51 34 49 73 )
22 24 ( 22 15 24 ) ( 22 44 24 )
33 13 ( 33 10 39 60 13 ) ( 33 78 13 )
74 54 ( 74 29 54 ) ( 74 23 18 46 54 )
19 12 ( 19 13 59 12 ) ( 19 5 12 )
76 4 ( 76 19 58 4 ) ( 76 52 4 )
77 51 ( 77 10 41 6 51 ) ( 77 5 51 )
16 36 ( 16 60 4 12 36 ) ( 16 79 71 36 )
10 79 ( 10 79 ) ( 10 5 0 73 79 )
47 14 ( 47 14 ) ( 47 73 65 14 )
28 44 ( 28 54 7 44 ) ( 28 42 60 44 )
24 79 ( 24 59 50 79 ) ( 24 2 66 74 79 )
69 66 ( 69 78 53 39 66 ) ( 69 13 71 6 66 )
51 19 ( 51 56 25 19 ) ( 51 26 19 )
18 5 ( 18 52 40 5 ) ( 18 77 5 )
22 43 ( 22 37 47 43 ) ( 22 75 43 )
36 26 ( 36 0 27 47 26 ) ( 36 66 18 26 )
54 38 ( 54 56 38 ) ( 54 14 38 )
49 3 ( 49 53 3 ) ( 49 51 27 14 3 )
48 50 ( 48 59 16 50 ) ( 48 73 50 )
54 52 ( 54 7 52 ) ( 54 20 70 52 )
54 7 ( 54 7 ) ( 54 46 47 7 )
53 23 ( 53 26 15 78 23 ) ( 53 0 23 )
66 26 ( 66 26 ) ( 66 76 73 26 )
61 55 ( 61 55 ) ( 61 30 75 73 55 )
68 16 ( 68 23 69 39 16 ) ( 68 46 13 16 )
21 69 ( 21 39 69 ) ( 21 23 14 69 )
54 58 ( 54 58 ) ( 54 39 57 58 )
14 17 ( 14 11 17 ) ( 14 28 17 )
25 74 ( 25 66 65 39 74 ) ( 25 26 52 74 )
48 20 ( 48 20 ) ( 48 8 20 )
51 29 ( 51 7 29 ) ( 51 34 29 )
74 46 ( 74 60 46 ) ( 74 38 12 46 )
70 50 ( 70 44 34 50 ) ( 70 66 50 )
19 26 ( 19 78 27 26 ) ( 19 71 10 26 )
32 0 ( 32 23 9 69 0 ) ( 32 57 3 35 0 )
78 56 ( 78 56 ) ( 78 69 7 56 )
7 30 ( 7 64 30 ) ( 7 10 4 30 )
4 36 ( 4 35 9 47 36 ) ( 4 46 42 28 36 )
24 71 ( 24 48 71 ) ( 24 42 71 )
49 47 ( 49 47 ) ( 49 5 7 73 47 )
13 38 ( 13 38 ) ( 13 23 28 70 38 )
27 65 ( 27 20 50 65 ) ( 27 66 65 )
24 17 ( 24 17 ) ( 24 8 53 17 )
57 16 ( 57 34 16 ) ( 57 18 16 )
30 42 ( 30 42 ) ( 30 1 24 42 )
58 20 ( 58 73 54 20 ) ( 58 64 55 20 )
24 51 ( 24 51 ) ( 24 49 41 51 )
32 28 ( 32 54 12 28 ) ( 32 2 5 15 28 )
49 56 ( 49 0 24 56 ) ( 49 20 56 )
52 68 ( 52 68 ) ( 52 53 70 68 )
52 25 ( 52 12 40 66 25 ) ( 52 54 25 )
15 56 ( 15 59 74 18 56 ) ( 15 44 39 56 )
44 75 ( 44 47 52 79 75 ) ( 44 74 25 69 75 )
47 51 ( 47 21 48 37 51 ) ( 47 13 69 53 51 )
32 48 ( 32 43 11 48 ) ( 32 46 2 48 )
56 41 ( 56 9 39 40 41 ) ( 56 3 65 41 )
30 51 ( 30 33 51 ) ( 30 19 51 )
32 1 ( 32 65 46 1 ) ( 32 35 38 1 )
79 4 ( 79 4 ) ( 79 47 17 4 )
17 50 ( 17 37 35 68 50 ) ( 17 76 75 71 50 )
61 26 ( 61 38 75 26 ) ( 61 37 26 )
70 77 ( 70 77 ) ( 70 61 20 77 )
60 77 ( 60 44 77 ) ( 60 49 15 77 )
38 28 ( 38 16 48 28 ) ( 38 69 8 29 28 )
15 51 ( 15 47 4 51 ) ( 15 44 45 19 51 )
1 27 ( 1 27 ) ( 1 48 61 70 27 )
74 13 ( 74 51 13 ) ( 74 77 12 13 )
23 70 ( 23 59 70 ) ( 23 38 21 75 70 )
9 69 ( 9 73 14 69 ) ( 9 22 13 16 69 )
50 14 ( 50 14 ) ( 50 75 14 )
1 12 ( 1 12 ) ( 1 51 73 12 )
8 49 ( 8 49 ) ( 8 39 34 49 )
23 19 ( 23 15 2 34 19 ) ( 23 65 60 19 )
28 79 ( 28 79 ) ( 28 16 52 79 )
55 26 ( 55 27 4 61 26 ) ( 55 64 54 26 )
25 60 ( 25 15 60 ) ( 25 47 4 8 60 )
10 47 ( 10 47 ) ( 10 75 4 74 47 )
37 20 ( 37 46 38 20 ) ( 37 65 20 )
74 42 ( 74 18 21 42 ) ( 74 50 43 1 42 )
74 27 ( 74 27 ) ( 74 32 24 27 )
54 51 ( 54 56 51 ) ( 54 26 51 )
17 60 ( 17 1 60 ) ( 17 68 48 25 60 )
53 42 ( 53 20 5 41 42 ) ( 53 71 42 )
48 42 ( 48 58 27 28 42 ) ( 48 3 1 0 42 )
38 23 ( 38 40 37 23 ) ( 38 6 15 73 23 )
3 6 ( 3 6 ) ( 3 48 7 76 6 )
69 13 ( 69 0 13 ) ( 69 46 58 59 13 )
73 7 ( 73 8 21 19 7 ) ( 73 64 59 22 7 )
13 75 ( 13 78 27 55 75 ) ( 13 36 75 )
34 52 ( 34 10 52 ) ( 34 6 30 52 )
10 52 ( 10 52 ) ( 10 46 16 53 52 )
42 24 ( 42 9 3 41 24 ) ( 42 16 36 12 24 )
24 34 ( 24 34 ) ( 24 10 36 34 )
6 54 ( 6 5 3 42 54 ) ( 6 14 74 8 54 )
56 43 ( 56 46 43 ) ( 56 73 17 29 43 )
64 30 ( 64 66 57 30 ) ( 64 50 41 49 30 )
40 46 ( 40 60 47 46 ) ( 40 11 46 )
11 15 ( 11 58 14 53 15 ) ( 11 25 8 71 15 )
8 38 ( 8 23 38 ) ( 8 52 38 )
75 17 ( 75 74 11 17 ) ( 75 23 44 51 17 )
69 18 ( 69 66 65 18 ) ( 69 61 2 18 )
61 22 ( 61 22 ) ( 61 13 14 28 22 )
35 30 ( 35 26 69 30 ) ( 35 48 30 )
8 64 ( 8 29 21 64 ) ( 8 47 5 64 )
34 70 ( 34 37 23 70 ) ( 34 17 19 70 )
46 24 ( 46 24 ) ( 46 38 15 68 24 )
10 23 ( 10 23 ) ( 10 64 23 )
52 55 ( 52 55 ) ( 52 76 55 )
9 68 ( 9 68 ) ( 9 42 53 37 68 )
66 71 ( 66 15 12 71 ) ( 66 53 25 71 )
27 42 ( 27 57 42 ) ( 27 36 43 42 )
0 21 ( 0 21 ) ( 0 35 18 52 21 )
17 27 ( 17 4 7 27 ) ( 17 64 70 27 )
78 41 ( 78 28 41 ) ( 78 35 41 )
68 54 ( 68 11 34 8 54 ) ( 68 48 77 54 )
8 69 ( 8 69 ) ( 8 25 36 42 69 )
59 77 ( 59 1 4 71 77 ) ( 59 3 77 )
33 14 ( 33 14 ) ( 33 49 5 36 14 )
32 36 ( 32 45 16 36 ) ( 32 64 53 5 36 )
77 38 ( 77 74 38 ) ( 77 73 8 38 )
70 15 ( 70 7 65 77 15 ) ( 70 40 0 22 15 )
50 20 ( 50 57 28 20 ) ( 50 69 20 )
22 44 ( 22 49 51 44 ) ( 22 34 0 79 44 )
29 74 ( 29 74 ) ( 29 64 74 )
23 14 ( 23 0 55 14 ) ( 23 71 70 14 )
14 51 ( 14 51 ) ( 14 54 69 22 51 )
43 12 ( 43 9 36 68 12 ) ( 43 30 12 )
76 13 ( 76 13 ) ( 76 28 13 )
73 50 ( 73 41 50 ) ( 73 30 40 50 )
55 1 ( 55 41 71 1 ) ( 55 19 54 1 )
57 37 ( 57 26 51 14 37 ) ( 57 19 37 )
1 11 ( 1 30 11 ) ( 1 10 11 )
59 42 ( 59 17 43 42 ) ( 59 71 42 )
18 33 ( 18 7 37 33 ) ( 18 75 70 33 )
51 21 ( 51 21 ) ( 51 35 21 )
36 24 ( 36 41 77 24 ) ( 36 52 51 78 24 )
41 25 ( 41 69 42 25 ) ( 41 46 7 76 25 )
25 46 ( 25 46 ) ( 25 41 73 34 46 )

EOF