DIMENSIONS
85 sommetsG2
80 sommetsG1
40 dem

SOMMETS
0  N0  C  155.42  150.65
1  N1  C  375.92  164.65
2  N2  C  183.92  150.65
3  N3  C  205.42  150.65
4  N4  C  205.42  171.65
5  N5  C  226.42  171.65
6  N6  C  226.42  186.15
7  N7  C  226.42  207.15
8  N8  C  226.42  235.65
9  N9  C  226.42  264.15
10  N10  C  226.42  292.65
11  N11  C  226.42  314.15
12  N12  C  226.42  335.65
13  N13  C  205.42  335.65
14  N14  C  190.92  335.65
15  N15  C  190.92  328.15
16  N16  C  176.92  328.15
17  N17  C  176.92  299.65
18  N18  C  155.42  299.65
19  N19  C  155.42  328.15
20  N20  C  155.42  356.65
21  N21  C  183.92  356.65
22  N22  C  219.42  356.65
23  N23  C  240.92  356.65
24  N24  C  269.42  356.65
25  N25  C  290.42  356.65
26  N26  C  387.42  136.15
27  N27  C  318.92  356.65
28  N28  C  318.92  335.65
29  N29  C  318.92  328.15
30  N30  C  318.92  299.65
31  N31  C  297.92  299.65
32  N32  C  290.42  328.15
33  N33  T  290.42  335.65
34  N34  C  297.92  328.15
35  N35  C  254.92  335.65
36  N36  C  254.92  314.15
37  N37  C  254.92  292.65
38  N38  C  254.92  271.65
39  N39  C  254.92  243.15
40  N40  C  254.92  221.65
41  N41  C  254.92  193.15
42  N42  C  254.92  171.65
43  N43  C  276.42  171.65
44  N44  C  296.42  150.65
45  N45  C  276.42  150.65
46  N46  C  375.92  150.65
47  N47  C  308.92  150.65
48  N48  C  354.92  164.65
49  N49  C  338.42  174.65
50  N50  C  354.92  174.65
51  N51  C  338.42  200.15
52  N52  C  338.42  221.65
53  N53  C  354.92  221.65
54  N54  C  354.92  200.15
55  N55  C  361.92  200.15
56  N56  C  361.92  186.15
57  N57  C  383.42  186.15
58  N58  C  383.42  179.15
59  N59  C  404.42  179.15
60  N60  C  404.42  186.15
61  N61  C  418.92  186.15
62  N62  C  418.92  200.15
63  N63  C  432.92  200.15
64  N64  C  432.92  221.65
65  N65  C  418.92  221.65
66  N66  T  418.92  235.65
67  N67  T  397.42  235.65
68  N68  C  397.42  243.15
69  N69  C  375.92  243.15
70  N70  C  375.92  257.15
71  N71  T  368.92  257.15
72  N72  C  368.92  264.15
73  N73  C  347.42  264.15
74  N74  C  347.42  278.65
75  N75  C  336.42  278.65
76  N76  C  336.42  328.15
77  N77  T  347.42  328.15
78  N78  C  347.42  342.65
79  N79  C  368.92  342.65
80  N80  C  368.92  353.65
81  N81  C  418.92  353.65
82  N82  C  418.92  342.65
83  N83  C  432.92  342.65
84  N84  C  432.92  356.65

DEMANDES
16 28 ( 16 47 40 53 28 ) ( 16 31 28 )
43 80 ( 43 60 12 51 80 ) ( 43 1 20 80 )
11 68 ( 11 68 ) ( 11 9 84 68 )
18 43 ( 18 25 54 44 43 ) ( 18 41 82 43 )
24 65 ( 24 34 75 65 ) ( 24 29 68 78 65 )
5 80 ( 5 16 56 80 ) ( 5 75 80 )
29 5 ( 29 5 ) ( 29 20 82 5 )
76 72 ( 76 31 72 ) ( 76 64 43 72 )
56 45 ( 56 45 ) ( 56 79 61 45 )
24 62 ( 24 58 14 62 ) ( 24 37 74 62 )
70 28 ( 70 28 ) ( 70 29 58 81 28 )
50 55 ( 50 78 69 58 55 ) ( 50 41 18 55 )
80 78 ( 80 78 ) ( 80 54 36 52 78 )
23 26 ( 23 15 26 ) ( 23 47 26 )
35 14 ( 35 10 42 64 14 ) ( 35 83 14 )
79 58 ( 79 31 58 ) ( 79 25 19 49 58 )
20 12 ( 20 13 63 12 ) ( 20 6 12 )
80 4 ( 80 20 62 4 ) ( 80 55 4 )
82 54 ( 82 11 44 6 54 ) ( 82 5 54 )
17 39 ( 17 64 4 13 39 ) ( 17 84 75 39 )
10 84 ( 10 84 ) ( 10 6 0 78 84 )
50 15 ( 50 15 ) ( 50 69 30 15 )
46 49 ( 46 8 49 ) ( 46 45 64 25 49 )
84 49 ( 84 53 3 63 49 ) ( 84 70 78 74 49 )
70 83 ( 70 56 42 83 ) ( 70 13 75 6 83 )
55 21 ( 55 59 26 21 ) ( 55 27 21 )
19 6 ( 19 55 43 6 ) ( 19 82 6 )
23 46 ( 23 40 50 46 ) ( 23 80 46 )
38 28 ( 38 0 29 50 28 ) ( 38 70 19 28 )
57 41 ( 57 60 41 ) ( 57 15 41 )
52 3 ( 52 57 3 ) ( 52 54 29 15 3 )
51 53 ( 51 62 17 53 ) ( 51 78 53 )
58 55 ( 58 7 55 ) ( 58 22 74 55 )
58 7 ( 58 7 ) ( 58 49 50 7 )
56 24 ( 56 28 16 83 24 ) ( 56 0 24 )
15 37 ( 15 65 59 10 37 ) ( 15 58 32 80 37 )
73 17 ( 73 25 76 74 17 ) ( 73 42 48 17 )
13 23 ( 13 39 72 42 23 ) ( 13 24 15 23 )
58 61 ( 58 61 ) ( 58 41 15 61 )
18 42 ( 18 42 ) ( 18 30 42 )

EOF