DIMENSIONS
90 sommetsG2
85 sommetsG1
95 dem

SOMMETS
0  N0  C  155.42  150.65
1  N1  C  375.92  164.65
2  N2  C  183.92  150.65
3  N3  C  205.42  150.65
4  N4  C  205.42  171.65
5  N5  C  226.42  171.65
6  N6  C  226.42  186.15
7  N7  C  226.42  207.15
8  N8  C  226.42  235.65
9  N9  C  226.42  264.15
10  N10  C  226.42  292.65
11  N11  C  226.42  314.15
12  N12  C  226.42  335.65
13  N13  C  205.42  335.65
14  N14  C  190.92  335.65
15  N15  C  190.92  328.15
16  N16  C  176.92  328.15
17  N17  C  176.92  299.65
18  N18  C  155.42  299.65
19  N19  C  155.42  328.15
20  N20  C  155.42  356.65
21  N21  C  183.92  356.65
22  N22  C  219.42  356.65
23  N23  C  240.92  356.65
24  N24  C  269.42  356.65
25  N25  C  290.42  356.65
26  N26  C  387.42  136.15
27  N27  C  318.92  356.65
28  N28  C  318.92  335.65
29  N29  C  318.92  328.15
30  N30  C  318.92  299.65
31  N31  C  297.92  299.65
32  N32  C  290.42  328.15
33  N33  C  290.42  335.65
34  N34  C  297.92  328.15
35  N35  T  254.92  335.65
36  N36  C  254.92  314.15
37  N37  C  254.92  292.65
38  N38  C  254.92  271.65
39  N39  C  254.92  243.15
40  N40  C  254.92  221.65
41  N41  C  254.92  193.15
42  N42  C  254.92  171.65
43  N43  C  276.42  171.65
44  N44  C  296.42  150.65
45  N45  C  276.42  150.65
46  N46  C  375.92  150.65
47  N47  C  308.92  150.65
48  N48  C  354.92  164.65
49  N49  C  338.42  174.65
50  N50  C  354.92  174.65
51  N51  C  338.42  200.15
52  N52  C  338.42  221.65
53  N53  C  354.92  221.65
54  N54  C  354.92  200.15
55  N55  C  361.92  200.15
56  N56  C  361.92  186.15
57  N57  C  383.42  186.15
58  N58  C  383.42  179.15
59  N59  C  404.42  179.15
60  N60  C  404.42  186.15
61  N61  C  418.92  186.15
62  N62  C  418.92  200.15
63  N63  C  432.92  200.15
64  N64  C  432.92  221.65
65  N65  C  418.92  221.65
66  N66  C  418.92  235.65
67  N67  C  397.42  235.65
68  N68  C  397.42  243.15
69  N69  C  375.92  243.15
70  N70  T  375.92  257.15
71  N71  T  368.92  257.15
72  N72  C  368.92  264.15
73  N73  C  347.42  264.15
74  N74  C  347.42  278.65
75  N75  T  336.42  278.65
76  N76  C  336.42  328.15
77  N77  C  347.42  328.15
78  N78  C  347.42  342.65
79  N79  C  368.92  342.65
80  N80  C  368.92  353.65
81  N81  C  418.92  353.65
82  N82  T  418.92  342.65
83  N83  C  432.92  342.65
84  N84  C  432.92  356.65
85  N85  C  447.42  356.65
86  N86  C  447.42  321.15
87  N87  C  447.42  292.65
88  N88  C  432.92  292.65
89  N89  C  432.92  314.15

DEMANDES
17 30 ( 17 49 42 56 30 ) ( 17 32 30 )
46 85 ( 46 64 12 54 85 ) ( 46 1 21 85 )
12 72 ( 12 72 ) ( 12 11 9 72 )
89 19 ( 89 55 26 19 ) ( 89 57 47 44 19 )
87 26 ( 87 69 36 80 26 ) ( 87 25 31 26 )
72 6 ( 72 7 17 59 6 ) ( 72 80 31 6 )
5 1 ( 5 21 1 ) ( 5 87 1 )
81 76 ( 81 33 76 ) ( 81 68 46 76 )
60 47 ( 60 47 ) ( 60 83 64 47 )
25 66 ( 25 61 14 66 ) ( 25 39 79 66 )
74 29 ( 74 29 ) ( 74 31 61 86 29 )
52 59 ( 52 83 73 61 59 ) ( 52 81 43 59 )
19 85 ( 19 79 57 38 85 ) ( 19 55 85 )
25 27 ( 25 16 27 ) ( 25 24 27 )
50 37 ( 50 37 ) ( 50 9 11 44 37 )
68 88 ( 68 34 67 33 88 ) ( 68 26 20 52 88 )
21 13 ( 21 14 67 13 ) ( 21 6 13 )
85 4 ( 85 21 65 4 ) ( 85 59 4 )
87 57 ( 87 12 46 7 57 ) ( 87 6 57 )
18 41 ( 18 68 4 14 41 ) ( 18 89 80 41 )
11 89 ( 11 89 ) ( 11 6 0 83 89 )
53 16 ( 53 16 ) ( 53 73 32 16 )
49 52 ( 49 8 52 ) ( 49 47 68 27 52 )
89 51 ( 89 56 3 67 51 ) ( 89 74 83 78 51 )
74 88 ( 74 60 44 88 ) ( 74 14 80 6 88 )
58 22 ( 58 63 28 22 ) ( 58 29 22 )
20 6 ( 20 58 45 6 ) ( 20 87 6 )
25 49 ( 25 42 53 49 ) ( 25 84 49 )
40 30 ( 40 0 31 53 30 ) ( 40 74 21 30 )
60 43 ( 60 64 43 ) ( 60 16 43 )
55 3 ( 55 60 3 ) ( 55 57 31 16 3 )
54 56 ( 54 66 18 56 ) ( 54 61 56 )
58 23 ( 58 78 61 23 ) ( 58 8 23 )
10 32 ( 10 59 25 32 ) ( 10 69 29 32 )
17 88 ( 17 88 ) ( 17 29 16 39 88 )
86 68 ( 86 61 34 68 ) ( 86 69 68 )
84 77 ( 84 77 ) ( 84 49 26 81 77 )
81 78 ( 81 14 78 ) ( 81 24 77 78 )
44 41 ( 44 26 16 61 41 ) ( 44 65 12 41 )
54 44 ( 54 16 19 10 44 ) ( 54 12 32 29 44 )
83 81 ( 83 73 44 81 ) ( 83 30 59 54 81 )
23 13 ( 23 13 ) ( 23 58 13 )
32 25 ( 32 38 25 ) ( 32 84 25 )
52 23 ( 52 43 14 23 ) ( 52 79 56 46 23 )
18 50 ( 18 21 50 ) ( 18 29 65 57 50 )
88 30 ( 88 36 0 69 30 ) ( 88 26 30 )
10 77 ( 10 40 88 77 ) ( 10 63 77 )
18 42 ( 18 8 34 27 42 ) ( 18 59 42 )
72 11 ( 72 11 ) ( 72 41 11 )
62 39 ( 62 39 ) ( 62 52 47 39 )
53 32 ( 53 42 32 ) ( 53 15 54 47 32 )
55 53 ( 55 53 ) ( 55 6 8 83 53 )
15 43 ( 15 43 ) ( 15 26 32 79 43 )
30 73 ( 30 23 56 73 ) ( 30 27 73 )
19 17 ( 19 60 64 17 ) ( 19 18 17 )
36 28 ( 36 34 28 ) ( 36 47 28 )
13 49 ( 13 49 ) ( 13 34 27 49 )
66 23 ( 66 61 72 23 ) ( 66 62 28 23 )
58 0 ( 58 55 57 0 ) ( 58 46 36 32 0 )
64 72 ( 64 2 5 72 ) ( 64 61 72 )
16 55 ( 16 0 27 55 ) ( 16 23 58 55 )
77 16 ( 77 79 16 ) ( 77 58 28 14 16 )
45 74 ( 45 17 63 74 ) ( 45 78 49 66 74 )
83 20 ( 83 84 44 49 20 ) ( 83 73 53 20 )
59 89 ( 59 78 53 57 89 ) ( 59 68 89 )
69 23 ( 69 15 77 23 ) ( 69 78 59 23 )
37 55 ( 37 48 13 55 ) ( 37 52 2 55 )
63 46 ( 63 10 44 45 46 ) ( 63 4 73 46 )
34 57 ( 34 37 57 ) ( 34 22 57 )
36 1 ( 36 73 52 1 ) ( 36 40 42 1 )
89 5 ( 89 5 ) ( 89 53 20 5 )
19 56 ( 19 41 39 76 56 ) ( 19 85 80 69 56 )
30 48 ( 30 48 ) ( 30 85 41 48 )
79 87 ( 79 87 ) ( 79 68 81 87 )
23 68 ( 23 36 50 49 68 ) ( 23 55 68 )
17 43 ( 17 18 43 ) ( 17 54 77 43 )
9 33 ( 9 33 ) ( 9 53 60 33 )
53 5 ( 53 21 1 5 ) ( 53 30 0 5 )
83 54 ( 83 15 40 43 54 ) ( 83 57 86 13 54 )
26 79 ( 26 67 79 ) ( 26 42 24 85 79 )
11 77 ( 11 83 16 77 ) ( 11 25 15 18 77 )
56 15 ( 56 15 ) ( 56 85 15 )
1 14 ( 1 14 ) ( 1 58 9 14 )
55 6 ( 55 39 6 ) ( 55 26 21 6 )
50 17 ( 50 17 ) ( 50 73 67 17 )
32 89 ( 32 89 ) ( 32 18 59 89 )
62 29 ( 62 30 4 69 29 ) ( 62 72 61 29 )
81 28 ( 81 72 17 53 28 ) ( 81 4 28 )
9 14 ( 9 14 ) ( 9 53 14 )
5 80 ( 5 83 42 23 80 ) ( 5 52 80 )
15 52 ( 15 83 52 ) ( 15 47 65 20 52 )
23 57 ( 23 83 31 57 ) ( 23 18 57 )
47 36 ( 47 58 36 ) ( 47 39 24 63 36 )
29 19 ( 29 61 1 76 19 ) ( 29 54 19 )
28 60 ( 28 22 23 60 ) ( 28 6 46 80 60 )

EOF